-0.507514 0.097964 1.084297 8
-0.809017 -0.587785 1.061907 13
-0.206011 -0.391857 1.100239 12
-0.507514 0.097964 1.084297 8
-1.000000 -0.000000 1.064688 9
-0.809017 -0.587785 1.061907 13
0.333333 -0.000000 1.175557 7
-0.507514 0.097964 1.084297 8
-0.206011 -0.391857 1.100239 12
0.012158 0.475528 1.114318 4
-0.809017 0.587785 1.058656 5
-0.507514 0.097964 1.084297 8
0.333333 -0.000000 1.175557 7
0.012158 0.475528 1.114318 4
-0.507514 0.097964 1.084297 8
0.012158 0.475528 1.114318 4
0.309017 0.951057 1.105043 1
-0.309017 0.951057 1.077453 2
0.012158 0.475528 1.114318 4
0.333333 -0.000000 1.175557 7
0.809017 0.587785 1.165504 3
-0.809017 0.587785 1.058656 5
0.012158 0.475528 1.114318 4
-0.309017 0.951057 1.077453 2
-0.809017 0.587785 1.058656 5
-1.000000 -0.000000 1.064688 9
-0.507514 0.097964 1.084297 8
-0.309017 -0.951057 1.073192 15
0.309017 -0.951057 1.101573 14
-0.206011 -0.391857 1.100239 12
0.321175 -0.475528 1.138407 11
0.809017 -0.587785 1.162645 10
0.333333 -0.000000 1.175557 7
0.333333 -0.000000 1.175557 7
0.809017 -0.587785 1.162645 10
1.000000 0.000000 1.197296 6
0.321175 -0.475528 1.138407 11
-0.206011 -0.391857 1.100239 12
0.309017 -0.951057 1.101573 14
0.809017 -0.587785 1.162645 10
0.321175 -0.475528 1.138407 11
0.309017 -0.951057 1.101573 14
0.333333 -0.000000 1.175557 7
-0.206011 -0.391857 1.100239 12
0.321175 -0.475528 1.138407 11
0.809017 0.587785 1.165504 3
0.333333 -0.000000 1.175557 7
1.000000 0.000000 1.197296 6
0.809017 0.587785 1.165504 3
0.309017 0.951057 1.105043 1
0.012158 0.475528 1.114318 4
-0.809017 -0.587785 1.061907 13
-0.309017 -0.951057 1.073192 15
-0.206011 -0.391857 1.100239 12
