-0.507514 0.097964 0.368309 8
-0.809017 -0.587785 0.325829 13
-0.206011 -0.391857 0.388052 12
-0.507514 0.097964 0.368309 8
-1.000000 -0.000000 0.338022 9
-0.809017 -0.587785 0.325829 13
0.333333 -0.000000 0.579583 7
-0.507514 0.097964 0.368309 8
-0.206011 -0.391857 0.388052 12
0.012158 0.475528 0.404570 4
-0.809017 0.587785 0.319729 5
-0.507514 0.097964 0.368309 8
0.333333 -0.000000 0.579583 7
0.012158 0.475528 0.404570 4
-0.507514 0.097964 0.368309 8
0.012158 0.475528 0.404570 4
0.309017 0.951057 0.333659 1
-0.309017 0.951057 0.334153 2
0.012158 0.475528 0.404570 4
0.333333 -0.000000 0.579583 7
0.809017 0.587785 0.420458 3
-0.809017 0.587785 0.319729 5
0.012158 0.475528 0.404570 4
-0.309017 0.951057 0.334153 2
-0.809017 0.587785 0.319729 5
-1.000000 -0.000000 0.338022 9
-0.507514 0.097964 0.368309 8
-0.309017 -0.951057 0.331683 15
0.309017 -0.951057 0.333425 14
-0.206011 -0.391857 0.388052 12
0.321175 -0.475528 0.431807 11
0.809017 -0.587785 0.408063 10
0.333333 -0.000000 0.579583 7
0.333333 -0.000000 0.579583 7
0.809017 -0.587785 0.408063 10
1.000000 0.000000 0.484910 6
0.321175 -0.475528 0.431807 11
-0.206011 -0.391857 0.388052 12
0.309017 -0.951057 0.333425 14
0.809017 -0.587785 0.408063 10
0.321175 -0.475528 0.431807 11
0.309017 -0.951057 0.333425 14
0.333333 -0.000000 0.579583 7
-0.206011 -0.391857 0.388052 12
0.321175 -0.475528 0.431807 11
0.809017 0.587785 0.420458 3
0.333333 -0.000000 0.579583 7
1.000000 0.000000 0.484910 6
0.809017 0.587785 0.420458 3
0.309017 0.951057 0.333659 1
0.012158 0.475528 0.404570 4
-0.809017 -0.587785 0.325829 13
-0.309017 -0.951057 0.331683 15
-0.206011 -0.391857 0.388052 12
