-0.507514 0.097964 0.598540 8
-0.809017 -0.587785 0.560060 13
-0.206011 -0.391857 0.617288 12
-0.507514 0.097964 0.598540 8
-1.000000 -0.000000 0.568364 9
-0.809017 -0.587785 0.560060 13
0.333333 -0.000000 0.745009 7
-0.507514 0.097964 0.598540 8
-0.206011 -0.391857 0.617288 12
0.012158 0.475528 0.631697 4
-0.809017 0.587785 0.555089 5
-0.507514 0.097964 0.598540 8
0.333333 -0.000000 0.745009 7
0.012158 0.475528 0.631697 4
-0.507514 0.097964 0.598540 8
0.012158 0.475528 0.631697 4
0.309017 0.951057 0.585972 1
-0.309017 0.951057 0.571453 2
0.012158 0.475528 0.631697 4
0.333333 -0.000000 0.745009 7
0.809017 0.587785 0.667903 3
-0.809017 0.587785 0.555089 5
0.012158 0.475528 0.631697 4
-0.309017 0.951057 0.571453 2
-0.809017 0.587785 0.555089 5
-1.000000 -0.000000 0.568364 9
-0.507514 0.097964 0.598540 8
-0.309017 -0.951057 0.566669 15
0.309017 -0.951057 0.583896 14
-0.206011 -0.391857 0.617288 12
0.321175 -0.475528 0.657069 11
0.809017 -0.587785 0.661252 10
0.333333 -0.000000 0.745009 7
0.333333 -0.000000 0.745009 7
0.809017 -0.587785 0.661252 10
1.000000 0.000000 0.722473 6
0.321175 -0.475528 0.657069 11
-0.206011 -0.391857 0.617288 12
0.309017 -0.951057 0.583896 14
0.809017 -0.587785 0.661252 10
0.321175 -0.475528 0.657069 11
0.309017 -0.951057 0.583896 14
0.333333 -0.000000 0.745009 7
-0.206011 -0.391857 0.617288 12
0.321175 -0.475528 0.657069 11
0.809017 0.587785 0.667903 3
0.333333 -0.000000 0.745009 7
1.000000 0.000000 0.722473 6
0.809017 0.587785 0.667903 3
0.309017 0.951057 0.585972 1
0.012158 0.475528 0.631697 4
-0.809017 -0.587785 0.560060 13
-0.309017 -0.951057 0.566669 15
-0.206011 -0.391857 0.617288 12
