-0.507514 0.097964 1.407859 8
-0.809017 -0.587785 1.392609 13
-0.206011 -0.391857 1.423108 12
-0.507514 0.097964 1.407859 8
-1.000000 -0.000000 1.393116 9
-0.809017 -0.587785 1.392609 13
0.333333 -0.000000 1.482767 7
-0.507514 0.097964 1.407859 8
-0.206011 -0.391857 1.423108 12
0.012158 0.475528 1.437213 4
-0.809017 0.587785 1.390067 5
-0.507514 0.097964 1.407859 8
0.333333 -0.000000 1.482767 7
0.012158 0.475528 1.437213 4
-0.507514 0.097964 1.407859 8
0.012158 0.475528 1.437213 4
0.309017 0.951057 1.437841 1
-0.309017 0.951057 1.409873 2
0.012158 0.475528 1.437213 4
0.333333 -0.000000 1.482767 7
0.809017 0.587785 1.486951 3
-0.809017 0.587785 1.390067 5
0.012158 0.475528 1.437213 4
-0.309017 0.951057 1.409873 2
-0.809017 0.587785 1.390067 5
-1.000000 -0.000000 1.393116 9
-0.507514 0.097964 1.407859 8
-0.309017 -0.951057 1.405994 15
0.309017 -0.951057 1.435145 14
-0.206011 -0.391857 1.423108 12
0.321175 -0.475528 1.459446 11
0.809017 -0.587785 1.484521 10
0.333333 -0.000000 1.482767 7
0.333333 -0.000000 1.482767 7
0.809017 -0.587785 1.484521 10
1.000000 0.000000 1.509208 6
0.321175 -0.475528 1.459446 11
-0.206011 -0.391857 1.423108 12
0.309017 -0.951057 1.435145 14
0.809017 -0.587785 1.484521 10
0.321175 -0.475528 1.459446 11
0.309017 -0.951057 1.435145 14
0.333333 -0.000000 1.482767 7
-0.206011 -0.391857 1.423108 12
0.321175 -0.475528 1.459446 11
0.809017 0.587785 1.486951 3
0.333333 -0.000000 1.482767 7
1.000000 0.000000 1.509208 6
0.809017 0.587785 1.486951 3
0.309017 0.951057 1.437841 1
0.012158 0.475528 1.437213 4
-0.809017 -0.587785 1.392609 13
-0.309017 -0.951057 1.405994 15
-0.206011 -0.391857 1.423108 12
