-0.507514 0.097964 2.324278 8
-0.809017 -0.587785 2.317535 13
-0.206011 -0.391857 2.337587 12
-0.507514 0.097964 2.324278 8
-1.000000 -0.000000 2.315038 9
-0.809017 -0.587785 2.317535 13
0.333333 -0.000000 2.374089 7
-0.507514 0.097964 2.324278 8
-0.206011 -0.391857 2.337587 12
0.012158 0.475528 2.349656 4
-0.809017 0.587785 2.316419 5
-0.507514 0.097964 2.324278 8
0.333333 -0.000000 2.374089 7
0.012158 0.475528 2.349656 4
-0.507514 0.097964 2.324278 8
0.012158 0.475528 2.349656 4
0.309017 0.951057 2.356994 1
-0.309017 0.951057 2.335434 2
0.012158 0.475528 2.349656 4
0.333333 -0.000000 2.374089 7
0.809017 0.587785 2.385643 3
-0.809017 0.587785 2.316419 5
0.012158 0.475528 2.349656 4
-0.309017 0.951057 2.335434 2
-0.809017 0.587785 2.316419 5
-1.000000 -0.000000 2.315038 9
-0.507514 0.097964 2.324278 8
-0.309017 -0.951057 2.332188 15
0.309017 -0.951057 2.356169 14
-0.206011 -0.391857 2.337587 12
0.321175 -0.475528 2.365447 11
0.809017 -0.587785 2.383754 10
0.333333 -0.000000 2.374089 7
0.333333 -0.000000 2.374089 7
0.809017 -0.587785 2.383754 10
1.000000 0.000000 2.395159 6
0.321175 -0.475528 2.365447 11
-0.206011 -0.391857 2.337587 12
0.309017 -0.951057 2.356169 14
0.809017 -0.587785 2.383754 10
0.321175 -0.475528 2.365447 11
0.309017 -0.951057 2.356169 14
0.333333 -0.000000 2.374089 7
-0.206011 -0.391857 2.337587 12
0.321175 -0.475528 2.365447 11
0.809017 0.587785 2.385643 3
0.333333 -0.000000 2.374089 7
1.000000 0.000000 2.395159 6
0.809017 0.587785 2.385643 3
0.309017 0.951057 2.356994 1
0.012158 0.475528 2.349656 4
-0.809017 -0.587785 2.317535 13
-0.309017 -0.951057 2.332188 15
-0.206011 -0.391857 2.337587 12
