-0.507514 0.097964 2.190740 8
-0.809017 -0.587785 2.183336 13
-0.206011 -0.391857 2.204407 12
-0.507514 0.097964 2.190740 8
-1.000000 -0.000000 2.181046 9
-0.809017 -0.587785 2.183336 13
0.333333 -0.000000 2.243304 7
-0.507514 0.097964 2.190740 8
-0.206011 -0.391857 2.204407 12
0.012158 0.475528 2.216884 4
-0.809017 0.587785 2.182063 5
-0.507514 0.097964 2.190740 8
0.333333 -0.000000 2.243304 7
0.012158 0.475528 2.216884 4
-0.507514 0.097964 2.190740 8
0.012158 0.475528 2.216884 4
0.309017 0.951057 2.224067 1
-0.309017 0.951057 2.201459 2
0.012158 0.475528 2.216884 4
0.333333 -0.000000 2.243304 7
0.809017 0.587785 2.254917 3
-0.809017 0.587785 2.182063 5
0.012158 0.475528 2.216884 4
-0.309017 0.951057 2.201459 2
-0.809017 0.587785 2.182063 5
-1.000000 -0.000000 2.181046 9
-0.507514 0.097964 2.190740 8
-0.309017 -0.951057 2.198121 15
0.309017 -0.951057 2.223077 14
-0.206011 -0.391857 2.204407 12
0.321175 -0.475528 2.233556 11
0.809017 -0.587785 2.252943 10
0.333333 -0.000000 2.243304 7
0.333333 -0.000000 2.243304 7
0.809017 -0.587785 2.252943 10
1.000000 0.000000 2.265530 6
0.321175 -0.475528 2.233556 11
-0.206011 -0.391857 2.204407 12
0.309017 -0.951057 2.223077 14
0.809017 -0.587785 2.252943 10
0.321175 -0.475528 2.233556 11
0.309017 -0.951057 2.223077 14
0.333333 -0.000000 2.243304 7
-0.206011 -0.391857 2.204407 12
0.321175 -0.475528 2.233556 11
0.809017 0.587785 2.254917 3
0.333333 -0.000000 2.243304 7
1.000000 0.000000 2.265530 6
0.809017 0.587785 2.254917 3
0.309017 0.951057 2.224067 1
0.012158 0.475528 2.216884 4
-0.809017 -0.587785 2.183336 13
-0.309017 -0.951057 2.198121 15
-0.206011 -0.391857 2.204407 12
