-0.507514 0.097964 1.162949 8
-0.809017 -0.587785 1.142607 13
-0.206011 -0.391857 1.178680 12
-0.507514 0.097964 1.162949 8
-1.000000 -0.000000 1.144759 9
-0.809017 -0.587785 1.142607 13
0.333333 -0.000000 1.249466 7
-0.507514 0.097964 1.162949 8
-0.206011 -0.391857 1.178680 12
0.012158 0.475528 1.192805 4
-0.809017 0.587785 1.139544 5
-0.507514 0.097964 1.162949 8
0.333333 -0.000000 1.249466 7
0.012158 0.475528 1.192805 4
-0.507514 0.097964 1.162949 8
0.012158 0.475528 1.192805 4
0.309017 0.951057 1.186674 1
-0.309017 0.951057 1.158647 2
0.012158 0.475528 1.192805 4
0.333333 -0.000000 1.249466 7
0.809017 0.587785 1.244113 3
-0.809017 0.587785 1.139544 5
0.012158 0.475528 1.192805 4
-0.309017 0.951057 1.158647 2
-0.809017 0.587785 1.139544 5
-1.000000 -0.000000 1.144759 9
-0.507514 0.097964 1.162949 8
-0.309017 -0.951057 1.154501 15
0.309017 -0.951057 1.183346 14
-0.206011 -0.391857 1.178680 12
0.321175 -0.475528 1.216515 11
0.809017 -0.587785 1.241412 10
0.333333 -0.000000 1.249466 7
0.333333 -0.000000 1.249466 7
0.809017 -0.587785 1.241412 10
1.000000 0.000000 1.273202 6
0.321175 -0.475528 1.216515 11
-0.206011 -0.391857 1.178680 12
0.309017 -0.951057 1.183346 14
0.809017 -0.587785 1.241412 10
0.321175 -0.475528 1.216515 11
0.309017 -0.951057 1.183346 14
0.333333 -0.000000 1.249466 7
-0.206011 -0.391857 1.178680 12
0.321175 -0.475528 1.216515 11
0.809017 0.587785 1.244113 3
0.333333 -0.000000 1.249466 7
1.000000 0.000000 1.273202 6
0.809017 0.587785 1.244113 3
0.309017 0.951057 1.186674 1
0.012158 0.475528 1.192805 4
-0.809017 -0.587785 1.142607 13
-0.309017 -0.951057 1.154501 15
-0.206011 -0.391857 1.178680 12
