-0.507514 0.097964 0.526570 8
-0.809017 -0.587785 0.486017 13
-0.206011 -0.391857 0.545886 12
-0.507514 0.097964 0.526570 8
-1.000000 -0.000000 0.495488 9
-0.809017 -0.587785 0.486017 13
0.333333 -0.000000 0.688742 7
-0.507514 0.097964 0.526570 8
-0.206011 -0.391857 0.545886 12
0.012158 0.475528 0.560753 4
-0.809017 0.587785 0.480678 5
-0.507514 0.097964 0.526570 8
0.333333 -0.000000 0.688742 7
0.012158 0.475528 0.560753 4
-0.507514 0.097964 0.526570 8
0.012158 0.475528 0.560753 4
0.309017 0.951057 0.506950 1
-0.309017 0.951057 0.496575 2
0.012158 0.475528 0.560753 4
0.333333 -0.000000 0.688742 7
0.809017 0.587785 0.591597 3
-0.809017 0.587785 0.480678 5
0.012158 0.475528 0.560753 4
-0.309017 0.951057 0.496575 2
-0.809017 0.587785 0.480678 5
-1.000000 -0.000000 0.495488 9
-0.507514 0.097964 0.526570 8
-0.309017 -0.951057 0.492095 15
0.309017 -0.951057 0.505504 14
-0.206011 -0.391857 0.545886 12
0.321175 -0.475528 0.586448 11
0.809017 -0.587785 0.583520 10
0.333333 -0.000000 0.688742 7
0.333333 -0.000000 0.688742 7
0.809017 -0.587785 0.583520 10
1.000000 0.000000 0.649925 6
0.321175 -0.475528 0.586448 11
-0.206011 -0.391857 0.545886 12
0.309017 -0.951057 0.505504 14
0.809017 -0.587785 0.583520 10
0.321175 -0.475528 0.586448 11
0.309017 -0.951057 0.505504 14
0.333333 -0.000000 0.688742 7
-0.206011 -0.391857 0.545886 12
0.321175 -0.475528 0.586448 11
0.809017 0.587785 0.591597 3
0.333333 -0.000000 0.688742 7
1.000000 0.000000 0.649925 6
0.809017 0.587785 0.591597 3
0.309017 0.951057 0.506950 1
0.012158 0.475528 0.560753 4
-0.809017 -0.587785 0.486017 13
-0.309017 -0.951057 0.492095 15
-0.206011 -0.391857 0.545886 12
