-0.507514 0.097964 2.368792 8
-0.809017 -0.587785 2.362248 13
-0.206011 -0.391857 2.381978 12
-0.507514 0.097964 2.368792 8
-1.000000 -0.000000 2.359694 9
-0.809017 -0.587785 2.362248 13
0.333333 -0.000000 2.417728 7
-0.507514 0.097964 2.368792 8
-0.206011 -0.391857 2.381978 12
0.012158 0.475528 2.393907 4
-0.809017 0.587785 2.361179 5
-0.507514 0.097964 2.368792 8
0.333333 -0.000000 2.417728 7
0.012158 0.475528 2.393907 4
-0.507514 0.097964 2.368792 8
0.012158 0.475528 2.393907 4
0.309017 0.951057 2.401270 1
-0.309017 0.951057 2.380054 2
0.012158 0.475528 2.393907 4
0.333333 -0.000000 2.417728 7
0.809017 0.587785 2.429230 3
-0.809017 0.587785 2.361179 5
0.012158 0.475528 2.393907 4
-0.309017 0.951057 2.380054 2
-0.809017 0.587785 2.361179 5
-1.000000 -0.000000 2.359694 9
-0.507514 0.097964 2.368792 8
-0.309017 -0.951057 2.376840 15
0.309017 -0.951057 2.400493 14
-0.206011 -0.391857 2.381978 12
0.321175 -0.475528 2.409413 11
0.809017 -0.587785 2.427369 10
0.333333 -0.000000 2.417728 7
0.333333 -0.000000 2.417728 7
0.809017 -0.587785 2.427369 10
1.000000 0.000000 2.438415 6
0.321175 -0.475528 2.409413 11
-0.206011 -0.391857 2.381978 12
0.309017 -0.951057 2.400493 14
0.809017 -0.587785 2.427369 10
0.321175 -0.475528 2.409413 11
0.309017 -0.951057 2.400493 14
0.333333 -0.000000 2.417728 7
-0.206011 -0.391857 2.381978 12
0.321175 -0.475528 2.409413 11
0.809017 0.587785 2.429230 3
0.333333 -0.000000 2.417728 7
1.000000 0.000000 2.438415 6
0.809017 0.587785 2.429230 3
0.309017 0.951057 2.401270 1
0.012158 0.475528 2.393907 4
-0.809017 -0.587785 2.362248 13
-0.309017 -0.951057 2.376840 15
-0.206011 -0.391857 2.381978 12
