-0.507514 0.097964 2.167249 8
-0.809017 -0.587785 2.159716 13
-0.206011 -0.391857 2.180976 12
-0.507514 0.097964 2.167249 8
-1.000000 -0.000000 2.157468 9
-0.809017 -0.587785 2.159716 13
0.333333 -0.000000 2.220318 7
-0.507514 0.097964 2.167249 8
-0.206011 -0.391857 2.180976 12
0.012158 0.475528 2.193524 4
-0.809017 0.587785 2.158414 5
-0.507514 0.097964 2.167249 8
0.333333 -0.000000 2.220318 7
0.012158 0.475528 2.193524 4
-0.507514 0.097964 2.167249 8
0.012158 0.475528 2.193524 4
0.309017 0.951057 2.200664 1
-0.309017 0.951057 2.177870 2
0.012158 0.475528 2.193524 4
0.333333 -0.000000 2.220318 7
0.809017 0.587785 2.231923 3
-0.809017 0.587785 2.158414 5
0.012158 0.475528 2.193524 4
-0.309017 0.951057 2.177870 2
-0.809017 0.587785 2.158414 5
-1.000000 -0.000000 2.157468 9
-0.507514 0.097964 2.167249 8
-0.309017 -0.951057 2.174516 15
0.309017 -0.951057 2.199641 14
-0.206011 -0.391857 2.180976 12
0.321175 -0.475528 2.210354 11
0.809017 -0.587785 2.229935 10
0.333333 -0.000000 2.220318 7
0.333333 -0.000000 2.220318 7
0.809017 -0.587785 2.229935 10
1.000000 0.000000 2.242747 6
0.321175 -0.475528 2.210354 11
-0.206011 -0.391857 2.180976 12
0.309017 -0.951057 2.199641 14
0.809017 -0.587785 2.229935 10
0.321175 -0.475528 2.210354 11
0.309017 -0.951057 2.199641 14
0.333333 -0.000000 2.220318 7
-0.206011 -0.391857 2.180976 12
0.321175 -0.475528 2.210354 11
0.809017 0.587785 2.231923 3
0.333333 -0.000000 2.220318 7
1.000000 0.000000 2.242747 6
0.809017 0.587785 2.231923 3
0.309017 0.951057 2.200664 1
0.012158 0.475528 2.193524 4
-0.809017 -0.587785 2.159716 13
-0.309017 -0.951057 2.174516 15
-0.206011 -0.391857 2.180976 12
