-0.507514 0.097964 1.090440 8
-0.809017 -0.587785 1.068218 13
-0.206011 -0.391857 1.106364 12
-0.507514 0.097964 1.090440 8
-1.000000 -0.000000 1.070948 9
-0.809017 -0.587785 1.068218 13
0.333333 -0.000000 1.181306 7
-0.507514 0.097964 1.090440 8
-0.206011 -0.391857 1.106364 12
0.012158 0.475528 1.120448 4
-0.809017 0.587785 1.064982 5
-0.507514 0.097964 1.090440 8
0.333333 -0.000000 1.181306 7
0.012158 0.475528 1.120448 4
-0.507514 0.097964 1.090440 8
0.012158 0.475528 1.120448 4
0.309017 0.951057 1.111439 1
-0.309017 0.951057 1.083804 2
0.012158 0.475528 1.120448 4
0.333333 -0.000000 1.181306 7
0.809017 0.587785 1.171657 3
-0.809017 0.587785 1.064982 5
0.012158 0.475528 1.120448 4
-0.309017 0.951057 1.083804 2
-0.809017 0.587785 1.064982 5
-1.000000 -0.000000 1.070948 9
-0.507514 0.097964 1.090440 8
-0.309017 -0.951057 1.079553 15
0.309017 -0.951057 1.107978 14
-0.206011 -0.391857 1.106364 12
0.321175 -0.475528 1.144509 11
0.809017 -0.587785 1.168813 10
0.333333 -0.000000 1.181306 7
0.333333 -0.000000 1.181306 7
0.809017 -0.587785 1.168813 10
1.000000 0.000000 1.203229 6
0.321175 -0.475528 1.144509 11
-0.206011 -0.391857 1.106364 12
0.309017 -0.951057 1.107978 14
0.809017 -0.587785 1.168813 10
0.321175 -0.475528 1.144509 11
0.309017 -0.951057 1.107978 14
0.333333 -0.000000 1.181306 7
-0.206011 -0.391857 1.106364 12
0.321175 -0.475528 1.144509 11
0.809017 0.587785 1.171657 3
0.333333 -0.000000 1.181306 7
1.000000 0.000000 1.203229 6
0.809017 0.587785 1.171657 3
0.309017 0.951057 1.111439 1
0.012158 0.475528 1.120448 4
-0.809017 -0.587785 1.068218 13
-0.309017 -0.951057 1.079553 15
-0.206011 -0.391857 1.106364 12
