-0.507514 0.097964 1.696471 8
-0.809017 -0.587785 1.685220 13
-0.206011 -0.391857 1.711225 12
-0.507514 0.097964 1.696471 8
-1.000000 -0.000000 1.684315 9
-0.809017 -0.587785 1.685220 13
0.333333 -0.000000 1.761430 7
-0.507514 0.097964 1.696471 8
-0.206011 -0.391857 1.711225 12
0.012158 0.475528 1.724955 4
-0.809017 0.587785 1.683213 5
-0.507514 0.097964 1.696471 8
0.333333 -0.000000 1.761430 7
0.012158 0.475528 1.724955 4
-0.507514 0.097964 1.696471 8
0.012158 0.475528 1.724955 4
0.309017 0.951057 1.729711 1
-0.309017 0.951057 1.703308 2
0.012158 0.475528 1.724955 4
0.333333 -0.000000 1.761430 7
0.809017 0.587785 1.770823 3
-0.809017 0.587785 1.683213 5
0.012158 0.475528 1.724955 4
-0.309017 0.951057 1.703308 2
-0.809017 0.587785 1.683213 5
-1.000000 -0.000000 1.684315 9
-0.507514 0.097964 1.696471 8
-0.309017 -0.951057 1.699643 15
0.309017 -0.951057 1.727787 14
-0.206011 -0.391857 1.711225 12
0.321175 -0.475528 1.745142 11
0.809017 -0.587785 1.768565 10
0.333333 -0.000000 1.761430 7
0.333333 -0.000000 1.761430 7
0.809017 -0.587785 1.768565 10
1.000000 0.000000 1.787411 6
0.321175 -0.475528 1.745142 11
-0.206011 -0.391857 1.711225 12
0.309017 -0.951057 1.727787 14
0.809017 -0.587785 1.768565 10
0.321175 -0.475528 1.745142 11
0.309017 -0.951057 1.727787 14
0.333333 -0.000000 1.761430 7
-0.206011 -0.391857 1.711225 12
0.321175 -0.475528 1.745142 11
0.809017 0.587785 1.770823 3
0.333333 -0.000000 1.761430 7
1.000000 0.000000 1.787411 6
0.809017 0.587785 1.770823 3
0.309017 0.951057 1.729711 1
0.012158 0.475528 1.724955 4
-0.809017 -0.587785 1.685220 13
-0.309017 -0.951057 1.699643 15
-0.206011 -0.391857 1.711225 12
