-0.507514 0.097964 1.542225 8
-0.809017 -0.587785 1.529061 13
-0.206011 -0.391857 1.557249 12
-0.507514 0.097964 1.542225 8
-1.000000 -0.000000 1.528845 9
-0.809017 -0.587785 1.529061 13
0.333333 -0.000000 1.612137 7
-0.507514 0.097964 1.542225 8
-0.206011 -0.391857 1.557249 12
0.012158 0.475528 1.571223 4
-0.809017 0.587785 1.526777 5
-0.507514 0.097964 1.542225 8
0.333333 -0.000000 1.612137 7
0.012158 0.475528 1.571223 4
-0.507514 0.097964 1.542225 8
0.012158 0.475528 1.571223 4
0.309017 0.951057 1.574155 1
-0.309017 0.951057 1.546791 2
0.012158 0.475528 1.571223 4
0.333333 -0.000000 1.612137 7
0.809017 0.587785 1.619322 3
-0.809017 0.587785 1.526777 5
0.012158 0.475528 1.571223 4
-0.309017 0.951057 1.546791 2
-0.809017 0.587785 1.526777 5
-1.000000 -0.000000 1.528845 9
-0.507514 0.097964 1.542225 8
-0.309017 -0.951057 1.543019 15
0.309017 -0.951057 1.571832 14
-0.206011 -0.391857 1.557249 12
0.321175 -0.475528 1.592525 11
0.809017 -0.587785 1.616979 10
0.333333 -0.000000 1.612137 7
0.333333 -0.000000 1.612137 7
0.809017 -0.587785 1.616979 10
1.000000 0.000000 1.638672 6
0.321175 -0.475528 1.592525 11
-0.206011 -0.391857 1.557249 12
0.309017 -0.951057 1.571832 14
0.809017 -0.587785 1.616979 10
0.321175 -0.475528 1.592525 11
0.309017 -0.951057 1.571832 14
0.333333 -0.000000 1.612137 7
-0.206011 -0.391857 1.557249 12
0.321175 -0.475528 1.592525 11
0.809017 0.587785 1.619322 3
0.333333 -0.000000 1.612137 7
1.000000 0.000000 1.638672 6
0.809017 0.587785 1.619322 3
0.309017 0.951057 1.574155 1
0.012158 0.475528 1.571223 4
-0.809017 -0.587785 1.529061 13
-0.309017 -0.951057 1.543019 15
-0.206011 -0.391857 1.557249 12
