-0.507514 0.097964 0.822733 8
-0.809017 -0.587785 0.792068 13
-0.206011 -0.391857 0.839809 12
-0.507514 0.097964 0.822733 8
-1.000000 -0.000000 0.797390 9
-0.809017 -0.587785 0.792068 13
0.333333 -0.000000 0.936033 7
-0.507514 0.097964 0.822733 8
-0.206011 -0.391857 0.839809 12
0.012158 0.475528 0.853737 4
-0.809017 0.587785 0.788052 5
-0.507514 0.097964 0.822733 8
0.333333 -0.000000 0.936033 7
0.012158 0.475528 0.853737 4
-0.507514 0.097964 0.822733 8
0.012158 0.475528 0.853737 4
0.309017 0.951057 0.828999 1
-0.309017 0.951057 0.805633 2
0.012158 0.475528 0.853737 4
0.333333 -0.000000 0.936033 7
0.809017 0.587785 0.900737 3
-0.809017 0.587785 0.788052 5
0.012158 0.475528 0.853737 4
-0.309017 0.951057 0.805633 2
-0.809017 0.587785 0.788052 5
-1.000000 -0.000000 0.797390 9
-0.507514 0.097964 0.822733 8
-0.309017 -0.951057 0.800908 15
0.309017 -0.951057 0.825643 14
-0.206011 -0.391857 0.839809 12
0.321175 -0.475528 0.878644 11
0.809017 -0.587785 0.896735 10
0.333333 -0.000000 0.936033 7
0.333333 -0.000000 0.936033 7
0.809017 -0.587785 0.896735 10
1.000000 0.000000 0.943611 6
0.321175 -0.475528 0.878644 11
-0.206011 -0.391857 0.839809 12
0.309017 -0.951057 0.825643 14
0.809017 -0.587785 0.896735 10
0.321175 -0.475528 0.878644 11
0.309017 -0.951057 0.825643 14
0.333333 -0.000000 0.936033 7
-0.206011 -0.391857 0.839809 12
0.321175 -0.475528 0.878644 11
0.809017 0.587785 0.900737 3
0.333333 -0.000000 0.936033 7
1.000000 0.000000 0.943611 6
0.809017 0.587785 0.900737 3
0.309017 0.951057 0.828999 1
0.012158 0.475528 0.853737 4
-0.809017 -0.587785 0.792068 13
-0.309017 -0.951057 0.800908 15
-0.206011 -0.391857 0.839809 12
