-0.507514 0.097964 2.046098 8
-0.809017 -0.587785 2.037834 13
-0.206011 -0.391857 2.060123 12
-0.507514 0.097964 2.046098 8
-1.000000 -0.000000 2.035838 9
-0.809017 -0.587785 2.037834 13
0.333333 -0.000000 2.101882 7
-0.507514 0.097964 2.046098 8
-0.206011 -0.391857 2.060123 12
0.012158 0.475528 2.073020 4
-0.809017 0.587785 2.036371 5
-0.507514 0.097964 2.046098 8
0.333333 -0.000000 2.101882 7
0.012158 0.475528 2.073020 4
-0.507514 0.097964 2.046098 8
0.012158 0.475528 2.073020 4
0.309017 0.951057 2.079856 1
-0.309017 0.951057 2.056100 2
0.012158 0.475528 2.073020 4
0.333333 -0.000000 2.101882 7
0.809017 0.587785 2.113336 3
-0.809017 0.587785 2.036371 5
0.012158 0.475528 2.073020 4
-0.309017 0.951057 2.056100 2
-0.809017 0.587785 2.036371 5
-1.000000 -0.000000 2.035838 9
-0.507514 0.097964 2.046098 8
-0.309017 -0.951057 2.052665 15
0.309017 -0.951057 2.078648 14
-0.206011 -0.391857 2.060123 12
0.321175 -0.475528 2.090685 11
0.809017 -0.587785 2.111275 10
0.333333 -0.000000 2.101882 7
0.333333 -0.000000 2.101882 7
0.809017 -0.587785 2.111275 10
1.000000 0.000000 2.125345 6
0.321175 -0.475528 2.090685 11
-0.206011 -0.391857 2.060123 12
0.309017 -0.951057 2.078648 14
0.809017 -0.587785 2.111275 10
0.321175 -0.475528 2.090685 11
0.309017 -0.951057 2.078648 14
0.333333 -0.000000 2.101882 7
-0.206011 -0.391857 2.060123 12
0.321175 -0.475528 2.090685 11
0.809017 0.587785 2.113336 3
0.333333 -0.000000 2.101882 7
1.000000 0.000000 2.125345 6
0.809017 0.587785 2.113336 3
0.309017 0.951057 2.079856 1
0.012158 0.475528 2.073020 4
-0.809017 -0.587785 2.037834 13
-0.309017 -0.951057 2.052665 15
-0.206011 -0.391857 2.060123 12
