-0.507514 0.097964 1.801433 8
-0.809017 -0.587785 1.791248 13
-0.206011 -0.391857 1.815989 12
-0.507514 0.097964 1.801433 8
-1.000000 -0.000000 1.789951 9
-0.809017 -0.587785 1.791248 13
0.333333 -0.000000 1.863385 7
-0.507514 0.097964 1.801433 8
-0.206011 -0.391857 1.815989 12
0.012158 0.475528 1.829503 4
-0.809017 0.587785 1.789416 5
-0.507514 0.097964 1.801433 8
0.333333 -0.000000 1.863385 7
0.012158 0.475528 1.829503 4
-0.507514 0.097964 1.801433 8
0.012158 0.475528 1.829503 4
0.309017 0.951057 1.835127 1
-0.309017 0.951057 1.809476 2
0.012158 0.475528 1.829503 4
0.333333 -0.000000 1.863385 7
0.809017 0.587785 1.873737 3
-0.809017 0.587785 1.789416 5
0.012158 0.475528 1.829503 4
-0.309017 0.951057 1.809476 2
-0.809017 0.587785 1.789416 5
-1.000000 -0.000000 1.789951 9
-0.507514 0.097964 1.801433 8
-0.309017 -0.951057 1.805881 15
0.309017 -0.951057 1.833447 14
-0.206011 -0.391857 1.815989 12
0.321175 -0.475528 1.848924 11
0.809017 -0.587785 1.871536 10
0.333333 -0.000000 1.863385 7
0.333333 -0.000000 1.863385 7
0.809017 -0.587785 1.871536 10
1.000000 0.000000 1.888736 6
0.321175 -0.475528 1.848924 11
-0.206011 -0.391857 1.815989 12
0.309017 -0.951057 1.833447 14
0.809017 -0.587785 1.871536 10
0.321175 -0.475528 1.848924 11
0.309017 -0.951057 1.833447 14
0.333333 -0.000000 1.863385 7
-0.206011 -0.391857 1.815989 12
0.321175 -0.475528 1.848924 11
0.809017 0.587785 1.873737 3
0.333333 -0.000000 1.863385 7
1.000000 0.000000 1.888736 6
0.809017 0.587785 1.873737 3
0.309017 0.951057 1.835127 1
0.012158 0.475528 1.829503 4
-0.809017 -0.587785 1.791248 13
-0.309017 -0.951057 1.805881 15
-0.206011 -0.391857 1.815989 12
