-0.507514 0.097964 1.464547 8
-0.809017 -0.587785 1.450230 13
-0.206011 -0.391857 1.479700 12
-0.507514 0.097964 1.464547 8
-1.000000 -0.000000 1.450417 9
-0.809017 -0.587785 1.450230 13
0.333333 -0.000000 1.537256 7
-0.507514 0.097964 1.464547 8
-0.206011 -0.391857 1.479700 12
0.012158 0.475528 1.493760 4
-0.809017 0.587785 1.447799 5
-0.507514 0.097964 1.464547 8
0.333333 -0.000000 1.537256 7
0.012158 0.475528 1.493760 4
-0.507514 0.097964 1.464547 8
0.012158 0.475528 1.493760 4
0.309017 0.951057 1.495456 1
-0.309017 0.951057 1.467709 2
0.012158 0.475528 1.493760 4
0.333333 -0.000000 1.537256 7
0.809017 0.587785 1.542853 3
-0.809017 0.587785 1.447799 5
0.012158 0.475528 1.493760 4
-0.309017 0.951057 1.467709 2
-0.809017 0.587785 1.447799 5
-1.000000 -0.000000 1.450417 9
-0.507514 0.097964 1.464547 8
-0.309017 -0.951057 1.463877 15
0.309017 -0.951057 1.492919 14
-0.206011 -0.391857 1.479700 12
0.321175 -0.475528 1.515607 11
0.809017 -0.587785 1.540462 10
0.333333 -0.000000 1.537256 7
0.333333 -0.000000 1.537256 7
0.809017 -0.587785 1.540462 10
1.000000 0.000000 1.563820 6
0.321175 -0.475528 1.515607 11
-0.206011 -0.391857 1.479700 12
0.309017 -0.951057 1.492919 14
0.809017 -0.587785 1.540462 10
0.321175 -0.475528 1.515607 11
0.309017 -0.951057 1.492919 14
0.333333 -0.000000 1.537256 7
-0.206011 -0.391857 1.479700 12
0.321175 -0.475528 1.515607 11
0.809017 0.587785 1.542853 3
0.333333 -0.000000 1.537256 7
1.000000 0.000000 1.563820 6
0.809017 0.587785 1.542853 3
0.309017 0.951057 1.495456 1
0.012158 0.475528 1.493760 4
-0.809017 -0.587785 1.450230 13
-0.309017 -0.951057 1.463877 15
-0.206011 -0.391857 1.479700 12
