-0.507514 0.097964 0.545222 8
-0.809017 -0.587785 0.505162 13
-0.206011 -0.391857 0.564398 12
-0.507514 0.097964 0.545222 8
-1.000000 -0.000000 0.514321 9
-0.809017 -0.587785 0.505162 13
0.333333 -0.000000 0.703006 7
-0.507514 0.097964 0.545222 8
-0.206011 -0.391857 0.564398 12
0.012158 0.475528 0.579128 4
-0.809017 0.587785 0.499918 5
-0.507514 0.097964 0.545222 8
0.333333 -0.000000 0.703006 7
0.012158 0.475528 0.579128 4
-0.507514 0.097964 0.545222 8
0.012158 0.475528 0.579128 4
0.309017 0.951057 0.527453 1
-0.309017 0.951057 0.515944 2
0.012158 0.475528 0.579128 4
0.333333 -0.000000 0.703006 7
0.809017 0.587785 0.611456 3
-0.809017 0.587785 0.499918 5
0.012158 0.475528 0.579128 4
-0.309017 0.951057 0.515944 2
-0.809017 0.587785 0.499918 5
-1.000000 -0.000000 0.514321 9
-0.507514 0.097964 0.545222 8
-0.309017 -0.951057 0.511358 15
0.309017 -0.951057 0.525839 14
-0.206011 -0.391857 0.564398 12
0.321175 -0.475528 0.604723 11
0.809017 -0.587785 0.603782 10
0.333333 -0.000000 0.703006 7
0.333333 -0.000000 0.703006 7
0.809017 -0.587785 0.603782 10
1.000000 0.000000 0.668835 6
0.321175 -0.475528 0.604723 11
-0.206011 -0.391857 0.564398 12
0.309017 -0.951057 0.525839 14
0.809017 -0.587785 0.603782 10
0.321175 -0.475528 0.604723 11
0.309017 -0.951057 0.525839 14
0.333333 -0.000000 0.703006 7
-0.206011 -0.391857 0.564398 12
0.321175 -0.475528 0.604723 11
0.809017 0.587785 0.611456 3
0.333333 -0.000000 0.703006 7
1.000000 0.000000 0.668835 6
0.809017 0.587785 0.611456 3
0.309017 0.951057 0.527453 1
0.012158 0.475528 0.579128 4
-0.809017 -0.587785 0.505162 13
-0.309017 -0.951057 0.511358 15
-0.206011 -0.391857 0.564398 12
