-0.507514 0.097964 0.529059 8
-0.809017 -0.587785 0.488569 13
-0.206011 -0.391857 0.548356 12
-0.507514 0.097964 0.529059 8
-1.000000 -0.000000 0.497999 9
-0.809017 -0.587785 0.488569 13
0.333333 -0.000000 0.690631 7
-0.507514 0.097964 0.529059 8
-0.206011 -0.391857 0.548356 12
0.012158 0.475528 0.563204 4
-0.809017 0.587785 0.483243 5
-0.507514 0.097964 0.529059 8
0.333333 -0.000000 0.690631 7
0.012158 0.475528 0.563204 4
-0.507514 0.097964 0.529059 8
0.012158 0.475528 0.563204 4
0.309017 0.951057 0.509686 1
-0.309017 0.951057 0.499157 2
0.012158 0.475528 0.563204 4
0.333333 -0.000000 0.690631 7
0.809017 0.587785 0.594250 3
-0.809017 0.587785 0.483243 5
0.012158 0.475528 0.563204 4
-0.309017 0.951057 0.499157 2
-0.809017 0.587785 0.483243 5
-1.000000 -0.000000 0.497999 9
-0.507514 0.097964 0.529059 8
-0.309017 -0.951057 0.494662 15
0.309017 -0.951057 0.508218 14
-0.206011 -0.391857 0.548356 12
0.321175 -0.475528 0.588886 11
0.809017 -0.587785 0.586228 10
0.333333 -0.000000 0.690631 7
0.333333 -0.000000 0.690631 7
0.809017 -0.587785 0.586228 10
1.000000 0.000000 0.652453 6
0.321175 -0.475528 0.588886 11
-0.206011 -0.391857 0.548356 12
0.309017 -0.951057 0.508218 14
0.809017 -0.587785 0.586228 10
0.321175 -0.475528 0.588886 11
0.309017 -0.951057 0.508218 14
0.333333 -0.000000 0.690631 7
-0.206011 -0.391857 0.548356 12
0.321175 -0.475528 0.588886 11
0.809017 0.587785 0.594250 3
0.333333 -0.000000 0.690631 7
1.000000 0.000000 0.652453 6
0.809017 0.587785 0.594250 3
0.309017 0.951057 0.509686 1
0.012158 0.475528 0.563204 4
-0.809017 -0.587785 0.488569 13
-0.309017 -0.951057 0.494662 15
-0.206011 -0.391857 0.548356 12
