-0.507514 0.097964 2.227832 8
-0.809017 -0.587785 2.220623 13
-0.206011 -0.391857 2.241402 12
-0.507514 0.097964 2.227832 8
-1.000000 -0.000000 2.218270 9
-0.809017 -0.587785 2.220623 13
0.333333 -0.000000 2.279612 7
-0.507514 0.097964 2.227832 8
-0.206011 -0.391857 2.241402 12
0.012158 0.475528 2.253768 4
-0.809017 0.587785 2.219395 5
-0.507514 0.097964 2.227832 8
0.333333 -0.000000 2.279612 7
0.012158 0.475528 2.253768 4
-0.507514 0.097964 2.227832 8
0.012158 0.475528 2.253768 4
0.309017 0.951057 2.261008 1
-0.309017 0.951057 2.238692 2
0.012158 0.475528 2.253768 4
0.333333 -0.000000 2.279612 7
0.809017 0.587785 2.291225 3
-0.809017 0.587785 2.219395 5
0.012158 0.475528 2.253768 4
-0.309017 0.951057 2.238692 2
-0.809017 0.587785 2.219395 5
-1.000000 -0.000000 2.218270 9
-0.507514 0.097964 2.227832 8
-0.309017 -0.951057 2.235380 15
0.309017 -0.951057 2.260067 14
-0.206011 -0.391857 2.241402 12
0.321175 -0.475528 2.270191 11
0.809017 -0.587785 2.289275 10
0.333333 -0.000000 2.279612 7
0.333333 -0.000000 2.279612 7
0.809017 -0.587785 2.289275 10
1.000000 0.000000 2.301517 6
0.321175 -0.475528 2.270191 11
-0.206011 -0.391857 2.241402 12
0.309017 -0.951057 2.260067 14
0.809017 -0.587785 2.289275 10
0.321175 -0.475528 2.270191 11
0.309017 -0.951057 2.260067 14
0.333333 -0.000000 2.279612 7
-0.206011 -0.391857 2.241402 12
0.321175 -0.475528 2.270191 11
0.809017 0.587785 2.291225 3
0.333333 -0.000000 2.279612 7
1.000000 0.000000 2.301517 6
0.809017 0.587785 2.291225 3
0.309017 0.951057 2.261008 1
0.012158 0.475528 2.253768 4
-0.809017 -0.587785 2.220623 13
-0.309017 -0.951057 2.235380 15
-0.206011 -0.391857 2.241402 12
