-0.507514 0.097964 2.361373 8
-0.809017 -0.587785 2.354796 13
-0.206011 -0.391857 2.374580 12
-0.507514 0.097964 2.361373 8
-1.000000 -0.000000 2.352252 9
-0.809017 -0.587785 2.354796 13
0.333333 -0.000000 2.410454 7
-0.507514 0.097964 2.361373 8
-0.206011 -0.391857 2.374580 12
0.012158 0.475528 2.386532 4
-0.809017 0.587785 2.353720 5
-0.507514 0.097964 2.361373 8
0.333333 -0.000000 2.410454 7
0.012158 0.475528 2.386532 4
-0.507514 0.097964 2.361373 8
0.012158 0.475528 2.386532 4
0.309017 0.951057 2.393891 1
-0.309017 0.951057 2.372619 2
0.012158 0.475528 2.386532 4
0.333333 -0.000000 2.410454 7
0.809017 0.587785 2.421965 3
-0.809017 0.587785 2.353720 5
0.012158 0.475528 2.386532 4
-0.309017 0.951057 2.372619 2
-0.809017 0.587785 2.353720 5
-1.000000 -0.000000 2.352252 9
-0.507514 0.097964 2.361373 8
-0.309017 -0.951057 2.369399 15
0.309017 -0.951057 2.393107 14
-0.206011 -0.391857 2.374580 12
0.321175 -0.475528 2.402085 11
0.809017 -0.587785 2.420100 10
0.333333 -0.000000 2.410454 7
0.333333 -0.000000 2.410454 7
0.809017 -0.587785 2.420100 10
1.000000 0.000000 2.431204 6
0.321175 -0.475528 2.402085 11
-0.206011 -0.391857 2.374580 12
0.309017 -0.951057 2.393107 14
0.809017 -0.587785 2.420100 10
0.321175 -0.475528 2.402085 11
0.309017 -0.951057 2.393107 14
0.333333 -0.000000 2.410454 7
-0.206011 -0.391857 2.374580 12
0.321175 -0.475528 2.402085 11
0.809017 0.587785 2.421965 3
0.333333 -0.000000 2.410454 7
1.000000 0.000000 2.431204 6
0.809017 0.587785 2.421965 3
0.309017 0.951057 2.393891 1
0.012158 0.475528 2.386532 4
-0.809017 -0.587785 2.354796 13
-0.309017 -0.951057 2.369399 15
-0.206011 -0.391857 2.374580 12
