-0.507514 0.097964 1.116244 8
-0.809017 -0.587785 1.094711 13
-0.206011 -0.391857 1.132095 12
-0.507514 0.097964 1.116244 8
-1.000000 -0.000000 1.097230 9
-0.809017 -0.587785 1.094711 13
0.333333 -0.000000 1.205500 7
-0.507514 0.097964 1.116244 8
-0.206011 -0.391857 1.132095 12
0.012158 0.475528 1.146195 4
-0.809017 0.587785 1.091538 5
-0.507514 0.097964 1.116244 8
0.333333 -0.000000 1.205500 7
0.012158 0.475528 1.146195 4
-0.507514 0.097964 1.116244 8
0.012158 0.475528 1.146195 4
0.309017 0.951057 1.138266 1
-0.309017 0.951057 1.110463 2
0.012158 0.475528 1.146195 4
0.333333 -0.000000 1.205500 7
0.809017 0.587785 1.197478 3
-0.809017 0.587785 1.091538 5
0.012158 0.475528 1.146195 4
-0.309017 0.951057 1.110463 2
-0.809017 0.587785 1.091538 5
-1.000000 -0.000000 1.097230 9
-0.507514 0.097964 1.116244 8
-0.309017 -0.951057 1.106251 15
0.309017 -0.951057 1.134847 14
-0.206011 -0.391857 1.132095 12
0.321175 -0.475528 1.170137 11
0.809017 -0.587785 1.194690 10
0.333333 -0.000000 1.205500 7
0.333333 -0.000000 1.205500 7
0.809017 -0.587785 1.194690 10
1.000000 0.000000 1.228139 6
0.321175 -0.475528 1.170137 11
-0.206011 -0.391857 1.132095 12
0.309017 -0.951057 1.134847 14
0.809017 -0.587785 1.194690 10
0.321175 -0.475528 1.170137 11
0.309017 -0.951057 1.134847 14
0.333333 -0.000000 1.205500 7
-0.206011 -0.391857 1.132095 12
0.321175 -0.475528 1.170137 11
0.809017 0.587785 1.197478 3
0.333333 -0.000000 1.205500 7
1.000000 0.000000 1.228139 6
0.809017 0.587785 1.197478 3
0.309017 0.951057 1.138266 1
0.012158 0.475528 1.146195 4
-0.809017 -0.587785 1.094711 13
-0.309017 -0.951057 1.106251 15
-0.206011 -0.391857 1.132095 12
