-0.507514 0.097964 0.430254 8
-0.809017 -0.587785 0.387925 13
-0.206011 -0.391857 0.450062 12
-0.507514 0.097964 0.430254 8
-1.000000 -0.000000 0.399071 9
-0.809017 -0.587785 0.387925 13
0.333333 -0.000000 0.619417 7
-0.507514 0.097964 0.430254 8
-0.206011 -0.391857 0.450062 12
0.012158 0.475528 0.465847 4
-0.809017 0.587785 0.382094 5
-0.507514 0.097964 0.430254 8
0.333333 -0.000000 0.619417 7
0.012158 0.475528 0.465847 4
-0.507514 0.097964 0.430254 8
0.012158 0.475528 0.465847 4
0.309017 0.951057 0.401153 1
-0.309017 0.951057 0.397202 2
0.012158 0.475528 0.465847 4
0.333333 -0.000000 0.619417 7
0.809017 0.587785 0.488036 3
-0.809017 0.587785 0.382094 5
0.012158 0.475528 0.465847 4
-0.309017 0.951057 0.397202 2
-0.809017 0.587785 0.382094 5
-1.000000 -0.000000 0.399071 9
-0.507514 0.097964 0.430254 8
-0.309017 -0.951057 0.393669 15
0.309017 -0.951057 0.400536 14
-0.206011 -0.391857 0.450062 12
0.321175 -0.475528 0.492326 11
0.809017 -0.587785 0.477505 10
0.333333 -0.000000 0.619417 7
0.333333 -0.000000 0.619417 7
0.809017 -0.587785 0.477505 10
1.000000 0.000000 0.550677 6
0.321175 -0.475528 0.492326 11
-0.206011 -0.391857 0.450062 12
0.309017 -0.951057 0.400536 14
0.809017 -0.587785 0.477505 10
0.321175 -0.475528 0.492326 11
0.309017 -0.951057 0.400536 14
0.333333 -0.000000 0.619417 7
-0.206011 -0.391857 0.450062 12
0.321175 -0.475528 0.492326 11
0.809017 0.587785 0.488036 3
0.333333 -0.000000 0.619417 7
1.000000 0.000000 0.550677 6
0.809017 0.587785 0.488036 3
0.309017 0.951057 0.401153 1
0.012158 0.475528 0.465847 4
-0.809017 -0.587785 0.387925 13
-0.309017 -0.951057 0.393669 15
-0.206011 -0.391857 0.450062 12
