-0.507514 0.097964 0.565086 8
-0.809017 -0.587785 0.525587 13
-0.206011 -0.391857 0.584106 12
-0.507514 0.097964 0.565086 8
-1.000000 -0.000000 0.534421 9
-0.809017 -0.587785 0.525587 13
0.333333 -0.000000 0.718452 7
-0.507514 0.097964 0.565086 8
-0.206011 -0.391857 0.584106 12
0.012158 0.475528 0.598705 4
-0.809017 0.587785 0.520446 5
-0.507514 0.097964 0.565086 8
0.333333 -0.000000 0.718452 7
0.012158 0.475528 0.598705 4
-0.507514 0.097964 0.565086 8
0.012158 0.475528 0.598705 4
0.309017 0.951057 0.549274 1
-0.309017 0.951057 0.536603 2
0.012158 0.475528 0.598705 4
0.333333 -0.000000 0.718452 7
0.809017 0.587785 0.632540 3
-0.809017 0.587785 0.520446 5
0.012158 0.475528 0.598705 4
-0.309017 0.951057 0.536603 2
-0.809017 0.587785 0.520446 5
-1.000000 -0.000000 0.534421 9
-0.507514 0.097964 0.565086 8
-0.309017 -0.951057 0.531926 15
0.309017 -0.951057 0.547483 14
-0.206011 -0.391857 0.584106 12
0.321175 -0.475528 0.624206 11
0.809017 -0.587785 0.625269 10
0.333333 -0.000000 0.718452 7
0.333333 -0.000000 0.718452 7
0.809017 -0.587785 0.625269 10
1.000000 0.000000 0.688885 6
0.321175 -0.475528 0.624206 11
-0.206011 -0.391857 0.584106 12
0.309017 -0.951057 0.547483 14
0.809017 -0.587785 0.625269 10
0.321175 -0.475528 0.624206 11
0.309017 -0.951057 0.547483 14
0.333333 -0.000000 0.718452 7
-0.206011 -0.391857 0.584106 12
0.321175 -0.475528 0.624206 11
0.809017 0.587785 0.632540 3
0.333333 -0.000000 0.718452 7
1.000000 0.000000 0.688885 6
0.809017 0.587785 0.632540 3
0.309017 0.951057 0.549274 1
0.012158 0.475528 0.598705 4
-0.809017 -0.587785 0.525587 13
-0.309017 -0.951057 0.531926 15
-0.206011 -0.391857 0.584106 12
