-0.507514 0.097964 2.240197 8
-0.809017 -0.587785 2.233051 13
-0.206011 -0.391857 2.253734 12
-0.507514 0.097964 2.240197 8
-1.000000 -0.000000 2.230677 9
-0.809017 -0.587785 2.233051 13
0.333333 -0.000000 2.291718 7
-0.507514 0.097964 2.240197 8
-0.206011 -0.391857 2.253734 12
0.012158 0.475528 2.266062 4
-0.809017 0.587785 2.231838 5
-0.507514 0.097964 2.240197 8
0.333333 -0.000000 2.291718 7
0.012158 0.475528 2.266062 4
-0.507514 0.097964 2.240197 8
0.012158 0.475528 2.266062 4
0.309017 0.951057 2.273318 1
-0.309017 0.951057 2.251100 2
0.012158 0.475528 2.266062 4
0.333333 -0.000000 2.291718 7
0.809017 0.587785 2.303329 3
-0.809017 0.587785 2.231838 5
0.012158 0.475528 2.266062 4
-0.309017 0.951057 2.251100 2
-0.809017 0.587785 2.231838 5
-1.000000 -0.000000 2.230677 9
-0.507514 0.097964 2.240197 8
-0.309017 -0.951057 2.247796 15
0.309017 -0.951057 2.272393 14
-0.206011 -0.391857 2.253734 12
0.321175 -0.475528 2.282403 11
0.809017 -0.587785 2.301386 10
0.333333 -0.000000 2.291718 7
0.333333 -0.000000 2.291718 7
0.809017 -0.587785 2.301386 10
1.000000 0.000000 2.313516 6
0.321175 -0.475528 2.282403 11
-0.206011 -0.391857 2.253734 12
0.309017 -0.951057 2.272393 14
0.809017 -0.587785 2.301386 10
0.321175 -0.475528 2.282403 11
0.309017 -0.951057 2.272393 14
0.333333 -0.000000 2.291718 7
-0.206011 -0.391857 2.253734 12
0.321175 -0.475528 2.282403 11
0.809017 0.587785 2.303329 3
0.333333 -0.000000 2.291718 7
1.000000 0.000000 2.313516 6
0.809017 0.587785 2.303329 3
0.309017 0.951057 2.273318 1
0.012158 0.475528 2.266062 4
-0.809017 -0.587785 2.233051 13
-0.309017 -0.951057 2.247796 15
-0.206011 -0.391857 2.253734 12
