-0.507514 0.097964 2.399706 8
-0.809017 -0.587785 2.393292 13
-0.206011 -0.391857 2.412804 12
-0.507514 0.097964 2.399706 8
-1.000000 -0.000000 2.390702 9
-0.809017 -0.587785 2.393292 13
0.333333 -0.000000 2.448045 7
-0.507514 0.097964 2.399706 8
-0.206011 -0.391857 2.412804 12
0.012158 0.475528 2.424635 4
-0.809017 0.587785 2.392256 5
-0.507514 0.097964 2.399706 8
0.333333 -0.000000 2.448045 7
0.012158 0.475528 2.424635 4
-0.507514 0.097964 2.399706 8
0.012158 0.475528 2.424635 4
0.309017 0.951057 2.432008 1
-0.309017 0.951057 2.411030 2
0.012158 0.475528 2.424635 4
0.333333 -0.000000 2.448045 7
0.809017 0.587785 2.459502 3
-0.809017 0.587785 2.392256 5
0.012158 0.475528 2.424635 4
-0.309017 0.951057 2.411030 2
-0.809017 0.587785 2.392256 5
-1.000000 -0.000000 2.390702 9
-0.507514 0.097964 2.399706 8
-0.309017 -0.951057 2.407837 15
0.309017 -0.951057 2.431264 14
-0.206011 -0.391857 2.412804 12
0.321175 -0.475528 2.439946 11
0.809017 -0.587785 2.457662 10
0.333333 -0.000000 2.448045 7
0.333333 -0.000000 2.448045 7
0.809017 -0.587785 2.457662 10
1.000000 0.000000 2.468467 6
0.321175 -0.475528 2.439946 11
-0.206011 -0.391857 2.412804 12
0.309017 -0.951057 2.431264 14
0.809017 -0.587785 2.457662 10
0.321175 -0.475528 2.439946 11
0.309017 -0.951057 2.431264 14
0.333333 -0.000000 2.448045 7
-0.206011 -0.391857 2.412804 12
0.321175 -0.475528 2.439946 11
0.809017 0.587785 2.459502 3
0.333333 -0.000000 2.448045 7
1.000000 0.000000 2.468467 6
0.809017 0.587785 2.459502 3
0.309017 0.951057 2.432008 1
0.012158 0.475528 2.424635 4
-0.809017 -0.587785 2.393292 13
-0.309017 -0.951057 2.407837 15
-0.206011 -0.391857 2.412804 12
