-0.507514 0.097964 0.971310 8
-0.809017 -0.587785 0.945604 13
-0.206011 -0.391857 0.987643 12
-0.507514 0.097964 0.971310 8
-1.000000 -0.000000 0.949388 9
-0.809017 -0.587785 0.945604 13
0.333333 -0.000000 1.070671 7
-0.507514 0.097964 0.971310 8
-0.206011 -0.391857 0.987643 12
0.012158 0.475528 1.001637 4
-0.809017 0.587785 0.942054 5
-0.507514 0.097964 0.971310 8
0.333333 -0.000000 1.070671 7
0.012158 0.475528 1.001637 4
-0.507514 0.097964 0.971310 8
0.012158 0.475528 1.001637 4
0.309017 0.951057 0.986734 1
-0.309017 0.951057 0.960357 2
0.012158 0.475528 1.001637 4
0.333333 -0.000000 1.070671 7
0.809017 0.587785 1.051848 3
-0.809017 0.587785 0.942054 5
0.012158 0.475528 1.001637 4
-0.309017 0.951057 0.960357 2
-0.809017 0.587785 0.942054 5
-1.000000 -0.000000 0.949388 9
-0.507514 0.097964 0.971310 8
-0.309017 -0.951057 0.955904 15
0.309017 -0.951057 0.983175 14
-0.206011 -0.391857 0.987643 12
0.321175 -0.475528 1.026163 11
0.809017 -0.587785 1.048647 10
0.333333 -0.000000 1.070671 7
0.333333 -0.000000 1.070671 7
0.809017 -0.587785 1.048647 10
1.000000 0.000000 1.088023 6
0.321175 -0.475528 1.026163 11
-0.206011 -0.391857 0.987643 12
0.309017 -0.951057 0.983175 14
0.809017 -0.587785 1.048647 10
0.321175 -0.475528 1.026163 11
0.309017 -0.951057 0.983175 14
0.333333 -0.000000 1.070671 7
-0.206011 -0.391857 0.987643 12
0.321175 -0.475528 1.026163 11
0.809017 0.587785 1.051848 3
0.333333 -0.000000 1.070671 7
1.000000 0.000000 1.088023 6
0.809017 0.587785 1.051848 3
0.309017 0.951057 0.986734 1
0.012158 0.475528 1.001637 4
-0.809017 -0.587785 0.945604 13
-0.309017 -0.951057 0.955904 15
-0.206011 -0.391857 0.987643 12
