-0.507514 0.097964 0.309532 8
-0.809017 -0.587785 0.267975 13
-0.206011 -0.391857 0.328709 12
-0.507514 0.097964 0.309532 8
-1.000000 -0.000000 0.280996 9
-0.809017 -0.587785 0.267975 13
0.333333 -0.000000 0.546246 7
-0.507514 0.097964 0.309532 8
-0.206011 -0.391857 0.328709 12
0.012158 0.475528 0.345913 4
-0.809017 0.587785 0.261714 5
-0.507514 0.097964 0.309532 8
0.333333 -0.000000 0.546246 7
0.012158 0.475528 0.345913 4
-0.507514 0.097964 0.309532 8
0.012158 0.475528 0.345913 4
0.309017 0.951057 0.270638 1
-0.309017 0.951057 0.275281 2
0.012158 0.475528 0.345913 4
0.333333 -0.000000 0.546246 7
0.809017 0.587785 0.355556 3
-0.809017 0.587785 0.261714 5
0.012158 0.475528 0.345913 4
-0.309017 0.951057 0.275281 2
-0.809017 0.587785 0.261714 5
-1.000000 -0.000000 0.280996 9
-0.507514 0.097964 0.309532 8
-0.309017 -0.951057 0.274206 15
0.309017 -0.951057 0.270534 14
-0.206011 -0.391857 0.328709 12
0.321175 -0.475528 0.373978 11
0.809017 -0.587785 0.341318 10
0.333333 -0.000000 0.546246 7
0.333333 -0.000000 0.546246 7
0.809017 -0.587785 0.341318 10
1.000000 0.000000 0.420450 6
0.321175 -0.475528 0.373978 11
-0.206011 -0.391857 0.328709 12
0.309017 -0.951057 0.270534 14
0.809017 -0.587785 0.341318 10
0.321175 -0.475528 0.373978 11
0.309017 -0.951057 0.270534 14
0.333333 -0.000000 0.546246 7
-0.206011 -0.391857 0.328709 12
0.321175 -0.475528 0.373978 11
0.809017 0.587785 0.355556 3
0.333333 -0.000000 0.546246 7
1.000000 0.000000 0.420450 6
0.809017 0.587785 0.355556 3
0.309017 0.951057 0.270638 1
0.012158 0.475528 0.345913 4
-0.809017 -0.587785 0.267975 13
-0.309017 -0.951057 0.274206 15
-0.206011 -0.391857 0.328709 12
