-0.507514 0.097964 2.764460 8
-0.809017 -0.587785 2.759301 13
-0.206011 -0.391857 2.776466 12
-0.507514 0.097964 2.764460 8
-1.000000 -0.000000 2.756456 9
-0.809017 -0.587785 2.759301 13
0.333333 -0.000000 2.806368 7
-0.507514 0.097964 2.764460 8
-0.206011 -0.391857 2.776466 12
0.012158 0.475528 2.787123 4
-0.809017 0.587785 2.758581 5
-0.507514 0.097964 2.764460 8
0.333333 -0.000000 2.806368 7
0.012158 0.475528 2.787123 4
-0.507514 0.097964 2.764460 8
0.012158 0.475528 2.787123 4
0.309017 0.951057 2.794305 1
-0.309017 0.951057 2.775998 2
0.012158 0.475528 2.787123 4
0.333333 -0.000000 2.806368 7
0.809017 0.587785 2.816981 3
-0.809017 0.587785 2.758581 5
0.012158 0.475528 2.787123 4
-0.309017 0.951057 2.775998 2
-0.809017 0.587785 2.758581 5
-1.000000 -0.000000 2.756456 9
-0.507514 0.097964 2.764460 8
-0.309017 -0.951057 2.773068 15
0.309017 -0.951057 2.793839 14
-0.206011 -0.391857 2.776466 12
0.321175 -0.475528 2.800296 11
0.809017 -0.587785 2.815375 10
0.333333 -0.000000 2.806368 7
0.333333 -0.000000 2.806368 7
0.809017 -0.587785 2.815375 10
1.000000 0.000000 2.823825 6
0.321175 -0.475528 2.800296 11
-0.206011 -0.391857 2.776466 12
0.309017 -0.951057 2.793839 14
0.809017 -0.587785 2.815375 10
0.321175 -0.475528 2.800296 11
0.309017 -0.951057 2.793839 14
0.333333 -0.000000 2.806368 7
-0.206011 -0.391857 2.776466 12
0.321175 -0.475528 2.800296 11
0.809017 0.587785 2.816981 3
0.333333 -0.000000 2.806368 7
1.000000 0.000000 2.823825 6
0.809017 0.587785 2.816981 3
0.309017 0.951057 2.794305 1
0.012158 0.475528 2.787123 4
-0.809017 -0.587785 2.759301 13
-0.309017 -0.951057 2.773068 15
-0.206011 -0.391857 2.776466 12
