-0.507514 0.097964 2.063404 8
-0.809017 -0.587785 2.055251 13
-0.206011 -0.391857 2.077387 12
-0.507514 0.097964 2.063404 8
-1.000000 -0.000000 2.053216 9
-0.809017 -0.587785 2.055251 13
0.333333 -0.000000 2.118787 7
-0.507514 0.097964 2.063404 8
-0.206011 -0.391857 2.077387 12
0.012158 0.475528 2.090236 4
-0.809017 0.587785 2.053812 5
-0.507514 0.097964 2.063404 8
0.333333 -0.000000 2.118787 7
0.012158 0.475528 2.090236 4
-0.507514 0.097964 2.063404 8
0.012158 0.475528 2.090236 4
0.309017 0.951057 2.097125 1
-0.309017 0.951057 2.073507 2
0.012158 0.475528 2.090236 4
0.333333 -0.000000 2.118787 7
0.809017 0.587785 2.130276 3
-0.809017 0.587785 2.053812 5
0.012158 0.475528 2.090236 4
-0.309017 0.951057 2.073507 2
-0.809017 0.587785 2.053812 5
-1.000000 -0.000000 2.053216 9
-0.507514 0.097964 2.063404 8
-0.309017 -0.951057 2.070083 15
0.309017 -0.951057 2.095945 14
-0.206011 -0.391857 2.077387 12
0.321175 -0.475528 2.107781 11
0.809017 -0.587785 2.128225 10
0.333333 -0.000000 2.118787 7
0.333333 -0.000000 2.118787 7
0.809017 -0.587785 2.128225 10
1.000000 0.000000 2.142105 6
0.321175 -0.475528 2.107781 11
-0.206011 -0.391857 2.077387 12
0.309017 -0.951057 2.095945 14
0.809017 -0.587785 2.128225 10
0.321175 -0.475528 2.107781 11
0.309017 -0.951057 2.095945 14
0.333333 -0.000000 2.118787 7
-0.206011 -0.391857 2.077387 12
0.321175 -0.475528 2.107781 11
0.809017 0.587785 2.130276 3
0.333333 -0.000000 2.118787 7
1.000000 0.000000 2.142105 6
0.809017 0.587785 2.130276 3
0.309017 0.951057 2.097125 1
0.012158 0.475528 2.090236 4
-0.809017 -0.587785 2.055251 13
-0.309017 -0.951057 2.070083 15
-0.206011 -0.391857 2.077387 12
