-0.507514 0.097964 0.954121 8
-0.809017 -0.587785 0.927873 13
-0.206011 -0.391857 0.970525 12
-0.507514 0.097964 0.954121 8
-1.000000 -0.000000 0.931821 9
-0.809017 -0.587785 0.927873 13
0.333333 -0.000000 1.054877 7
-0.507514 0.097964 0.954121 8
-0.206011 -0.391857 0.970525 12
0.012158 0.475528 0.984506 4
-0.809017 0.587785 0.924274 5
-0.507514 0.097964 0.954121 8
0.333333 -0.000000 1.054877 7
0.012158 0.475528 0.984506 4
-0.507514 0.097964 0.954121 8
0.012158 0.475528 0.984506 4
0.309017 0.951057 0.968618 1
-0.309017 0.951057 0.942497 2
0.012158 0.475528 0.984506 4
0.333333 -0.000000 1.054877 7
0.809017 0.587785 1.034470 3
-0.809017 0.587785 0.924274 5
0.012158 0.475528 0.984506 4
-0.309017 0.951057 0.942497 2
-0.809017 0.587785 0.924274 5
-1.000000 -0.000000 0.931821 9
-0.507514 0.097964 0.954121 8
-0.309017 -0.951057 0.938012 15
0.309017 -0.951057 0.965060 14
-0.206011 -0.391857 0.970525 12
0.321175 -0.475528 1.009087 11
0.809017 -0.587785 1.031200 10
0.333333 -0.000000 1.054877 7
0.333333 -0.000000 1.054877 7
0.809017 -0.587785 1.031200 10
1.000000 0.000000 1.071365 6
0.321175 -0.475528 1.009087 11
-0.206011 -0.391857 0.970525 12
0.309017 -0.951057 0.965060 14
0.809017 -0.587785 1.031200 10
0.321175 -0.475528 1.009087 11
0.309017 -0.951057 0.965060 14
0.333333 -0.000000 1.054877 7
-0.206011 -0.391857 0.970525 12
0.321175 -0.475528 1.009087 11
0.809017 0.587785 1.034470 3
0.333333 -0.000000 1.054877 7
1.000000 0.000000 1.071365 6
0.809017 0.587785 1.034470 3
0.309017 0.951057 0.968618 1
0.012158 0.475528 0.984506 4
-0.809017 -0.587785 0.927873 13
-0.309017 -0.951057 0.938012 15
-0.206011 -0.391857 0.970525 12
