-0.507514 0.097964 0.335171 8
-0.809017 -0.587785 0.293062 13
-0.206011 -0.391857 0.354670 12
-0.507514 0.097964 0.335171 8
-1.000000 -0.000000 0.305753 9
-0.809017 -0.587785 0.293062 13
0.333333 -0.000000 0.560190 7
-0.507514 0.097964 0.335171 8
-0.206011 -0.391857 0.354670 12
0.012158 0.475528 0.371587 4
-0.809017 0.587785 0.286856 5
-0.507514 0.097964 0.335171 8
0.333333 -0.000000 0.560190 7
0.012158 0.475528 0.371587 4
-0.507514 0.097964 0.335171 8
0.012158 0.475528 0.371587 4
0.309017 0.951057 0.297963 1
-0.309017 0.951057 0.300827 2
0.012158 0.475528 0.371587 4
0.333333 -0.000000 0.560190 7
0.809017 0.587785 0.383965 3
-0.809017 0.587785 0.286856 5
0.012158 0.475528 0.371587 4
-0.309017 0.951057 0.300827 2
-0.809017 0.587785 0.286856 5
-1.000000 -0.000000 0.305753 9
-0.507514 0.097964 0.335171 8
-0.309017 -0.951057 0.299096 15
0.309017 -0.951057 0.297837 14
-0.206011 -0.391857 0.354670 12
0.321175 -0.475528 0.399289 11
0.809017 -0.587785 0.370527 10
0.333333 -0.000000 0.560190 7
0.333333 -0.000000 0.560190 7
0.809017 -0.587785 0.370527 10
1.000000 0.000000 0.448860 6
0.321175 -0.475528 0.399289 11
-0.206011 -0.391857 0.354670 12
0.309017 -0.951057 0.297837 14
0.809017 -0.587785 0.370527 10
0.321175 -0.475528 0.399289 11
0.309017 -0.951057 0.297837 14
0.333333 -0.000000 0.560190 7
-0.206011 -0.391857 0.354670 12
0.321175 -0.475528 0.399289 11
0.809017 0.587785 0.383965 3
0.333333 -0.000000 0.560190 7
1.000000 0.000000 0.448860 6
0.809017 0.587785 0.383965 3
0.309017 0.951057 0.297963 1
0.012158 0.475528 0.371587 4
-0.809017 -0.587785 0.293062 13
-0.309017 -0.951057 0.299096 15
-0.206011 -0.391857 0.354670 12
