-0.507514 0.097964 1.516328 8
-0.809017 -0.587785 1.502794 13
-0.206011 -0.391857 1.531394 12
-0.507514 0.097964 1.516328 8
-1.000000 -0.000000 1.502708 9
-0.809017 -0.587785 1.502794 13
0.333333 -0.000000 1.587146 7
-0.507514 0.097964 1.516328 8
-0.206011 -0.391857 1.531394 12
0.012158 0.475528 1.545400 4
-0.809017 0.587785 1.500462 5
-0.507514 0.097964 1.516328 8
0.333333 -0.000000 1.587146 7
0.012158 0.475528 1.545400 4
-0.507514 0.097964 1.516328 8
0.012158 0.475528 1.545400 4
0.309017 0.951057 1.547947 1
-0.309017 0.951057 1.520446 2
0.012158 0.475528 1.545400 4
0.333333 -0.000000 1.587146 7
0.809017 0.587785 1.593843 3
-0.809017 0.587785 1.500462 5
0.012158 0.475528 1.545400 4
-0.309017 0.951057 1.520446 2
-0.809017 0.587785 1.500462 5
-1.000000 -0.000000 1.502708 9
-0.507514 0.097964 1.516328 8
-0.309017 -0.951057 1.516655 15
0.309017 -0.951057 1.545553 14
-0.206011 -0.391857 1.531394 12
0.321175 -0.475528 1.566885 11
0.809017 -0.587785 1.591484 10
0.333333 -0.000000 1.587146 7
0.333333 -0.000000 1.587146 7
0.809017 -0.587785 1.591484 10
1.000000 0.000000 1.613713 6
0.321175 -0.475528 1.566885 11
-0.206011 -0.391857 1.531394 12
0.309017 -0.951057 1.545553 14
0.809017 -0.587785 1.591484 10
0.321175 -0.475528 1.566885 11
0.309017 -0.951057 1.545553 14
0.333333 -0.000000 1.587146 7
-0.206011 -0.391857 1.531394 12
0.321175 -0.475528 1.566885 11
0.809017 0.587785 1.593843 3
0.333333 -0.000000 1.587146 7
1.000000 0.000000 1.613713 6
0.809017 0.587785 1.593843 3
0.309017 0.951057 1.547947 1
0.012158 0.475528 1.545400 4
-0.809017 -0.587785 1.502794 13
-0.309017 -0.951057 1.516655 15
-0.206011 -0.391857 1.531394 12
