-0.507514 0.097964 0.947982 8
-0.809017 -0.587785 0.921538 13
-0.206011 -0.391857 0.964413 12
-0.507514 0.097964 0.947982 8
-1.000000 -0.000000 0.925546 9
-0.809017 -0.587785 0.921538 13
0.333333 -0.000000 1.049249 7
-0.507514 0.097964 0.947982 8
-0.206011 -0.391857 0.964413 12
0.012158 0.475528 0.978389 4
-0.809017 0.587785 0.917922 5
-0.507514 0.097964 0.947982 8
0.333333 -0.000000 1.049249 7
0.012158 0.475528 0.978389 4
-0.507514 0.097964 0.947982 8
0.012158 0.475528 0.978389 4
0.309017 0.951057 0.962139 1
-0.309017 0.951057 0.936116 2
0.012158 0.475528 0.978389 4
0.333333 -0.000000 1.049249 7
0.809017 0.587785 1.028258 3
-0.809017 0.587785 0.917922 5
0.012158 0.475528 0.978389 4
-0.309017 0.951057 0.936116 2
-0.809017 0.587785 0.917922 5
-1.000000 -0.000000 0.925546 9
-0.507514 0.097964 0.947982 8
-0.309017 -0.951057 0.931620 15
0.309017 -0.951057 0.958584 14
-0.206011 -0.391857 0.964413 12
0.321175 -0.475528 1.002989 11
0.809017 -0.587785 1.024962 10
0.333333 -0.000000 1.049249 7
0.333333 -0.000000 1.049249 7
0.809017 -0.587785 1.024962 10
1.000000 0.000000 1.065414 6
0.321175 -0.475528 1.002989 11
-0.206011 -0.391857 0.964413 12
0.309017 -0.951057 0.958584 14
0.809017 -0.587785 1.024962 10
0.321175 -0.475528 1.002989 11
0.309017 -0.951057 0.958584 14
0.333333 -0.000000 1.049249 7
-0.206011 -0.391857 0.964413 12
0.321175 -0.475528 1.002989 11
0.809017 0.587785 1.028258 3
0.333333 -0.000000 1.049249 7
1.000000 0.000000 1.065414 6
0.809017 0.587785 1.028258 3
0.309017 0.951057 0.962139 1
0.012158 0.475528 0.978389 4
-0.809017 -0.587785 0.921538 13
-0.309017 -0.951057 0.931620 15
-0.206011 -0.391857 0.964413 12
