-0.507514 0.097964 0.527815 8
-0.809017 -0.587785 0.487293 13
-0.206011 -0.391857 0.547121 12
-0.507514 0.097964 0.527815 8
-1.000000 -0.000000 0.496744 9
-0.809017 -0.587785 0.487293 13
0.333333 -0.000000 0.689686 7
-0.507514 0.097964 0.527815 8
-0.206011 -0.391857 0.547121 12
0.012158 0.475528 0.561979 4
-0.809017 0.587785 0.481960 5
-0.507514 0.097964 0.527815 8
0.333333 -0.000000 0.689686 7
0.012158 0.475528 0.561979 4
-0.507514 0.097964 0.527815 8
0.012158 0.475528 0.561979 4
0.309017 0.951057 0.508318 1
-0.309017 0.951057 0.497866 2
0.012158 0.475528 0.561979 4
0.333333 -0.000000 0.689686 7
0.809017 0.587785 0.592924 3
-0.809017 0.587785 0.481960 5
0.012158 0.475528 0.561979 4
-0.309017 0.951057 0.497866 2
-0.809017 0.587785 0.481960 5
-1.000000 -0.000000 0.496744 9
-0.507514 0.097964 0.527815 8
-0.309017 -0.951057 0.493378 15
0.309017 -0.951057 0.506861 14
-0.206011 -0.391857 0.547121 12
0.321175 -0.475528 0.587667 11
0.809017 -0.587785 0.584874 10
0.333333 -0.000000 0.689686 7
0.333333 -0.000000 0.689686 7
0.809017 -0.587785 0.584874 10
1.000000 0.000000 0.651189 6
0.321175 -0.475528 0.587667 11
-0.206011 -0.391857 0.547121 12
0.309017 -0.951057 0.506861 14
0.809017 -0.587785 0.584874 10
0.321175 -0.475528 0.587667 11
0.309017 -0.951057 0.506861 14
0.333333 -0.000000 0.689686 7
-0.206011 -0.391857 0.547121 12
0.321175 -0.475528 0.587667 11
0.809017 0.587785 0.592924 3
0.333333 -0.000000 0.689686 7
1.000000 0.000000 0.651189 6
0.809017 0.587785 0.592924 3
0.309017 0.951057 0.508318 1
0.012158 0.475528 0.561979 4
-0.809017 -0.587785 0.487293 13
-0.309017 -0.951057 0.493378 15
-0.206011 -0.391857 0.547121 12
