-0.507514 0.097964 1.465780 8
-0.809017 -0.587785 1.451482 13
-0.206011 -0.391857 1.480931 12
-0.507514 0.097964 1.465780 8
-1.000000 -0.000000 1.451663 9
-0.809017 -0.587785 1.451482 13
0.333333 -0.000000 1.538442 7
-0.507514 0.097964 1.465780 8
-0.206011 -0.391857 1.480931 12
0.012158 0.475528 1.494990 4
-0.809017 0.587785 1.449053 5
-0.507514 0.097964 1.465780 8
0.333333 -0.000000 1.538442 7
0.012158 0.475528 1.494990 4
-0.507514 0.097964 1.465780 8
0.012158 0.475528 1.494990 4
0.309017 0.951057 1.496707 1
-0.309017 0.951057 1.468965 2
0.012158 0.475528 1.494990 4
0.333333 -0.000000 1.538442 7
0.809017 0.587785 1.544067 3
-0.809017 0.587785 1.449053 5
0.012158 0.475528 1.494990 4
-0.309017 0.951057 1.468965 2
-0.809017 0.587785 1.449053 5
-1.000000 -0.000000 1.451663 9
-0.507514 0.097964 1.465780 8
-0.309017 -0.951057 1.465134 15
0.309017 -0.951057 1.494173 14
-0.206011 -0.391857 1.480931 12
0.321175 -0.475528 1.516828 11
0.809017 -0.587785 1.541677 10
0.333333 -0.000000 1.538442 7
0.333333 -0.000000 1.538442 7
0.809017 -0.587785 1.541677 10
1.000000 0.000000 1.565007 6
0.321175 -0.475528 1.516828 11
-0.206011 -0.391857 1.480931 12
0.309017 -0.951057 1.494173 14
0.809017 -0.587785 1.541677 10
0.321175 -0.475528 1.516828 11
0.309017 -0.951057 1.494173 14
0.333333 -0.000000 1.538442 7
-0.206011 -0.391857 1.480931 12
0.321175 -0.475528 1.516828 11
0.809017 0.587785 1.544067 3
0.333333 -0.000000 1.538442 7
1.000000 0.000000 1.565007 6
0.809017 0.587785 1.544067 3
0.309017 0.951057 1.496707 1
0.012158 0.475528 1.494990 4
-0.809017 -0.587785 1.451482 13
-0.309017 -0.951057 1.465134 15
-0.206011 -0.391857 1.480931 12
