-0.507514 0.097964 0.950437 8
-0.809017 -0.587785 0.924072 13
-0.206011 -0.391857 0.966858 12
-0.507514 0.097964 0.950437 8
-1.000000 -0.000000 0.928056 9
-0.809017 -0.587785 0.924072 13
0.333333 -0.000000 1.051500 7
-0.507514 0.097964 0.950437 8
-0.206011 -0.391857 0.966858 12
0.012158 0.475528 0.980836 4
-0.809017 0.587785 0.920463 5
-0.507514 0.097964 0.950437 8
0.333333 -0.000000 1.051500 7
0.012158 0.475528 0.980836 4
-0.507514 0.097964 0.950437 8
0.012158 0.475528 0.980836 4
0.309017 0.951057 0.964731 1
-0.309017 0.951057 0.938668 2
0.012158 0.475528 0.980836 4
0.333333 -0.000000 1.051500 7
0.809017 0.587785 1.030743 3
-0.809017 0.587785 0.920463 5
0.012158 0.475528 0.980836 4
-0.309017 0.951057 0.938668 2
-0.809017 0.587785 0.920463 5
-1.000000 -0.000000 0.928056 9
-0.507514 0.097964 0.950437 8
-0.309017 -0.951057 0.934177 15
0.309017 -0.951057 0.961175 14
-0.206011 -0.391857 0.966858 12
0.321175 -0.475528 1.005429 11
0.809017 -0.587785 1.027458 10
0.333333 -0.000000 1.051500 7
0.333333 -0.000000 1.051500 7
0.809017 -0.587785 1.027458 10
1.000000 0.000000 1.067795 6
0.321175 -0.475528 1.005429 11
-0.206011 -0.391857 0.966858 12
0.309017 -0.951057 0.961175 14
0.809017 -0.587785 1.027458 10
0.321175 -0.475528 1.005429 11
0.309017 -0.951057 0.961175 14
0.333333 -0.000000 1.051500 7
-0.206011 -0.391857 0.966858 12
0.321175 -0.475528 1.005429 11
0.809017 0.587785 1.030743 3
0.333333 -0.000000 1.051500 7
1.000000 0.000000 1.067795 6
0.809017 0.587785 1.030743 3
0.309017 0.951057 0.964731 1
0.012158 0.475528 0.980836 4
-0.809017 -0.587785 0.924072 13
-0.309017 -0.951057 0.934177 15
-0.206011 -0.391857 0.966858 12
