-0.507514 0.097964 1.560727 8
-0.809017 -0.587785 1.547817 13
-0.206011 -0.391857 1.575719 12
-0.507514 0.097964 1.560727 8
-1.000000 -0.000000 1.547511 9
-0.809017 -0.587785 1.547817 13
0.333333 -0.000000 1.630005 7
-0.507514 0.097964 1.560727 8
-0.206011 -0.391857 1.575719 12
0.012158 0.475528 1.589669 4
-0.809017 0.587785 1.545567 5
-0.507514 0.097964 1.560727 8
0.333333 -0.000000 1.630005 7
0.012158 0.475528 1.589669 4
-0.507514 0.097964 1.560727 8
0.012158 0.475528 1.589669 4
0.309017 0.951057 1.592860 1
-0.309017 0.951057 1.565599 2
0.012158 0.475528 1.589669 4
0.333333 -0.000000 1.630005 7
0.809017 0.587785 1.637516 3
-0.809017 0.587785 1.545567 5
0.012158 0.475528 1.589669 4
-0.309017 0.951057 1.565599 2
-0.809017 0.587785 1.545567 5
-1.000000 -0.000000 1.547511 9
-0.507514 0.097964 1.560727 8
-0.309017 -0.951057 1.561841 15
0.309017 -0.951057 1.590588 14
-0.206011 -0.391857 1.575719 12
0.321175 -0.475528 1.610839 11
0.809017 -0.587785 1.635183 10
0.333333 -0.000000 1.630005 7
0.333333 -0.000000 1.630005 7
0.809017 -0.587785 1.635183 10
1.000000 0.000000 1.656504 6
0.321175 -0.475528 1.610839 11
-0.206011 -0.391857 1.575719 12
0.309017 -0.951057 1.590588 14
0.809017 -0.587785 1.635183 10
0.321175 -0.475528 1.610839 11
0.309017 -0.951057 1.590588 14
0.333333 -0.000000 1.630005 7
-0.206011 -0.391857 1.575719 12
0.321175 -0.475528 1.610839 11
0.809017 0.587785 1.637516 3
0.333333 -0.000000 1.630005 7
1.000000 0.000000 1.656504 6
0.809017 0.587785 1.637516 3
0.309017 0.951057 1.592860 1
0.012158 0.475528 1.589669 4
-0.809017 -0.587785 1.547817 13
-0.309017 -0.951057 1.561841 15
-0.206011 -0.391857 1.575719 12
