-0.507514 0.097964 1.115015 8
-0.809017 -0.587785 1.093450 13
-0.206011 -0.391857 1.130869 12
-0.507514 0.097964 1.115015 8
-1.000000 -0.000000 1.095979 9
-0.809017 -0.587785 1.093450 13
0.333333 -0.000000 1.204346 7
-0.507514 0.097964 1.115015 8
-0.206011 -0.391857 1.130869 12
0.012158 0.475528 1.144969 4
-0.809017 0.587785 1.090274 5
-0.507514 0.097964 1.115015 8
0.333333 -0.000000 1.204346 7
0.012158 0.475528 1.144969 4
-0.507514 0.097964 1.115015 8
0.012158 0.475528 1.144969 4
0.309017 0.951057 1.136990 1
-0.309017 0.951057 1.109194 2
0.012158 0.475528 1.144969 4
0.333333 -0.000000 1.204346 7
0.809017 0.587785 1.196249 3
-0.809017 0.587785 1.090274 5
0.012158 0.475528 1.144969 4
-0.309017 0.951057 1.109194 2
-0.809017 0.587785 1.090274 5
-1.000000 -0.000000 1.095979 9
-0.507514 0.097964 1.115015 8
-0.309017 -0.951057 1.104980 15
0.309017 -0.951057 1.133569 14
-0.206011 -0.391857 1.130869 12
0.321175 -0.475528 1.168916 11
0.809017 -0.587785 1.193458 10
0.333333 -0.000000 1.204346 7
0.333333 -0.000000 1.204346 7
0.809017 -0.587785 1.193458 10
1.000000 0.000000 1.226953 6
0.321175 -0.475528 1.168916 11
-0.206011 -0.391857 1.130869 12
0.309017 -0.951057 1.133569 14
0.809017 -0.587785 1.193458 10
0.321175 -0.475528 1.168916 11
0.309017 -0.951057 1.133569 14
0.333333 -0.000000 1.204346 7
-0.206011 -0.391857 1.130869 12
0.321175 -0.475528 1.168916 11
0.809017 0.587785 1.196249 3
0.333333 -0.000000 1.204346 7
1.000000 0.000000 1.226953 6
0.809017 0.587785 1.196249 3
0.309017 0.951057 1.136990 1
0.012158 0.475528 1.144969 4
-0.809017 -0.587785 1.093450 13
-0.309017 -0.951057 1.104980 15
-0.206011 -0.391857 1.130869 12
