-0.507514 0.097964 0.774810 8
-0.809017 -0.587785 0.742445 13
-0.206011 -0.391857 0.792191 12
-0.507514 0.097964 0.774810 8
-1.000000 -0.000000 0.748328 9
-0.809017 -0.587785 0.742445 13
0.333333 -0.000000 0.893703 7
-0.507514 0.097964 0.774810 8
-0.206011 -0.391857 0.792191 12
0.012158 0.475528 0.806138 4
-0.809017 0.587785 0.738253 5
-0.507514 0.097964 0.774810 8
0.333333 -0.000000 0.893703 7
0.012158 0.475528 0.806138 4
-0.507514 0.097964 0.774810 8
0.012158 0.475528 0.806138 4
0.309017 0.951057 0.777549 1
-0.309017 0.951057 0.755589 2
0.012158 0.475528 0.806138 4
0.333333 -0.000000 0.893703 7
0.809017 0.587785 0.851508 3
-0.809017 0.587785 0.738253 5
0.012158 0.475528 0.806138 4
-0.309017 0.951057 0.755589 2
-0.809017 0.587785 0.738253 5
-1.000000 -0.000000 0.748328 9
-0.507514 0.097964 0.774810 8
-0.309017 -0.951057 0.750789 15
0.309017 -0.951057 0.774361 14
-0.206011 -0.391857 0.792191 12
0.321175 -0.475528 0.831132 11
0.809017 -0.587785 0.847119 10
0.333333 -0.000000 0.893703 7
0.333333 -0.000000 0.893703 7
0.809017 -0.587785 0.847119 10
1.000000 0.000000 0.896759 6
0.321175 -0.475528 0.831132 11
-0.206011 -0.391857 0.792191 12
0.309017 -0.951057 0.774361 14
0.809017 -0.587785 0.847119 10
0.321175 -0.475528 0.831132 11
0.309017 -0.951057 0.774361 14
0.333333 -0.000000 0.893703 7
-0.206011 -0.391857 0.792191 12
0.321175 -0.475528 0.831132 11
0.809017 0.587785 0.851508 3
0.333333 -0.000000 0.893703 7
1.000000 0.000000 0.896759 6
0.809017 0.587785 0.851508 3
0.309017 0.951057 0.777549 1
0.012158 0.475528 0.806138 4
-0.809017 -0.587785 0.742445 13
-0.309017 -0.951057 0.750789 15
-0.206011 -0.391857 0.792191 12
