-0.507514 0.097964 1.416484 8
-0.809017 -0.587785 1.401381 13
-0.206011 -0.391857 1.431718 12
-0.507514 0.097964 1.416484 8
-1.000000 -0.000000 1.401838 9
-0.809017 -0.587785 1.401381 13
0.333333 -0.000000 1.491048 7
-0.507514 0.097964 1.416484 8
-0.206011 -0.391857 1.431718 12
0.012158 0.475528 1.445817 4
-0.809017 0.587785 1.398856 5
-0.507514 0.097964 1.416484 8
0.333333 -0.000000 1.491048 7
0.012158 0.475528 1.445817 4
-0.507514 0.097964 1.416484 8
0.012158 0.475528 1.445817 4
0.309017 0.951057 1.446617 1
-0.309017 0.951057 1.418680 2
0.012158 0.475528 1.445817 4
0.333333 -0.000000 1.491048 7
0.809017 0.587785 1.495462 3
-0.809017 0.587785 1.398856 5
0.012158 0.475528 1.445817 4
-0.309017 0.951057 1.418680 2
-0.809017 0.587785 1.398856 5
-1.000000 -0.000000 1.401838 9
-0.507514 0.097964 1.416484 8
-0.309017 -0.951057 1.414808 15
0.309017 -0.951057 1.443946 14
-0.206011 -0.391857 1.431718 12
0.321175 -0.475528 1.467992 11
0.809017 -0.587785 1.493038 10
0.333333 -0.000000 1.491048 7
0.333333 -0.000000 1.491048 7
0.809017 -0.587785 1.493038 10
1.000000 0.000000 1.517516 6
0.321175 -0.475528 1.467992 11
-0.206011 -0.391857 1.431718 12
0.309017 -0.951057 1.443946 14
0.809017 -0.587785 1.493038 10
0.321175 -0.475528 1.467992 11
0.309017 -0.951057 1.443946 14
0.333333 -0.000000 1.491048 7
-0.206011 -0.391857 1.431718 12
0.321175 -0.475528 1.467992 11
0.809017 0.587785 1.495462 3
0.333333 -0.000000 1.491048 7
1.000000 0.000000 1.517516 6
0.809017 0.587785 1.495462 3
0.309017 0.951057 1.446617 1
0.012158 0.475528 1.445817 4
-0.809017 -0.587785 1.401381 13
-0.309017 -0.951057 1.414808 15
-0.206011 -0.391857 1.431718 12
