-0.507514 0.097964 2.013960 8
-0.809017 -0.587785 2.005481 13
-0.206011 -0.391857 2.028061 12
-0.507514 0.097964 2.013960 8
-1.000000 -0.000000 2.003561 9
-0.809017 -0.587785 2.005481 13
0.333333 -0.000000 2.070498 7
-0.507514 0.097964 2.013960 8
-0.206011 -0.391857 2.028061 12
0.012158 0.475528 2.041046 4
-0.809017 0.587785 2.003973 5
-0.507514 0.097964 2.013960 8
0.333333 -0.000000 2.070498 7
0.012158 0.475528 2.041046 4
-0.507514 0.097964 2.013960 8
0.012158 0.475528 2.041046 4
0.309017 0.951057 2.047774 1
-0.309017 0.951057 2.023764 2
0.012158 0.475528 2.041046 4
0.333333 -0.000000 2.070498 7
0.809017 0.587785 2.081877 3
-0.809017 0.587785 2.003973 5
0.012158 0.475528 2.041046 4
-0.309017 0.951057 2.023764 2
-0.809017 0.587785 2.003973 5
-1.000000 -0.000000 2.003561 9
-0.507514 0.097964 2.013960 8
-0.309017 -0.951057 2.020307 15
0.309017 -0.951057 2.046511 14
-0.206011 -0.391857 2.028061 12
0.321175 -0.475528 2.058938 11
0.809017 -0.587785 2.079796 10
0.333333 -0.000000 2.070498 7
0.333333 -0.000000 2.070498 7
0.809017 -0.587785 2.079796 10
1.000000 0.000000 2.094229 6
0.321175 -0.475528 2.058938 11
-0.206011 -0.391857 2.028061 12
0.309017 -0.951057 2.046511 14
0.809017 -0.587785 2.079796 10
0.321175 -0.475528 2.058938 11
0.309017 -0.951057 2.046511 14
0.333333 -0.000000 2.070498 7
-0.206011 -0.391857 2.028061 12
0.321175 -0.475528 2.058938 11
0.809017 0.587785 2.081877 3
0.333333 -0.000000 2.070498 7
1.000000 0.000000 2.094229 6
0.809017 0.587785 2.081877 3
0.309017 0.951057 2.047774 1
0.012158 0.475528 2.041046 4
-0.809017 -0.587785 2.005481 13
-0.309017 -0.951057 2.020307 15
-0.206011 -0.391857 2.028061 12
