-0.507514 0.097964 1.507696 8
-0.809017 -0.587785 1.494036 13
-0.206011 -0.391857 1.522777 12
-0.507514 0.097964 1.507696 8
-1.000000 -0.000000 1.493995 9
-0.809017 -0.587785 1.494036 13
0.333333 -0.000000 1.578823 7
-0.507514 0.097964 1.507696 8
-0.206011 -0.391857 1.522777 12
0.012158 0.475528 1.536793 4
-0.809017 0.587785 1.491688 5
-0.507514 0.097964 1.507696 8
0.333333 -0.000000 1.578823 7
0.012158 0.475528 1.536793 4
-0.507514 0.097964 1.507696 8
0.012158 0.475528 1.536793 4
0.309017 0.951057 1.539205 1
-0.309017 0.951057 1.511661 2
0.012158 0.475528 1.536793 4
0.333333 -0.000000 1.578823 7
0.809017 0.587785 1.585347 3
-0.809017 0.587785 1.491688 5
0.012158 0.475528 1.536793 4
-0.309017 0.951057 1.511661 2
-0.809017 0.587785 1.491688 5
-1.000000 -0.000000 1.493995 9
-0.507514 0.097964 1.507696 8
-0.309017 -0.951057 1.507863 15
0.309017 -0.951057 1.536788 14
-0.206011 -0.391857 1.522777 12
0.321175 -0.475528 1.558339 11
0.809017 -0.587785 1.582983 10
0.333333 -0.000000 1.578823 7
0.333333 -0.000000 1.578823 7
0.809017 -0.587785 1.582983 10
1.000000 0.000000 1.605396 6
0.321175 -0.475528 1.558339 11
-0.206011 -0.391857 1.522777 12
0.309017 -0.951057 1.536788 14
0.809017 -0.587785 1.582983 10
0.321175 -0.475528 1.558339 11
0.309017 -0.951057 1.536788 14
0.333333 -0.000000 1.578823 7
-0.206011 -0.391857 1.522777 12
0.321175 -0.475528 1.558339 11
0.809017 0.587785 1.585347 3
0.333333 -0.000000 1.578823 7
1.000000 0.000000 1.605396 6
0.809017 0.587785 1.585347 3
0.309017 0.951057 1.539205 1
0.012158 0.475528 1.536793 4
-0.809017 -0.587785 1.494036 13
-0.309017 -0.951057 1.507863 15
-0.206011 -0.391857 1.522777 12
