-0.507514 0.097964 2.153649 8
-0.809017 -0.587785 2.146040 13
-0.206011 -0.391857 2.167411 12
-0.507514 0.097964 2.153649 8
-1.000000 -0.000000 2.143818 9
-0.809017 -0.587785 2.146040 13
0.333333 -0.000000 2.207013 7
-0.507514 0.097964 2.153649 8
-0.206011 -0.391857 2.167411 12
0.012158 0.475528 2.179999 4
-0.809017 0.587785 2.144720 5
-0.507514 0.097964 2.153649 8
0.333333 -0.000000 2.207013 7
0.012158 0.475528 2.179999 4
-0.507514 0.097964 2.153649 8
0.012158 0.475528 2.179999 4
0.309017 0.951057 2.187112 1
-0.309017 0.951057 2.164210 2
0.012158 0.475528 2.179999 4
0.333333 -0.000000 2.207013 7
0.809017 0.587785 2.218611 3
-0.809017 0.587785 2.144720 5
0.012158 0.475528 2.179999 4
-0.309017 0.951057 2.164210 2
-0.809017 0.587785 2.144720 5
-1.000000 -0.000000 2.143818 9
-0.507514 0.097964 2.153649 8
-0.309017 -0.951057 2.160847 15
0.309017 -0.951057 2.186070 14
-0.206011 -0.391857 2.167411 12
0.321175 -0.475528 2.196921 11
0.809017 -0.587785 2.216615 10
0.333333 -0.000000 2.207013 7
0.333333 -0.000000 2.207013 7
0.809017 -0.587785 2.216615 10
1.000000 0.000000 2.229560 6
0.321175 -0.475528 2.196921 11
-0.206011 -0.391857 2.167411 12
0.309017 -0.951057 2.186070 14
0.809017 -0.587785 2.216615 10
0.321175 -0.475528 2.196921 11
0.309017 -0.951057 2.186070 14
0.333333 -0.000000 2.207013 7
-0.206011 -0.391857 2.167411 12
0.321175 -0.475528 2.196921 11
0.809017 0.587785 2.218611 3
0.333333 -0.000000 2.207013 7
1.000000 0.000000 2.229560 6
0.809017 0.587785 2.218611 3
0.309017 0.951057 2.187112 1
0.012158 0.475528 2.179999 4
-0.809017 -0.587785 2.146040 13
-0.309017 -0.951057 2.160847 15
-0.206011 -0.391857 2.167411 12
