-0.507514 0.097964 1.656970 8
-0.809017 -0.587785 1.645272 13
-0.206011 -0.391857 1.671796 12
-0.507514 0.097964 1.656970 8
-1.000000 -0.000000 1.644530 9
-0.809017 -0.587785 1.645272 13
0.333333 -0.000000 1.723131 7
-0.507514 0.097964 1.656970 8
-0.206011 -0.391857 1.671796 12
0.012158 0.475528 1.685597 4
-0.809017 0.587785 1.643196 5
-0.507514 0.097964 1.656970 8
0.333333 -0.000000 1.723131 7
0.012158 0.475528 1.685597 4
-0.507514 0.097964 1.656970 8
0.012158 0.475528 1.685597 4
0.309017 0.951057 1.689954 1
-0.309017 0.951057 1.663286 2
0.012158 0.475528 1.685597 4
0.333333 -0.000000 1.723131 7
0.809017 0.587785 1.732061 3
-0.809017 0.587785 1.643196 5
0.012158 0.475528 1.685597 4
-0.309017 0.951057 1.663286 2
-0.809017 0.587785 1.643196 5
-1.000000 -0.000000 1.644530 9
-0.507514 0.097964 1.656970 8
-0.309017 -0.951057 1.659595 15
0.309017 -0.951057 1.687933 14
-0.206011 -0.391857 1.671796 12
0.321175 -0.475528 1.706072 11
0.809017 -0.587785 1.729781 10
0.333333 -0.000000 1.723131 7
0.333333 -0.000000 1.723131 7
0.809017 -0.587785 1.729781 10
1.000000 0.000000 1.749304 6
0.321175 -0.475528 1.706072 11
-0.206011 -0.391857 1.671796 12
0.309017 -0.951057 1.687933 14
0.809017 -0.587785 1.729781 10
0.321175 -0.475528 1.706072 11
0.309017 -0.951057 1.687933 14
0.333333 -0.000000 1.723131 7
-0.206011 -0.391857 1.671796 12
0.321175 -0.475528 1.706072 11
0.809017 0.587785 1.732061 3
0.333333 -0.000000 1.723131 7
1.000000 0.000000 1.749304 6
0.809017 0.587785 1.732061 3
0.309017 0.951057 1.689954 1
0.012158 0.475528 1.685597 4
-0.809017 -0.587785 1.645272 13
-0.309017 -0.951057 1.659595 15
-0.206011 -0.391857 1.671796 12
