-0.507514 0.097964 0.673880 8
-0.809017 -0.587785 0.637921 13
-0.206011 -0.391857 0.692009 12
-0.507514 0.097964 0.673880 8
-1.000000 -0.000000 0.645117 9
-0.809017 -0.587785 0.637921 13
0.333333 -0.000000 0.806979 7
-0.507514 0.097964 0.673880 8
-0.206011 -0.391857 0.692009 12
0.012158 0.475528 0.706125 4
-0.809017 0.587785 0.633313 5
-0.507514 0.097964 0.673880 8
0.333333 -0.000000 0.806979 7
0.012158 0.475528 0.706125 4
-0.507514 0.097964 0.673880 8
0.012158 0.475528 0.706125 4
0.309017 0.951057 0.668272 1
-0.309017 0.951057 0.650109 2
0.012158 0.475528 0.706125 4
0.333333 -0.000000 0.806979 7
0.809017 0.587785 0.746907 3
-0.809017 0.587785 0.633313 5
0.012158 0.475528 0.706125 4
-0.309017 0.951057 0.650109 2
-0.809017 0.587785 0.633313 5
-1.000000 -0.000000 0.645117 9
-0.507514 0.097964 0.673880 8
-0.309017 -0.951057 0.645236 15
0.309017 -0.951057 0.665631 14
-0.206011 -0.391857 0.692009 12
0.321175 -0.475528 0.731298 11
0.809017 -0.587785 0.741410 10
0.333333 -0.000000 0.806979 7
0.333333 -0.000000 0.806979 7
0.809017 -0.587785 0.741410 10
1.000000 0.000000 0.797430 6
0.321175 -0.475528 0.731298 11
-0.206011 -0.391857 0.692009 12
0.309017 -0.951057 0.665631 14
0.809017 -0.587785 0.741410 10
0.321175 -0.475528 0.731298 11
0.309017 -0.951057 0.665631 14
0.333333 -0.000000 0.806979 7
-0.206011 -0.391857 0.692009 12
0.321175 -0.475528 0.731298 11
0.809017 0.587785 0.746907 3
0.333333 -0.000000 0.806979 7
1.000000 0.000000 0.797430 6
0.809017 0.587785 0.746907 3
0.309017 0.951057 0.668272 1
0.012158 0.475528 0.706125 4
-0.809017 -0.587785 0.637921 13
-0.309017 -0.951057 0.645236 15
-0.206011 -0.391857 0.692009 12
