-0.507514 0.097964 0.511626 8
-0.809017 -0.587785 0.470707 13
-0.206011 -0.391857 0.531046 12
-0.507514 0.097964 0.511626 8
-1.000000 -0.000000 0.480432 9
-0.809017 -0.587785 0.470707 13
0.333333 -0.000000 0.677491 7
-0.507514 0.097964 0.511626 8
-0.206011 -0.391857 0.531046 12
0.012158 0.475528 0.546033 4
-0.809017 0.587785 0.465290 5
-0.507514 0.097964 0.511626 8
0.333333 -0.000000 0.677491 7
0.012158 0.475528 0.546033 4
-0.507514 0.097964 0.511626 8
0.012158 0.475528 0.546033 4
0.309017 0.951057 0.490517 1
-0.309017 0.951057 0.481079 2
0.012158 0.475528 0.546033 4
0.333333 -0.000000 0.677491 7
0.809017 0.587785 0.575642 3
-0.809017 0.587785 0.465290 5
0.012158 0.475528 0.546033 4
-0.309017 0.951057 0.481079 2
-0.809017 0.587785 0.465290 5
-1.000000 -0.000000 0.480432 9
-0.507514 0.097964 0.511626 8
-0.309017 -0.951057 0.476700 15
0.309017 -0.951057 0.489206 14
-0.206011 -0.391857 0.531046 12
0.321175 -0.475528 0.571820 11
0.809017 -0.587785 0.567224 10
0.333333 -0.000000 0.677491 7
0.333333 -0.000000 0.677491 7
0.809017 -0.587785 0.567224 10
1.000000 0.000000 0.634712 6
0.321175 -0.475528 0.571820 11
-0.206011 -0.391857 0.531046 12
0.309017 -0.951057 0.489206 14
0.809017 -0.587785 0.567224 10
0.321175 -0.475528 0.571820 11
0.309017 -0.951057 0.489206 14
0.333333 -0.000000 0.677491 7
-0.206011 -0.391857 0.531046 12
0.321175 -0.475528 0.571820 11
0.809017 0.587785 0.575642 3
0.333333 -0.000000 0.677491 7
1.000000 0.000000 0.634712 6
0.809017 0.587785 0.575642 3
0.309017 0.951057 0.490517 1
0.012158 0.475528 0.546033 4
-0.809017 -0.587785 0.470707 13
-0.309017 -0.951057 0.476700 15
-0.206011 -0.391857 0.531046 12
