-0.507514 0.097964 0.407568 8
-0.809017 -0.587785 0.365072 13
-0.206011 -0.391857 0.427401 12
-0.507514 0.097964 0.407568 8
-1.000000 -0.000000 0.376612 9
-0.809017 -0.587785 0.365072 13
0.333333 -0.000000 0.604333 7
-0.507514 0.097964 0.407568 8
-0.206011 -0.391857 0.427401 12
0.012158 0.475528 0.443447 4
-0.809017 0.587785 0.359135 5
-0.507514 0.097964 0.407568 8
0.333333 -0.000000 0.604333 7
0.012158 0.475528 0.443447 4
-0.507514 0.097964 0.407568 8
0.012158 0.475528 0.443447 4
0.309017 0.951057 0.376349 1
-0.309017 0.951057 0.374013 2
0.012158 0.475528 0.443447 4
0.333333 -0.000000 0.604333 7
0.809017 0.587785 0.463381 3
-0.809017 0.587785 0.359135 5
0.012158 0.475528 0.443447 4
-0.309017 0.951057 0.374013 2
-0.809017 0.587785 0.359135 5
-1.000000 -0.000000 0.376612 9
-0.507514 0.097964 0.407568 8
-0.309017 -0.951057 0.370823 15
0.309017 -0.951057 0.375894 14
-0.206011 -0.391857 0.427401 12
0.321175 -0.475528 0.470181 11
0.809017 -0.587785 0.452187 10
0.333333 -0.000000 0.604333 7
0.333333 -0.000000 0.604333 7
0.809017 -0.587785 0.452187 10
1.000000 0.000000 0.526806 6
0.321175 -0.475528 0.470181 11
-0.206011 -0.391857 0.427401 12
0.309017 -0.951057 0.375894 14
0.809017 -0.587785 0.452187 10
0.321175 -0.475528 0.470181 11
0.309017 -0.951057 0.375894 14
0.333333 -0.000000 0.604333 7
-0.206011 -0.391857 0.427401 12
0.321175 -0.475528 0.470181 11
0.809017 0.587785 0.463381 3
0.333333 -0.000000 0.604333 7
1.000000 0.000000 0.526806 6
0.809017 0.587785 0.463381 3
0.309017 0.951057 0.376349 1
0.012158 0.475528 0.443447 4
-0.809017 -0.587785 0.365072 13
-0.309017 -0.951057 0.370823 15
-0.206011 -0.391857 0.427401 12
