-1.000000 1.000000 0.000000 298
-1.000000 0.866667 0.000000 296
-0.866667 1.000000 0.000000 297
-0.840000 0.680000 -0.007116 285
-0.911111 0.822222 -0.004022 294
-1.000000 0.733333 0.000000 292
-0.680000 0.893333 0.001999 287
-0.800000 0.800000 0.013299 288
-0.666667 0.733333 -0.004778 280
-0.680000 0.893333 0.001999 287
-0.733333 1.000000 0.000000 295
-0.822222 0.911111 -0.017901 293
-0.911111 0.822222 -0.004022 294
-0.800000 0.800000 0.013299 288
-0.822222 0.911111 -0.017901 293
-1.000000 0.733333 0.000000 292
-0.911111 0.822222 -0.004022 294
-1.000000 0.866667 0.000000 296
-0.840000 0.680000 -0.007116 285
-1.000000 0.600000 0.000000 289
-0.888889 0.555556 0.008319 284
-1.000000 0.866667 0.000000 296
-0.911111 0.822222 -0.004022 294
-0.866667 1.000000 0.000000 297
-0.700000 0.583333 -0.001800 276
-0.800000 0.500000 -0.001434 275
-0.644444 0.481481 -0.000027 262
-0.666667 0.733333 -0.004778 280
-0.700000 0.583333 -0.001800 276
-0.600000 0.600000 0.000077 269
-0.840000 0.680000 -0.007116 285
-0.800000 0.500000 -0.001434 275
-0.700000 0.583333 -0.001800 276
-1.000000 0.733333 0.000000 292
-1.000000 0.600000 0.000000 289
-0.840000 0.680000 -0.007116 285
-1.000000 0.600000 0.000000 289
-1.000000 0.466667 0.000000 291
-0.888889 0.555556 0.008319 284
-0.566667 0.711111 -0.006862 270
-0.466667 0.688889 0.005125 265
-0.523810 0.809524 -0.007027 278
-0.600000 0.600000 0.000077 269
-0.566667 0.711111 -0.006862 270
-0.666667 0.733333 -0.004778 280
-0.600000 0.600000 0.000077 269
-0.466667 0.688889 0.005125 265
-0.566667 0.711111 -0.006862 270
-0.666667 0.733333 -0.004778 280
-0.840000 0.680000 -0.007116 285
-0.700000 0.583333 -0.001800 276
-0.840000 0.680000 -0.007116 285
-0.666667 0.733333 -0.004778 280
-0.800000 0.800000 0.013299 288
-0.911111 0.822222 -0.004022 294
-0.840000 0.680000 -0.007116 285
-0.800000 0.800000 0.013299 288
-0.888889 0.555556 0.008319 284
-0.800000 0.500000 -0.001434 275
-0.840000 0.680000 -0.007116 285
-1.000000 0.466667 0.000000 291
-0.900000 0.416667 -0.010351 283
-0.888889 0.555556 0.008319 284
-0.800000 0.400000 -0.004070 274
-0.644444 0.481481 -0.000027 262
-0.800000 0.500000 -0.001434 275
-0.680000 0.893333 0.001999 287
-0.600000 1.000000 0.000000 286
-0.733333 1.000000 0.000000 295
-0.888889 0.555556 0.008319 284
-0.900000 0.416667 -0.010351 283
-0.800000 0.500000 -0.001434 275
-0.428571 0.904762 -0.004584 266
-0.333333 1.000000 0.000000 263
-0.466667 1.000000 0.000000 277
-0.555556 0.911111 0.002395 279
-0.428571 0.904762 -0.004584 266
-0.466667 1.000000 0.000000 277
-0.400000 0.800000 -0.006513 264
-0.288889 0.896296 -0.000387 253
-0.428571 0.904762 -0.004584 266
-0.600000 1.000000 0.000000 286
-0.555556 0.911111 0.002395 279
-0.466667 1.000000 0.000000 277
-0.900000 0.300000 0.009947 282
-1.000000 0.333333 0.000000 290
-1.000000 0.200000 0.000000 281
-0.800000 0.400000 -0.004070 274
-0.900000 0.300000 0.009947 282
-0.806061 0.236364 -0.011432 272
-0.900000 0.416667 -0.010351 283
-1.000000 0.466667 0.000000 291
-1.000000 0.333333 0.000000 290
-0.800000 0.400000 -0.004070 274
-0.900000 0.416667 -0.010351 283
-0.900000 0.300000 0.009947 282
-0.800000 0.400000 -0.004070 274
-0.800000 0.500000 -0.001434 275
-0.900000 0.416667 -0.010351 283
-0.555556 0.911111 0.002395 279
-0.523810 0.809524 -0.007027 278
-0.428571 0.904762 -0.004584 266
-0.906667 0.160000 -0.007420 273
-0.900000 0.300000 0.009947 282
-1.000000 0.200000 0.000000 281
-1.000000 0.066667 0.000000 271
-0.906667 0.160000 -0.007420 273
-1.000000 0.200000 0.000000 281
-0.680000 0.893333 0.001999 287
-0.555556 0.911111 0.002395 279
-0.600000 1.000000 0.000000 286
-0.822222 0.911111 -0.017901 293
-0.800000 0.800000 0.013299 288
-0.680000 0.893333 0.001999 287
-0.866667 1.000000 0.000000 297
-0.822222 0.911111 -0.017901 293
-0.733333 1.000000 0.000000 295
-0.866667 1.000000 0.000000 297
-0.911111 0.822222 -0.004022 294
-0.822222 0.911111 -0.017901 293
-0.666667 0.733333 -0.004778 280
-0.523810 0.809524 -0.007027 278
-0.680000 0.893333 0.001999 287
-0.533333 0.533333 0.002727 258
-0.600000 0.600000 0.000077 269
-0.644444 0.481481 -0.000027 262
-0.720000 0.346667 0.009484 267
-0.612121 0.321212 0.000016 255
-0.644444 0.481481 -0.000027 262
-0.418182 0.575758 0.001700 251
-0.466667 0.688889 0.005125 265
-0.533333 0.533333 0.002727 258
-0.523810 0.809524 -0.007027 278
-0.555556 0.911111 0.002395 279
-0.680000 0.893333 0.001999 287
-0.566667 0.711111 -0.006862 270
-0.523810 0.809524 -0.007027 278
-0.666667 0.733333 -0.004778 280
-0.466667 0.688889 0.005125 265
-0.400000 0.800000 -0.006513 264
-0.523810 0.809524 -0.007027 278
-0.533333 0.533333 0.002727 258
-0.466667 0.688889 0.005125 265
-0.600000 0.600000 0.000077 269
-0.418182 0.575758 0.001700 251
-0.321212 0.612121 0.007947 234
-0.346667 0.720000 0.001934 252
-0.903030 0.030303 0.002444 260
-0.806061 0.127273 0.008094 261
-0.906667 0.160000 -0.007420 273
-1.000000 -0.066667 0.000000 268
-0.903030 0.030303 0.002444 260
-1.000000 0.066667 0.000000 271
-1.000000 -0.066667 0.000000 268
-0.903030 -0.151515 0.000786 257
-0.903030 0.030303 0.002444 260
-1.000000 -0.200000 0.000000 256
-0.903030 -0.151515 0.000786 257
-1.000000 -0.066667 0.000000 268
-0.810909 -0.126465 0.005984 243
-0.709091 -0.048485 0.009594 230
-0.808485 0.000404 -0.008489 247
-0.813333 -0.253333 -0.001388 244
-0.810909 -0.126465 0.005984 243
-0.903030 -0.151515 0.000786 257
-0.813333 -0.253333 -0.001388 244
-0.709091 -0.321212 0.001577 227
-0.650909 -0.153939 -0.007060 225
-1.000000 -0.200000 0.000000 256
-1.000000 -0.333333 0.000000 254
-0.900000 -0.300000 0.002085 242
0.183333 -0.483333 0.011646 78
0.066667 -0.333333 -0.051686 102
0.066667 -0.466667 0.032493 101
0.206667 -0.660000 -0.007069 74
0.315556 -0.573333 -0.015155 55
0.183333 -0.483333 0.011646 78
0.304242 -0.248485 -0.018524 93
0.338182 -0.129697 -0.067809 100
0.185455 -0.224242 0.081035 112
0.745455 -0.224242 -0.013492 41
0.632323 -0.175758 0.009382 62
0.660606 -0.321212 0.014351 40
0.185455 -0.224242 0.081035 112
0.066667 -0.333333 -0.051686 102
0.215152 -0.330303 -0.042118 94
-0.282424 -0.374545 0.012585 159
-0.385859 -0.292929 -0.007596 180
-0.398788 -0.432727 -0.010331 174
-0.166061 -0.396364 0.019683 136
-0.282424 -0.374545 0.012585 159
-0.224242 -0.478788 0.007573 138
-0.166061 -0.396364 0.019683 136
-0.162828 -0.288081 -0.060982 145
-0.282424 -0.374545 0.012585 159
-0.147677 -0.559394 0.053395 139
-0.078788 -0.472727 -0.042130 115
-0.224242 -0.478788 0.007573 138
-0.321061 -0.544697 -0.001728 160
-0.147677 -0.559394 0.053395 139
-0.224242 -0.478788 0.007573 138
-0.071111 -0.640000 0.026806 116
-0.078788 -0.472727 -0.042130 115
-0.147677 -0.559394 0.053395 139
-0.049697 -0.258182 0.090334 122
-0.159596 -0.179798 -0.059708 144
-0.162828 -0.288081 -0.060982 145
0.066667 0.066667 -0.081640 154
-0.069091 0.117576 0.320395 175
-0.046465 -0.002020 0.043869 163
-0.366465 0.202424 0.109173 224
-0.498990 0.256566 -0.021228 241
-0.450505 0.127273 -0.002204 228
-0.272727 0.127273 0.176794 206
-0.366465 0.202424 0.109173 224
-0.450505 0.127273 -0.002204 228
-0.282424 0.277576 0.166997 217
-0.398788 0.347879 -0.042828 231
-0.366465 0.202424 0.109173 224
0.066667 -0.066667 -0.035430 143
-0.046465 -0.123232 0.012228 142
0.066667 -0.200000 -0.036587 119
-0.288889 0.896296 -0.000387 253
-0.200000 1.000000 0.000000 250
-0.333333 1.000000 0.000000 263
-0.900000 -0.300000 0.002085 242
-0.813333 -0.253333 -0.001388 244
-0.903030 -0.151515 0.000786 257
-0.900000 -0.416667 -0.007448 240
-0.900000 -0.300000 0.002085 242
-1.000000 -0.333333 0.000000 254
-0.900000 -0.416667 -0.007448 240
-0.800000 -0.400000 0.006686 226
-0.900000 -0.300000 0.002085 242
-1.000000 -0.600000 0.000000 237
-0.888889 -0.555556 -0.004777 222
-1.000000 -0.466667 0.000000 239
-0.800000 -0.400000 0.006686 226
-0.709091 -0.321212 0.001577 227
-0.813333 -0.253333 -0.001388 244
-0.888889 -0.555556 -0.004777 222
-0.800000 -0.500000 0.012123 223
-0.900000 -0.416667 -0.007448 240
-0.688889 -0.466667 -0.014120 204
-0.709091 -0.321212 0.001577 227
-0.800000 -0.400000 0.006686 226
-0.127273 0.806061 -0.007292 215
-0.160000 0.906667 0.003205 235
-0.224242 0.745455 -0.008128 236
0.066667 0.866667 0.010730 190
-0.030303 0.903030 0.007439 213
-0.030303 0.769697 -0.014091 194
0.160000 0.773333 0.011624 173
0.066667 0.866667 0.010730 190
0.066667 0.733333 -0.021498 193
0.160000 0.906667 -0.002295 188
0.066667 1.000000 0.000000 210
0.066667 0.866667 0.010730 190
-0.066667 1.000000 0.000000 232
-0.160000 0.906667 0.003205 235
-0.030303 0.903030 0.007439 213
-0.160000 0.906667 0.003205 235
-0.200000 1.000000 0.000000 250
-0.288889 0.896296 -0.000387 253
-0.127273 0.806061 -0.007292 215
-0.030303 0.903030 0.007439 213
-0.160000 0.906667 0.003205 235
-0.191919 0.608081 0.019917 214
-0.078788 0.672727 0.012388 216
-0.224242 0.745455 -0.008128 236
-0.030303 0.769697 -0.014091 194
-0.030303 0.903030 0.007439 213
-0.127273 0.806061 -0.007292 215
-0.066667 1.000000 0.000000 232
-0.200000 1.000000 0.000000 250
-0.160000 0.906667 0.003205 235
-0.906667 0.160000 -0.007420 273
-0.806061 0.236364 -0.011432 272
-0.900000 0.300000 0.009947 282
-0.808485 0.000404 -0.008489 247
-0.903030 -0.151515 0.000786 257
-0.810909 -0.126465 0.005984 243
-0.700000 0.583333 -0.001800 276
-0.644444 0.481481 -0.000027 262
-0.600000 0.600000 0.000077 269
-1.000000 0.333333 0.000000 290
-0.900000 0.300000 0.009947 282
-0.900000 0.416667 -0.010351 283
-0.720000 0.346667 0.009484 267
-0.644444 0.481481 -0.000027 262
-0.800000 0.400000 -0.004070 274
-0.806061 0.236364 -0.011432 272
-0.720000 0.346667 0.009484 267
-0.800000 0.400000 -0.004070 274
-1.000000 0.066667 0.000000 271
-0.903030 0.030303 0.002444 260
-0.906667 0.160000 -0.007420 273
-0.709091 0.224242 0.008565 259
-0.612121 0.321212 0.000016 255
-0.720000 0.346667 0.009484 267
-0.806061 0.127273 0.008094 261
-0.709091 0.224242 0.008565 259
-0.806061 0.236364 -0.011432 272
-0.563636 -0.259394 0.008872 203
-0.650909 -0.153939 -0.007060 225
-0.709091 -0.321212 0.001577 227
-0.476364 -0.364848 -0.002445 195
-0.563636 -0.259394 0.008872 203
-0.612121 -0.406061 -0.004828 205
-0.476364 -0.364848 -0.002445 195
-0.385859 -0.292929 -0.007596 180
-0.563636 -0.259394 0.008872 203
-0.579798 0.175758 -0.011150 246
-0.709091 0.087879 0.003104 248
-0.579798 0.039394 -0.020584 229
-0.806061 0.127273 0.008094 261
-0.709091 0.087879 0.003104 248
-0.709091 0.224242 0.008565 259
-0.806061 0.127273 0.008094 261
-0.808485 0.000404 -0.008489 247
-0.709091 0.087879 0.003104 248
-0.808485 0.000404 -0.008489 247
-0.903030 0.030303 0.002444 260
-0.903030 -0.151515 0.000786 257
-0.709091 0.087879 0.003104 248
-0.808485 0.000404 -0.008489 247
-0.709091 -0.048485 0.009594 230
-0.806061 0.127273 0.008094 261
-0.903030 0.030303 0.002444 260
-0.808485 0.000404 -0.008489 247
-0.321061 -0.544697 -0.001728 160
-0.515152 -0.490909 0.016864 182
-0.481481 -0.644444 -0.018582 161
0.066667 -0.200000 -0.036587 119
-0.046465 -0.123232 0.012228 142
-0.049697 -0.258182 0.090334 122
-0.476364 -0.364848 -0.002445 195
-0.515152 -0.490909 0.016864 182
-0.398788 -0.432727 -0.010331 174
-0.579798 0.175758 -0.011150 246
-0.498990 0.256566 -0.021228 241
-0.612121 0.321212 0.000016 255
-0.709091 -0.048485 0.009594 230
-0.579798 0.039394 -0.020584 229
-0.709091 0.087879 0.003104 248
-0.450505 0.127273 -0.002204 228
-0.498990 0.256566 -0.021228 241
-0.579798 0.175758 -0.011150 246
-0.709091 -0.321212 0.001577 227
-0.688889 -0.466667 -0.014120 204
-0.612121 -0.406061 -0.004828 205
-0.900000 -0.416667 -0.007448 240
-1.000000 -0.333333 0.000000 254
-1.000000 -0.466667 0.000000 239
-0.650909 -0.153939 -0.007060 225
-0.810909 -0.126465 0.005984 243
-0.813333 -0.253333 -0.001388 244
-0.046465 -0.002020 0.043869 163
-0.046465 -0.123232 0.012228 142
0.066667 -0.066667 -0.035430 143
0.066667 0.066667 -0.081640 154
-0.046465 -0.002020 0.043869 163
0.066667 -0.066667 -0.035430 143
-0.170909 0.122424 0.376528 196
-0.166061 0.287273 0.295374 197
-0.282424 0.277576 0.166997 217
0.066667 0.200000 0.022030 155
-0.069091 0.117576 0.320395 175
0.066667 0.066667 -0.081640 154
-0.272727 0.127273 0.176794 206
-0.450505 0.127273 -0.002204 228
-0.391246 0.006061 0.088671 207
-0.170909 0.122424 0.376528 196
-0.272727 0.127273 0.176794 206
-0.191919 0.030303 0.194289 183
-0.069091 0.117576 0.320395 175
-0.170909 0.122424 0.376528 196
-0.191919 0.030303 0.194289 183
-0.069091 0.117576 0.320395 175
-0.049697 0.243636 0.361744 176
-0.170909 0.122424 0.376528 196
-0.282424 0.277576 0.166997 217
-0.366465 0.202424 0.109173 224
-0.272727 0.127273 0.176794 206
-0.806061 0.236364 -0.011432 272
-0.906667 0.160000 -0.007420 273
-0.806061 0.127273 0.008094 261
-0.903030 -0.151515 0.000786 257
-1.000000 -0.200000 0.000000 256
-0.900000 -0.300000 0.002085 242
-0.030303 -0.781818 -0.015975 97
0.066667 -0.866667 0.004899 76
0.066667 -0.733333 -0.011034 96
-0.071111 -0.640000 0.026806 116
-0.030303 -0.781818 -0.015975 97
0.066667 -0.733333 -0.011034 96
-0.127273 -0.830303 0.001392 99
0.066667 -0.866667 0.004899 76
-0.030303 -0.781818 -0.015975 97
0.066667 -0.600000 0.005805 95
-0.071111 -0.640000 0.026806 116
0.066667 -0.733333 -0.011034 96
-0.274074 -0.822222 0.001527 118
-0.200000 -1.000000 0.000000 98
-0.127273 -0.830303 0.001392 99
0.066667 -1.000000 0.000000 54
0.066667 -0.866667 0.004899 76
-0.066667 -1.000000 0.000000 75
0.178667 0.248000 -0.071943 149
0.160000 0.406667 -0.004000 151
0.066667 0.333333 -0.016814 169
-1.000000 -1.000000 0.000000 218
-0.866667 -1.000000 0.000000 198
-1.000000 -0.866667 0.000000 219
-0.911111 -0.822222 -0.019011 220
-1.000000 -0.866667 0.000000 219
-0.866667 -1.000000 0.000000 198
-0.800000 -0.866667 -0.001714 199
-0.866667 -1.000000 0.000000 198
-0.733333 -1.000000 0.000000 177
-0.680000 -0.840000 -0.009894 178
-0.600000 -1.000000 0.000000 156
-0.555556 -0.911111 0.005284 157
-0.680000 -0.840000 -0.009894 178
-0.733333 -1.000000 0.000000 177
-0.600000 -1.000000 0.000000 156
-0.800000 -0.866667 -0.001714 199
-0.911111 -0.822222 -0.019011 220
-0.866667 -1.000000 0.000000 198
-0.680000 -0.840000 -0.009894 178
-0.800000 -0.866667 -0.001714 199
-0.733333 -1.000000 0.000000 177
-0.680000 -0.840000 -0.009894 178
-0.666667 -0.733333 -0.003396 179
-0.786667 -0.760000 0.012686 200
-0.523810 -0.809524 0.024294 158
-0.680000 -0.840000 -0.009894 178
-0.555556 -0.911111 0.005284 157
-0.666667 -0.733333 -0.003396 179
-0.481481 -0.644444 -0.018582 161
-0.600000 -0.600000 0.013349 181
-1.000000 -0.733333 0.000000 238
-1.000000 -0.866667 0.000000 219
-0.911111 -0.822222 -0.019011 220
-0.600000 -1.000000 0.000000 156
-0.466667 -1.000000 0.000000 134
-0.555556 -0.911111 0.005284 157
-0.786667 -0.760000 0.012686 200
-0.800000 -0.866667 -0.001714 199
-0.680000 -0.840000 -0.009894 178
-0.700000 -0.583333 -0.013702 201
-0.777778 -0.644444 0.009009 202
-0.666667 -0.733333 -0.003396 179
-0.893333 -0.680000 -0.010581 221
-0.911111 -0.822222 -0.019011 220
-0.786667 -0.760000 0.012686 200
-0.428571 -0.904762 0.003829 135
-0.274074 -0.822222 0.001527 118
-0.400000 -0.800000 -0.034054 141
-0.911111 -0.822222 -0.019011 220
-0.893333 -0.680000 -0.010581 221
-1.000000 -0.733333 0.000000 238
-0.127273 -0.830303 0.001392 99
-0.200000 -1.000000 0.000000 98
-0.066667 -1.000000 0.000000 75
-0.688889 -0.466667 -0.014120 204
-0.515152 -0.490909 0.016864 182
-0.612121 -0.406061 -0.004828 205
-0.813333 -0.253333 -0.001388 244
-0.900000 -0.300000 0.002085 242
-0.800000 -0.400000 0.006686 226
-0.666667 -0.733333 -0.003396 179
-0.680000 -0.840000 -0.009894 178
-0.523810 -0.809524 0.024294 158
-0.481481 -0.644444 -0.018582 161
-0.666667 -0.733333 -0.003396 179
-0.523810 -0.809524 0.024294 158
-0.777778 -0.644444 0.009009 202
-0.893333 -0.680000 -0.010581 221
-0.786667 -0.760000 0.012686 200
-0.666667 -0.733333 -0.003396 179
-0.777778 -0.644444 0.009009 202
-0.786667 -0.760000 0.012686 200
-0.700000 -0.583333 -0.013702 201
-0.800000 -0.500000 0.012123 223
-0.777778 -0.644444 0.009009 202
-0.800000 -0.500000 0.012123 223
-0.888889 -0.555556 -0.004777 222
-0.777778 -0.644444 0.009009 202
-0.800000 -0.400000 0.006686 226
-0.800000 -0.500000 0.012123 223
-0.688889 -0.466667 -0.014120 204
-0.800000 -0.400000 0.006686 226
-0.900000 -0.416667 -0.007448 240
-0.800000 -0.500000 0.012123 223
-0.786667 -0.760000 0.012686 200
-0.911111 -0.822222 -0.019011 220
-0.800000 -0.866667 -0.001714 199
-1.000000 -0.733333 0.000000 238
-0.893333 -0.680000 -0.010581 221
-1.000000 -0.600000 0.000000 237
-0.600000 -0.600000 0.013349 181
-0.481481 -0.644444 -0.018582 161
-0.515152 -0.490909 0.016864 182
-0.688889 -0.466667 -0.014120 204
-0.600000 -0.600000 0.013349 181
-0.515152 -0.490909 0.016864 182
-0.700000 -0.583333 -0.013702 201
-0.666667 -0.733333 -0.003396 179
-0.600000 -0.600000 0.013349 181
-0.466667 -1.000000 0.000000 134
-0.428571 -0.904762 0.003829 135
-0.555556 -0.911111 0.005284 157
-0.700000 -0.583333 -0.013702 201
-0.600000 -0.600000 0.013349 181
-0.688889 -0.466667 -0.014120 204
-0.400000 -0.800000 -0.034054 141
-0.481481 -0.644444 -0.018582 161
-0.523810 -0.809524 0.024294 158
-0.555556 -0.911111 0.005284 157
-0.428571 -0.904762 0.003829 135
-0.523810 -0.809524 0.024294 158
-0.274074 -0.822222 0.001527 118
-0.346667 -0.720000 0.043468 140
-0.400000 -0.800000 -0.034054 141
-0.049697 -0.364848 -0.008286 121
-0.078788 -0.472727 -0.042130 115
0.066667 -0.466667 0.032493 101
-0.400000 -0.800000 -0.034054 141
-0.346667 -0.720000 0.043468 140
-0.481481 -0.644444 -0.018582 161
-0.243333 -0.656667 -0.066386 137
-0.185303 -0.743485 -0.008287 117
-0.071111 -0.640000 0.026806 116
-0.274074 -0.822222 0.001527 118
-0.333333 -1.000000 0.000000 114
-0.200000 -1.000000 0.000000 98
-0.800000 -0.500000 0.012123 223
-0.700000 -0.583333 -0.013702 201
-0.688889 -0.466667 -0.014120 204
-1.000000 -0.466667 0.000000 239
-0.888889 -0.555556 -0.004777 222
-0.900000 -0.416667 -0.007448 240
-0.893333 -0.680000 -0.010581 221
-0.777778 -0.644444 0.009009 202
-0.888889 -0.555556 -0.004777 222
-0.127273 -0.830303 0.001392 99
-0.066667 -1.000000 0.000000 75
0.066667 -0.866667 0.004899 76
-0.888889 -0.555556 -0.004777 222
-1.000000 -0.600000 0.000000 237
-0.893333 -0.680000 -0.010581 221
-0.428571 -0.904762 0.003829 135
-0.333333 -1.000000 0.000000 114
-0.274074 -0.822222 0.001527 118
-0.523810 -0.809524 0.024294 158
-0.428571 -0.904762 0.003829 135
-0.400000 -0.800000 -0.034054 141
-0.466667 -1.000000 0.000000 134
-0.333333 -1.000000 0.000000 114
-0.428571 -0.904762 0.003829 135
0.896296 -0.288889 -0.006920 30
0.745455 -0.224242 -0.013492 41
0.833333 -0.400000 -0.009276 29
-0.321061 -0.544697 -0.001728 160
-0.398788 -0.432727 -0.010331 174
-0.515152 -0.490909 0.016864 182
-0.346667 -0.720000 0.043468 140
-0.321061 -0.544697 -0.001728 160
-0.481481 -0.644444 -0.018582 161
-0.243333 -0.656667 -0.066386 137
-0.147677 -0.559394 0.053395 139
-0.321061 -0.544697 -0.001728 160
-0.078788 -0.472727 -0.042130 115
-0.166061 -0.396364 0.019683 136
-0.224242 -0.478788 0.007573 138
0.066667 -0.600000 0.005805 95
-0.078788 -0.472727 -0.042130 115
-0.071111 -0.640000 0.026806 116
-0.049697 -0.364848 -0.008286 121
-0.166061 -0.396364 0.019683 136
-0.078788 -0.472727 -0.042130 115
-0.191919 0.030303 0.194289 183
-0.232323 -0.103030 0.067798 164
-0.139394 -0.052525 0.073425 162
-0.282424 -0.374545 0.012585 159
-0.272727 -0.236364 0.027656 165
-0.385859 -0.292929 -0.007596 180
-0.139394 -0.052525 0.073425 162
-0.046465 -0.123232 0.012228 142
-0.046465 -0.002020 0.043869 163
-0.191919 0.030303 0.194289 183
-0.139394 -0.052525 0.073425 162
-0.046465 -0.002020 0.043869 163
-0.232323 -0.103030 0.067798 164
-0.159596 -0.179798 -0.059708 144
-0.139394 -0.052525 0.073425 162
-0.162828 -0.288081 -0.060982 145
-0.159596 -0.179798 -0.059708 144
-0.272727 -0.236364 0.027656 165
-0.282424 -0.374545 0.012585 159
-0.162828 -0.288081 -0.060982 145
-0.272727 -0.236364 0.027656 165
-0.166061 -0.396364 0.019683 136
-0.049697 -0.364848 -0.008286 121
-0.162828 -0.288081 -0.060982 145
-0.049697 -0.258182 0.090334 122
-0.046465 -0.123232 0.012228 142
-0.159596 -0.179798 -0.059708 144
-0.049697 -0.364848 -0.008286 121
-0.049697 -0.258182 0.090334 122
-0.162828 -0.288081 -0.060982 145
-0.049697 -0.364848 -0.008286 121
0.066667 -0.333333 -0.051686 102
-0.049697 -0.258182 0.090334 122
0.416667 -0.900000 -0.032983 21
0.333333 -1.000000 0.000000 22
0.466667 -1.000000 0.000000 13
0.555556 -0.888889 -0.013692 14
0.416667 -0.900000 -0.032983 21
0.466667 -1.000000 0.000000 13
0.400000 -0.800000 0.010984 33
0.253333 -0.813333 0.006530 52
0.300000 -0.900000 -0.002582 34
0.300000 -0.900000 -0.002582 34
0.160000 -0.906667 -0.013475 53
0.200000 -1.000000 0.000000 35
0.206667 -0.660000 -0.007069 74
0.253333 -0.813333 0.006530 52
0.346667 -0.720000 0.012292 51
0.160000 -0.773333 0.016922 73
0.066667 -0.866667 0.004899 76
0.160000 -0.906667 -0.013475 53
0.206667 -0.660000 -0.007069 74
0.160000 -0.773333 0.016922 73
0.253333 -0.813333 0.006530 52
0.066667 -0.733333 -0.011034 96
0.066667 -0.866667 0.004899 76
0.160000 -0.773333 0.016922 73
0.066667 -0.866667 0.004899 76
0.066667 -1.000000 0.000000 54
0.160000 -0.906667 -0.013475 53
0.160000 -0.906667 -0.013475 53
0.066667 -1.000000 0.000000 54
0.200000 -1.000000 0.000000 35
-0.346667 -0.720000 0.043468 140
-0.243333 -0.656667 -0.066386 137
-0.321061 -0.544697 -0.001728 160
-0.346667 0.720000 0.001934 252
-0.466667 0.688889 0.005125 265
-0.418182 0.575758 0.001700 251
-0.288889 0.896296 -0.000387 253
-0.346667 0.720000 0.001934 252
-0.224242 0.745455 -0.008128 236
-0.400000 0.800000 -0.006513 264
-0.466667 0.688889 0.005125 265
-0.346667 0.720000 0.001934 252
-0.288889 0.896296 -0.000387 253
-0.400000 0.800000 -0.006513 264
-0.346667 0.720000 0.001934 252
-0.160000 0.906667 0.003205 235
-0.288889 0.896296 -0.000387 253
-0.224242 0.745455 -0.008128 236
-0.333333 1.000000 0.000000 263
-0.428571 0.904762 -0.004584 266
-0.288889 0.896296 -0.000387 253
-0.428571 0.904762 -0.004584 266
-0.523810 0.809524 -0.007027 278
-0.400000 0.800000 -0.006513 264
-0.709091 0.224242 0.008565 259
-0.720000 0.346667 0.009484 267
-0.806061 0.236364 -0.011432 272
-0.476364 -0.364848 -0.002445 195
-0.612121 -0.406061 -0.004828 205
-0.515152 -0.490909 0.016864 182
-0.385859 -0.292929 -0.007596 180
-0.476364 -0.364848 -0.002445 195
-0.398788 -0.432727 -0.010331 174
-0.447811 -0.187273 -0.008709 186
-0.331987 -0.115152 -0.017137 185
-0.487677 -0.027071 0.027061 208
-0.385859 -0.292929 -0.007596 180
-0.447811 -0.187273 -0.008709 186
-0.563636 -0.259394 0.008872 203
-0.385859 -0.292929 -0.007596 180
-0.272727 -0.236364 0.027656 165
-0.447811 -0.187273 -0.008709 186
-0.515152 0.418182 0.012744 249
-0.418182 0.446970 0.003379 245
-0.533333 0.533333 0.002727 258
-0.498990 0.256566 -0.021228 241
-0.515152 0.418182 0.012744 249
-0.612121 0.321212 0.000016 255
-0.398788 0.347879 -0.042828 231
-0.282424 0.277576 0.166997 217
-0.224242 0.375758 0.038158 211
-0.498990 0.256566 -0.021228 241
-0.398788 0.347879 -0.042828 231
-0.515152 0.418182 0.012744 249
-0.498990 0.256566 -0.021228 241
-0.366465 0.202424 0.109173 224
-0.398788 0.347879 -0.042828 231
-0.709091 0.224242 0.008565 259
-0.579798 0.175758 -0.011150 246
-0.612121 0.321212 0.000016 255
-0.232323 -0.103030 0.067798 164
-0.331987 -0.115152 -0.017137 185
-0.272727 -0.236364 0.027656 165
-0.046465 -0.123232 0.012228 142
-0.139394 -0.052525 0.073425 162
-0.159596 -0.179798 -0.059708 144
-0.291582 0.018182 -0.008537 184
-0.391246 0.006061 0.088671 207
-0.331987 -0.115152 -0.017137 185
-0.191919 0.030303 0.194289 183
-0.291582 0.018182 -0.008537 184
-0.232323 -0.103030 0.067798 164
-0.191919 0.030303 0.194289 183
-0.272727 0.127273 0.176794 206
-0.291582 0.018182 -0.008537 184
-0.069091 0.117576 0.320395 175
-0.191919 0.030303 0.194289 183
-0.046465 -0.002020 0.043869 163
-0.272727 0.127273 0.176794 206
-0.391246 0.006061 0.088671 207
-0.291582 0.018182 -0.008537 184
-0.709091 0.224242 0.008565 259
-0.709091 0.087879 0.003104 248
-0.579798 0.175758 -0.011150 246
-0.563636 -0.259394 0.008872 203
-0.709091 -0.321212 0.001577 227
-0.612121 -0.406061 -0.004828 205
-0.447811 -0.187273 -0.008709 186
-0.487677 -0.027071 0.027061 208
-0.584108 -0.060202 -0.014766 209
-0.709091 -0.048485 0.009594 230
-0.810909 -0.126465 0.005984 243
-0.650909 -0.153939 -0.007060 225
-0.049697 0.243636 0.361744 176
0.066667 0.200000 0.022030 155
0.066667 0.333333 -0.016814 169
-0.166061 0.287273 0.295374 197
-0.049697 0.243636 0.361744 176
-0.078788 0.354545 0.094770 189
-0.069091 0.117576 0.320395 175
0.066667 0.200000 0.022030 155
-0.049697 0.243636 0.361744 176
-0.078788 0.354545 0.094770 189
0.066667 0.333333 -0.016814 169
0.066667 0.466667 -0.041285 171
-0.062626 0.515152 -0.020620 191
-0.078788 0.354545 0.094770 189
0.066667 0.466667 -0.041285 171
0.066667 0.600000 0.033922 192
-0.062626 0.515152 -0.020620 191
0.066667 0.466667 -0.041285 171
-0.191919 0.608081 0.019917 214
-0.208081 0.491919 -0.026882 212
-0.062626 0.515152 -0.020620 191
-0.166061 0.287273 0.295374 197
-0.170909 0.122424 0.376528 196
-0.049697 0.243636 0.361744 176
-0.062626 0.515152 -0.020620 191
-0.208081 0.491919 -0.026882 212
-0.078788 0.354545 0.094770 189
-0.282424 0.277576 0.166997 217
-0.272727 0.127273 0.176794 206
-0.170909 0.122424 0.376528 196
0.477333 0.509333 0.003636 130
0.585185 0.555556 0.001083 111
0.440000 0.626667 0.002919 131
0.741683 0.030707 -0.003688 59
0.830303 -0.127273 -0.004666 39
0.868485 0.016364 -0.018279 37
0.653064 0.110909 0.037540 63
0.564444 0.191111 -0.023628 87
0.534276 0.073670 -0.030268 86
0.610640 0.000572 0.017067 83
0.653064 0.110909 0.037540 63
0.534276 0.073670 -0.030268 86
0.741683 0.030707 -0.003688 59
0.796364 0.133939 -0.000757 42
0.653064 0.110909 0.037540 63
0.185455 -0.117576 0.017057 120
0.185455 -0.224242 0.081035 112
0.338182 -0.129697 -0.067809 100
0.179798 0.018182 0.072983 132
0.185455 -0.117576 0.017057 120
0.292929 -0.030303 0.023332 113
0.315556 0.128889 0.030710 127
0.179798 0.018182 0.072983 132
0.292929 -0.030303 0.023332 113
0.066667 0.066667 -0.081640 154
0.066667 -0.066667 -0.035430 143
0.179798 0.018182 0.072983 132
0.185455 -0.224242 0.081035 112
0.215152 -0.330303 -0.042118 94
0.304242 -0.248485 -0.018524 93
0.066667 -0.200000 -0.036587 119
0.185455 -0.224242 0.081035 112
0.185455 -0.117576 0.017057 120
0.066667 -0.200000 -0.036587 119
0.066667 -0.333333 -0.051686 102
0.185455 -0.224242 0.081035 112
0.626667 -0.440000 0.000748 38
0.666667 -0.600000 -0.015838 25
0.750000 -0.500000 0.003186 28
0.315556 -0.573333 -0.015155 55
0.206667 -0.660000 -0.007069 74
0.346667 -0.720000 0.012292 51
0.300000 -0.433333 0.062256 72
0.183333 -0.483333 0.011646 78
0.315556 -0.573333 -0.015155 55
0.522727 -0.428788 0.023080 49
0.406061 -0.378788 -0.018403 71
0.416667 -0.516667 -0.027898 50
0.215152 -0.330303 -0.042118 94
0.183333 -0.483333 0.011646 78
0.300000 -0.433333 0.062256 72
0.183333 -0.483333 0.011646 78
0.066667 -0.466667 0.032493 101
0.066667 -0.600000 0.005805 95
0.416667 -0.516667 -0.027898 50
0.300000 -0.433333 0.062256 72
0.315556 -0.573333 -0.015155 55
0.215152 -0.330303 -0.042118 94
0.066667 -0.333333 -0.051686 102
0.183333 -0.483333 0.011646 78
-0.049697 -0.364848 -0.008286 121
0.066667 -0.466667 0.032493 101
0.066667 -0.333333 -0.051686 102
0.066667 -0.200000 -0.036587 119
-0.049697 -0.258182 0.090334 122
0.066667 -0.333333 -0.051686 102
-0.185303 -0.743485 -0.008287 117
-0.346667 -0.720000 0.043468 140
-0.274074 -0.822222 0.001527 118
-0.147677 -0.559394 0.053395 139
-0.243333 -0.656667 -0.066386 137
-0.071111 -0.640000 0.026806 116
-0.224242 -0.478788 0.007573 138
-0.282424 -0.374545 0.012585 159
-0.321061 -0.544697 -0.001728 160
0.416667 -0.516667 -0.027898 50
0.315556 -0.573333 -0.015155 55
0.440000 -0.626667 -0.001885 36
0.626667 -0.440000 0.000748 38
0.750000 -0.500000 0.003186 28
0.660606 -0.321212 0.014351 40
0.632323 -0.175758 0.009382 62
0.473939 -0.161212 0.012479 84
0.512121 -0.324242 -0.031237 60
0.533333 -0.533333 0.012214 32
0.666667 -0.600000 -0.015838 25
0.626667 -0.440000 0.000748 38
0.896296 -0.288889 -0.006920 30
1.000000 -0.200000 0.000000 27
0.830303 -0.127273 -0.004666 39
0.792593 0.377778 -0.025308 90
0.800000 0.500000 -0.020894 68
0.700000 0.500000 0.002095 91
0.900000 0.300000 -0.021733 66
0.904762 0.428571 0.005624 67
0.792593 0.377778 -0.025308 90
0.906667 0.160000 -0.016739 44
0.900000 0.300000 -0.021733 66
0.813333 0.253333 -0.009116 65
1.000000 0.333333 0.000000 45
0.904762 0.428571 0.005624 67
0.900000 0.300000 -0.021733 66
0.904762 0.428571 0.005624 67
0.911111 0.555556 0.013584 70
0.800000 0.500000 -0.020894 68
0.745455 -0.224242 -0.013492 41
0.660606 -0.321212 0.014351 40
0.833333 -0.400000 -0.009276 29
0.830303 -0.127273 -0.004666 39
0.745455 -0.224242 -0.013492 41
0.896296 -0.288889 -0.006920 30
0.657778 0.331111 0.038337 89
0.813333 0.253333 -0.009116 65
0.792593 0.377778 -0.025308 90
0.539556 0.291556 -0.000444 88
0.688889 0.222222 0.012688 64
0.657778 0.331111 0.038337 89
0.402667 0.290667 -0.027703 108
0.440000 0.160000 0.006886 107
0.539556 0.291556 -0.000444 88
0.632323 -0.175758 0.009382 62
0.687003 -0.072525 0.005419 61
0.542290 -0.080320 0.017196 85
0.440000 0.160000 0.006886 107
0.534276 0.073670 -0.030268 86
0.564444 0.191111 -0.023628 87
0.440000 0.160000 0.006886 107
0.315556 0.128889 0.030710 127
0.456970 -0.000606 -0.024974 106
0.688889 0.222222 0.012688 64
0.564444 0.191111 -0.023628 87
0.653064 0.110909 0.037540 63
0.688889 0.222222 0.012688 64
0.796364 0.133939 -0.000757 42
0.813333 0.253333 -0.009116 65
0.160000 0.406667 -0.004000 151
0.066667 0.466667 -0.041285 171
0.066667 0.333333 -0.016814 169
0.346667 0.386667 0.008046 129
0.160000 0.406667 -0.004000 151
0.290667 0.296000 0.055308 128
0.160000 0.540000 0.030229 170
0.170370 0.644444 -0.022892 172
0.066667 0.600000 0.033922 192
0.346667 0.386667 0.008046 129
0.253333 0.480000 0.002288 150
0.160000 0.406667 -0.004000 151
0.346667 0.553333 -0.012250 152
0.170370 0.644444 -0.022892 172
0.160000 0.540000 0.030229 170
0.687003 -0.072525 0.005419 61
0.745455 -0.224242 -0.013492 41
0.830303 -0.127273 -0.004666 39
0.741683 0.030707 -0.003688 59
0.687003 -0.072525 0.005419 61
0.830303 -0.127273 -0.004666 39
0.688889 0.222222 0.012688 64
0.653064 0.110909 0.037540 63
0.796364 0.133939 -0.000757 42
0.687003 -0.072525 0.005419 61
0.632323 -0.175758 0.009382 62
0.745455 -0.224242 -0.013492 41
0.653064 0.110909 0.037540 63
0.610640 0.000572 0.017067 83
0.741683 0.030707 -0.003688 59
0.542290 -0.080320 0.017196 85
0.456970 -0.000606 -0.024974 106
0.473939 -0.161212 0.012479 84
0.632323 -0.175758 0.009382 62
0.542290 -0.080320 0.017196 85
0.473939 -0.161212 0.012479 84
0.610640 0.000572 0.017067 83
0.456970 -0.000606 -0.024974 106
0.542290 -0.080320 0.017196 85
0.741683 0.030707 -0.003688 59
0.610640 0.000572 0.017067 83
0.687003 -0.072525 0.005419 61
0.534276 0.073670 -0.030268 86
0.456970 -0.000606 -0.024974 106
0.610640 0.000572 0.017067 83
0.687003 -0.072525 0.005419 61
0.610640 0.000572 0.017067 83
0.542290 -0.080320 0.017196 85
0.440000 0.160000 0.006886 107
0.456970 -0.000606 -0.024974 106
0.534276 0.073670 -0.030268 86
0.292929 -0.030303 0.023332 113
0.338182 -0.129697 -0.067809 100
0.456970 -0.000606 -0.024974 106
0.522727 -0.428788 0.023080 49
0.416667 -0.516667 -0.027898 50
0.533333 -0.533333 0.012214 32
0.626667 -0.440000 0.000748 38
0.522727 -0.428788 0.023080 49
0.533333 -0.533333 0.012214 32
0.512121 -0.324242 -0.031237 60
0.423030 -0.272727 0.072095 77
0.406061 -0.378788 -0.018403 71
0.338182 -0.129697 -0.067809 100
0.423030 -0.272727 0.072095 77
0.473939 -0.161212 0.012479 84
0.304242 -0.248485 -0.018524 93
0.215152 -0.330303 -0.042118 94
0.300000 -0.433333 0.062256 72
0.473939 -0.161212 0.012479 84
0.423030 -0.272727 0.072095 77
0.512121 -0.324242 -0.031237 60
0.868485 0.016364 -0.018279 37
1.000000 0.066667 0.000000 31
0.906667 0.160000 -0.016739 44
0.741683 0.030707 -0.003688 59
0.868485 0.016364 -0.018279 37
0.796364 0.133939 -0.000757 42
0.830303 -0.127273 -0.004666 39
1.000000 -0.066667 0.000000 26
0.868485 0.016364 -0.018279 37
0.440000 0.626667 0.002919 131
0.500000 0.700000 0.001876 124
0.377778 0.733333 0.001769 147
0.657778 0.331111 0.038337 89
0.792593 0.377778 -0.025308 90
0.626667 0.440000 0.027499 110
0.868485 0.016364 -0.018279 37
0.906667 0.160000 -0.016739 44
0.796364 0.133939 -0.000757 42
0.906667 0.160000 -0.016739 44
1.000000 0.200000 0.000000 43
0.900000 0.300000 -0.021733 66
0.796364 0.133939 -0.000757 42
0.906667 0.160000 -0.016739 44
0.813333 0.253333 -0.009116 65
1.000000 0.066667 0.000000 31
1.000000 0.200000 0.000000 43
0.906667 0.160000 -0.016739 44
0.900000 0.300000 -0.021733 66
1.000000 0.200000 0.000000 43
1.000000 0.333333 0.000000 45
0.300000 -0.900000 -0.002582 34
0.200000 -1.000000 0.000000 35
0.333333 -1.000000 0.000000 22
1.000000 -1.000000 0.000000 1
1.000000 -0.866667 0.000000 3
0.866667 -1.000000 0.000000 2
0.911111 -0.822222 -0.011539 6
1.000000 -0.733333 0.000000 7
0.900000 -0.700000 -0.026362 11
0.800000 -0.900000 -0.012070 5
0.911111 -0.822222 -0.011539 6
0.760000 -0.786667 -0.003827 10
1.000000 -0.866667 0.000000 3
1.000000 -0.733333 0.000000 7
0.911111 -0.822222 -0.011539 6
0.911111 -0.822222 -0.011539 6
0.866667 -1.000000 0.000000 2
1.000000 -0.866667 0.000000 3
0.900000 -0.700000 -0.026362 11
0.760000 -0.786667 -0.003827 10
0.911111 -0.822222 -0.011539 6
0.911111 -0.555556 -0.025693 18
0.822222 -0.611111 -0.001955 17
0.900000 -0.700000 -0.026362 11
0.666667 -0.600000 -0.015838 25
0.583333 -0.700000 0.008006 23
0.733333 -0.666667 -0.010280 16
0.800000 -0.900000 -0.012070 5
0.733333 -1.000000 0.000000 4
0.866667 -1.000000 0.000000 2
0.911111 -0.822222 -0.011539 6
0.800000 -0.900000 -0.012070 5
0.866667 -1.000000 0.000000 2
0.644444 -0.777778 -0.025227 15
0.583333 -0.700000 0.008006 23
0.500000 -0.800000 0.004698 24
0.760000 -0.786667 -0.003827 10
0.644444 -0.777778 -0.025227 15
0.700000 -0.900000 -0.015463 9
0.760000 -0.786667 -0.003827 10
0.733333 -0.666667 -0.010280 16
0.644444 -0.777778 -0.025227 15
0.900000 -0.700000 -0.026362 11
0.733333 -0.666667 -0.010280 16
0.760000 -0.786667 -0.003827 10
1.000000 -0.600000 0.000000 12
0.900000 -0.700000 -0.026362 11
1.000000 -0.733333 0.000000 7
0.750000 -0.500000 0.003186 28
0.833333 -0.400000 -0.009276 29
0.660606 -0.321212 0.014351 40
0.733333 -0.666667 -0.010280 16
0.822222 -0.611111 -0.001955 17
0.666667 -0.600000 -0.015838 25
0.911111 -0.555556 -0.025693 18
0.833333 -0.400000 -0.009276 29
0.750000 -0.500000 0.003186 28
1.000000 -0.600000 0.000000 12
0.911111 -0.555556 -0.025693 18
0.900000 -0.700000 -0.026362 11
1.000000 -0.600000 0.000000 12
1.000000 -0.466667 0.000000 19
0.911111 -0.555556 -0.025693 18
0.555556 -0.888889 -0.013692 14
0.466667 -1.000000 0.000000 13
0.600000 -1.000000 0.000000 8
0.733333 -0.666667 -0.010280 16
0.583333 -0.700000 0.008006 23
0.644444 -0.777778 -0.025227 15
-0.078788 -0.472727 -0.042130 115
0.066667 -0.600000 0.005805 95
0.066667 -0.466667 0.032493 101
-0.185303 -0.743485 -0.008287 117
-0.127273 -0.830303 0.001392 99
-0.030303 -0.781818 -0.015975 97
-0.346667 -0.720000 0.043468 140
-0.185303 -0.743485 -0.008287 117
-0.243333 -0.656667 -0.066386 137
-0.274074 -0.822222 0.001527 118
-0.127273 -0.830303 0.001392 99
-0.185303 -0.743485 -0.008287 117
-0.185303 -0.743485 -0.008287 117
-0.030303 -0.781818 -0.015975 97
-0.071111 -0.640000 0.026806 116
0.160000 -0.906667 -0.013475 53
0.253333 -0.813333 0.006530 52
0.160000 -0.773333 0.016922 73
0.206667 -0.660000 -0.007069 74
0.066667 -0.600000 0.005805 95
0.066667 -0.733333 -0.011034 96
0.160000 -0.773333 0.016922 73
0.206667 -0.660000 -0.007069 74
0.066667 -0.733333 -0.011034 96
0.346667 -0.720000 0.012292 51
0.440000 -0.626667 -0.001885 36
0.315556 -0.573333 -0.015155 55
0.512121 -0.324242 -0.031237 60
0.522727 -0.428788 0.023080 49
0.626667 -0.440000 0.000748 38
0.304242 -0.248485 -0.018524 93
0.300000 -0.433333 0.062256 72
0.406061 -0.378788 -0.018403 71
0.440000 -0.626667 -0.001885 36
0.533333 -0.533333 0.012214 32
0.416667 -0.516667 -0.027898 50
0.400000 -0.800000 0.010984 33
0.440000 -0.626667 -0.001885 36
0.346667 -0.720000 0.012292 51
0.583333 -0.700000 0.008006 23
0.533333 -0.533333 0.012214 32
0.440000 -0.626667 -0.001885 36
0.400000 -0.800000 0.010984 33
0.500000 -0.800000 0.004698 24
0.440000 -0.626667 -0.001885 36
0.833333 -0.400000 -0.009276 29
0.911111 -0.555556 -0.025693 18
1.000000 -0.466667 0.000000 19
0.700000 -0.900000 -0.015463 9
0.555556 -0.888889 -0.013692 14
0.600000 -1.000000 0.000000 8
0.800000 -0.900000 -0.012070 5
0.700000 -0.900000 -0.015463 9
0.733333 -1.000000 0.000000 4
0.800000 -0.900000 -0.012070 5
0.760000 -0.786667 -0.003827 10
0.700000 -0.900000 -0.015463 9
0.833333 -0.400000 -0.009276 29
1.000000 -0.333333 0.000000 20
0.896296 -0.288889 -0.006920 30
0.733333 -1.000000 0.000000 4
0.700000 -0.900000 -0.015463 9
0.600000 -1.000000 0.000000 8
0.830303 -0.127273 -0.004666 39
1.000000 -0.200000 0.000000 27
1.000000 -0.066667 0.000000 26
1.000000 0.066667 0.000000 31
0.868485 0.016364 -0.018279 37
1.000000 -0.066667 0.000000 26
0.833333 -0.400000 -0.009276 29
1.000000 -0.466667 0.000000 19
1.000000 -0.333333 0.000000 20
0.477333 0.509333 0.003636 130
0.626667 0.440000 0.027499 110
0.585185 0.555556 0.001083 111
0.315556 0.128889 0.030710 127
0.292929 -0.030303 0.023332 113
0.456970 -0.000606 -0.024974 106
0.402667 0.290667 -0.027703 108
0.315556 0.128889 0.030710 127
0.440000 0.160000 0.006886 107
0.178667 0.141333 -0.087498 133
0.179798 0.018182 0.072983 132
0.315556 0.128889 0.030710 127
0.066667 0.200000 0.022030 155
0.178667 0.141333 -0.087498 133
0.178667 0.248000 -0.071943 149
0.066667 0.066667 -0.081640 154
0.179798 0.018182 0.072983 132
0.178667 0.141333 -0.087498 133
0.179798 0.018182 0.072983 132
0.066667 -0.066667 -0.035430 143
0.185455 -0.117576 0.017057 120
0.822222 -0.611111 -0.001955 17
0.733333 -0.666667 -0.010280 16
0.900000 -0.700000 -0.026362 11
0.750000 -0.500000 0.003186 28
0.822222 -0.611111 -0.001955 17
0.911111 -0.555556 -0.025693 18
0.750000 -0.500000 0.003186 28
0.666667 -0.600000 -0.015838 25
0.822222 -0.611111 -0.001955 17
0.644444 -0.777778 -0.025227 15
0.555556 -0.888889 -0.013692 14
0.700000 -0.900000 -0.015463 9
0.533333 -0.533333 0.012214 32
0.583333 -0.700000 0.008006 23
0.666667 -0.600000 -0.015838 25
0.500000 -0.800000 0.004698 24
0.555556 -0.888889 -0.013692 14
0.644444 -0.777778 -0.025227 15
0.440000 -0.626667 -0.001885 36
0.500000 -0.800000 0.004698 24
0.583333 -0.700000 0.008006 23
0.400000 -0.800000 0.010984 33
0.416667 -0.900000 -0.032983 21
0.500000 -0.800000 0.004698 24
0.253333 -0.813333 0.006530 52
0.400000 -0.800000 0.010984 33
0.346667 -0.720000 0.012292 51
0.416667 -0.900000 -0.032983 21
0.555556 -0.888889 -0.013692 14
0.500000 -0.800000 0.004698 24
1.000000 -0.333333 0.000000 20
1.000000 -0.200000 0.000000 27
0.896296 -0.288889 -0.006920 30
0.300000 -0.900000 -0.002582 34
0.253333 -0.813333 0.006530 52
0.160000 -0.906667 -0.013475 53
0.416667 -0.900000 -0.032983 21
0.300000 -0.900000 -0.002582 34
0.333333 -1.000000 0.000000 22
0.416667 -0.900000 -0.032983 21
0.400000 -0.800000 0.010984 33
0.300000 -0.900000 -0.002582 34
1.000000 0.866667 0.000000 57
1.000000 1.000000 0.000000 56
0.866667 1.000000 0.000000 79
0.733333 1.000000 0.000000 103
0.600000 1.000000 0.000000 123
0.680000 0.840000 0.012938 105
0.800000 0.900000 0.005100 80
0.911111 0.822222 -0.005555 58
0.866667 1.000000 0.000000 79
0.800000 0.900000 0.005100 80
0.800000 0.800000 0.018031 82
0.911111 0.822222 -0.005555 58
0.733333 1.000000 0.000000 103
0.800000 0.900000 0.005100 80
0.866667 1.000000 0.000000 79
0.733333 1.000000 0.000000 103
0.680000 0.840000 0.012938 105
0.800000 0.900000 0.005100 80
0.733333 0.733333 0.001750 81
0.714286 0.619048 -0.007412 92
0.893333 0.680000 0.017745 69
0.911111 0.822222 -0.005555 58
1.000000 0.733333 0.000000 46
1.000000 0.866667 0.000000 57
0.866667 1.000000 0.000000 79
0.911111 0.822222 -0.005555 58
1.000000 0.866667 0.000000 57
0.800000 0.800000 0.018031 82
0.893333 0.680000 0.017745 69
0.911111 0.822222 -0.005555 58
0.555556 0.911111 0.030688 125
0.600000 1.000000 0.000000 123
0.466667 1.000000 0.000000 146
0.333333 1.000000 0.000000 166
0.400000 0.833333 0.012426 148
0.466667 1.000000 0.000000 146
0.523810 0.809524 0.000148 126
0.600000 0.666667 0.009539 104
0.680000 0.840000 0.012938 105
0.400000 0.833333 0.012426 148
0.555556 0.911111 0.030688 125
0.466667 1.000000 0.000000 146
0.500000 0.700000 0.001876 124
0.523810 0.809524 0.000148 126
0.377778 0.733333 0.001769 147
0.500000 0.700000 0.001876 124
0.600000 0.666667 0.009539 104
0.523810 0.809524 0.000148 126
0.893333 0.680000 0.017745 69
1.000000 0.600000 0.000000 48
1.000000 0.733333 0.000000 46
0.333333 1.000000 0.000000 166
0.300000 0.900000 0.044490 168
0.400000 0.833333 0.012426 148
1.000000 0.466667 0.000000 47
1.000000 0.600000 0.000000 48
0.911111 0.555556 0.013584 70
-0.533333 0.533333 0.002727 258
-0.644444 0.481481 -0.000027 262
-0.515152 0.418182 0.012744 249
0.274074 0.688889 0.007435 153
0.170370 0.644444 -0.022892 172
0.346667 0.553333 -0.012250 152
0.160000 0.906667 -0.002295 188
0.160000 0.773333 0.011624 173
0.253333 0.813333 -0.018685 167
0.066667 0.733333 -0.021498 193
0.066667 0.600000 0.033922 192
0.170370 0.644444 -0.022892 172
0.253333 0.813333 -0.018685 167
0.160000 0.773333 0.011624 173
0.274074 0.688889 0.007435 153
-0.321212 0.475758 0.005929 233
-0.208081 0.491919 -0.026882 212
-0.321212 0.612121 0.007947 234
-0.533333 0.533333 0.002727 258
-0.418182 0.446970 0.003379 245
-0.418182 0.575758 0.001700 251
-0.398788 0.347879 -0.042828 231
-0.224242 0.375758 0.038158 211
-0.321212 0.475758 0.005929 233
0.657778 0.331111 0.038337 89
0.688889 0.222222 0.012688 64
0.813333 0.253333 -0.009116 65
0.514667 0.392000 -0.021093 109
0.657778 0.331111 0.038337 89
0.626667 0.440000 0.027499 110
0.539556 0.291556 -0.000444 88
0.564444 0.191111 -0.023628 87
0.688889 0.222222 0.012688 64
0.514667 0.392000 -0.021093 109
0.539556 0.291556 -0.000444 88
0.657778 0.331111 0.038337 89
0.514667 0.392000 -0.021093 109
0.402667 0.290667 -0.027703 108
0.539556 0.291556 -0.000444 88
-0.515152 0.418182 0.012744 249
-0.644444 0.481481 -0.000027 262
-0.612121 0.321212 0.000016 255
0.406061 -0.378788 -0.018403 71
0.423030 -0.272727 0.072095 77
0.304242 -0.248485 -0.018524 93
0.416667 -0.516667 -0.027898 50
0.406061 -0.378788 -0.018403 71
0.300000 -0.433333 0.062256 72
0.522727 -0.428788 0.023080 49
0.512121 -0.324242 -0.031237 60
0.406061 -0.378788 -0.018403 71
0.660606 -0.321212 0.014351 40
0.512121 -0.324242 -0.031237 60
0.626667 -0.440000 0.000748 38
0.660606 -0.321212 0.014351 40
0.632323 -0.175758 0.009382 62
0.512121 -0.324242 -0.031237 60
-0.291582 0.018182 -0.008537 184
-0.331987 -0.115152 -0.017137 185
-0.232323 -0.103030 0.067798 164
-0.579798 0.039394 -0.020584 229
-0.487677 -0.027071 0.027061 208
-0.450505 0.127273 -0.002204 228
-0.579798 0.175758 -0.011150 246
-0.579798 0.039394 -0.020584 229
-0.450505 0.127273 -0.002204 228
-0.709091 -0.048485 0.009594 230
-0.650909 -0.153939 -0.007060 225
-0.584108 -0.060202 -0.014766 209
-0.232323 -0.103030 0.067798 164
-0.272727 -0.236364 0.027656 165
-0.159596 -0.179798 -0.059708 144
-0.487677 -0.027071 0.027061 208
-0.331987 -0.115152 -0.017137 185
-0.391246 0.006061 0.088671 207
-0.450505 0.127273 -0.002204 228
-0.487677 -0.027071 0.027061 208
-0.391246 0.006061 0.088671 207
-0.584108 -0.060202 -0.014766 209
-0.563636 -0.259394 0.008872 203
-0.447811 -0.187273 -0.008709 186
-0.447811 -0.187273 -0.008709 186
-0.272727 -0.236364 0.027656 165
-0.331987 -0.115152 -0.017137 185
-0.584108 -0.060202 -0.014766 209
-0.650909 -0.153939 -0.007060 225
-0.563636 -0.259394 0.008872 203
-0.579798 0.039394 -0.020584 229
-0.584108 -0.060202 -0.014766 209
-0.487677 -0.027071 0.027061 208
-0.579798 0.039394 -0.020584 229
-0.709091 -0.048485 0.009594 230
-0.584108 -0.060202 -0.014766 209
-0.398788 -0.432727 -0.010331 174
-0.321061 -0.544697 -0.001728 160
-0.282424 -0.374545 0.012585 159
0.178667 0.141333 -0.087498 133
0.315556 0.128889 0.030710 127
0.178667 0.248000 -0.071943 149
0.066667 -0.200000 -0.036587 119
0.185455 -0.117576 0.017057 120
0.066667 -0.066667 -0.035430 143
0.338182 -0.129697 -0.067809 100
0.473939 -0.161212 0.012479 84
0.456970 -0.000606 -0.024974 106
0.185455 -0.117576 0.017057 120
0.338182 -0.129697 -0.067809 100
0.292929 -0.030303 0.023332 113
0.304242 -0.248485 -0.018524 93
0.423030 -0.272727 0.072095 77
0.338182 -0.129697 -0.067809 100
-0.049697 0.243636 0.361744 176
0.066667 0.333333 -0.016814 169
-0.078788 0.354545 0.094770 189
0.183333 -0.483333 0.011646 78
0.066667 -0.600000 0.005805 95
0.206667 -0.660000 -0.007069 74
0.585185 0.555556 0.001083 111
0.500000 0.700000 0.001876 124
0.440000 0.626667 0.002919 131
0.714286 0.619048 -0.007412 92
0.600000 0.666667 0.009539 104
0.585185 0.555556 0.001083 111
0.893333 0.680000 0.017745 69
0.800000 0.800000 0.018031 82
0.733333 0.733333 0.001750 81
1.000000 0.600000 0.000000 48
0.893333 0.680000 0.017745 69
0.911111 0.555556 0.013584 70
1.000000 0.733333 0.000000 46
0.911111 0.822222 -0.005555 58
0.893333 0.680000 0.017745 69
0.680000 0.840000 0.012938 105
0.600000 1.000000 0.000000 123
0.555556 0.911111 0.030688 125
0.680000 0.840000 0.012938 105
0.800000 0.800000 0.018031 82
0.800000 0.900000 0.005100 80
0.523810 0.809524 0.000148 126
0.680000 0.840000 0.012938 105
0.555556 0.911111 0.030688 125
0.733333 0.733333 0.001750 81
0.800000 0.800000 0.018031 82
0.680000 0.840000 0.012938 105
0.300000 0.900000 0.044490 168
0.200000 1.000000 0.000000 187
0.160000 0.906667 -0.002295 188
0.911111 0.555556 0.013584 70
0.904762 0.428571 0.005624 67
1.000000 0.466667 0.000000 47
0.160000 0.906667 -0.002295 188
0.200000 1.000000 0.000000 187
0.066667 1.000000 0.000000 210
0.900000 0.300000 -0.021733 66
0.792593 0.377778 -0.025308 90
0.813333 0.253333 -0.009116 65
-0.030303 0.903030 0.007439 213
0.066667 1.000000 0.000000 210
-0.066667 1.000000 0.000000 232
0.160000 0.906667 -0.002295 188
0.253333 0.813333 -0.018685 167
0.300000 0.900000 0.044490 168
-0.030303 0.903030 0.007439 213
0.066667 0.866667 0.010730 190
0.066667 1.000000 0.000000 210
0.066667 0.866667 0.010730 190
0.160000 0.773333 0.011624 173
0.160000 0.906667 -0.002295 188
-0.321212 0.612121 0.007947 234
-0.191919 0.608081 0.019917 214
-0.224242 0.745455 -0.008128 236
0.274074 0.688889 0.007435 153
0.346667 0.553333 -0.012250 152
0.440000 0.626667 0.002919 131
0.253333 0.813333 -0.018685 167
0.274074 0.688889 0.007435 153
0.377778 0.733333 0.001769 147
0.160000 0.540000 0.030229 170
0.066667 0.600000 0.033922 192
0.066667 0.466667 -0.041285 171
0.160000 0.406667 -0.004000 151
0.160000 0.540000 0.030229 170
0.066667 0.466667 -0.041285 171
0.253333 0.480000 0.002288 150
0.346667 0.553333 -0.012250 152
0.160000 0.540000 0.030229 170
0.160000 0.773333 0.011624 173
0.170370 0.644444 -0.022892 172
0.274074 0.688889 0.007435 153
0.160000 0.773333 0.011624 173
0.066667 0.733333 -0.021498 193
0.170370 0.644444 -0.022892 172
-0.078788 0.672727 0.012388 216
-0.191919 0.608081 0.019917 214
-0.062626 0.515152 -0.020620 191
-0.030303 0.769697 -0.014091 194
-0.078788 0.672727 0.012388 216
0.066667 0.733333 -0.021498 193
0.066667 0.866667 0.010730 190
-0.030303 0.769697 -0.014091 194
0.066667 0.733333 -0.021498 193
-0.127273 0.806061 -0.007292 215
-0.078788 0.672727 0.012388 216
-0.030303 0.769697 -0.014091 194
-0.127273 0.806061 -0.007292 215
-0.224242 0.745455 -0.008128 236
-0.078788 0.672727 0.012388 216
0.160000 0.540000 0.030229 170
0.160000 0.406667 -0.004000 151
0.253333 0.480000 0.002288 150
-0.078788 0.672727 0.012388 216
-0.062626 0.515152 -0.020620 191
0.066667 0.600000 0.033922 192
0.066667 0.733333 -0.021498 193
-0.078788 0.672727 0.012388 216
0.066667 0.600000 0.033922 192
-0.224242 0.375758 0.038158 211
-0.208081 0.491919 -0.026882 212
-0.321212 0.475758 0.005929 233
-0.346667 0.720000 0.001934 252
-0.321212 0.612121 0.007947 234
-0.224242 0.745455 -0.008128 236
-0.418182 0.446970 0.003379 245
-0.515152 0.418182 0.012744 249
-0.398788 0.347879 -0.042828 231
-0.321212 0.475758 0.005929 233
-0.418182 0.446970 0.003379 245
-0.398788 0.347879 -0.042828 231
-0.321212 0.475758 0.005929 233
-0.418182 0.575758 0.001700 251
-0.418182 0.446970 0.003379 245
0.477333 0.509333 0.003636 130
0.514667 0.392000 -0.021093 109
0.626667 0.440000 0.027499 110
0.346667 0.553333 -0.012250 152
0.477333 0.509333 0.003636 130
0.440000 0.626667 0.002919 131
0.346667 0.553333 -0.012250 152
0.346667 0.386667 0.008046 129
0.477333 0.509333 0.003636 130
0.377778 0.733333 0.001769 147
0.274074 0.688889 0.007435 153
0.440000 0.626667 0.002919 131
0.290667 0.296000 0.055308 128
0.160000 0.406667 -0.004000 151
0.178667 0.248000 -0.071943 149
-0.224242 0.375758 0.038158 211
-0.282424 0.277576 0.166997 217
-0.166061 0.287273 0.295374 197
-0.078788 0.354545 0.094770 189
-0.224242 0.375758 0.038158 211
-0.166061 0.287273 0.295374 197
-0.321212 0.475758 0.005929 233
-0.321212 0.612121 0.007947 234
-0.418182 0.575758 0.001700 251
-0.078788 0.354545 0.094770 189
-0.208081 0.491919 -0.026882 212
-0.224242 0.375758 0.038158 211
-0.191919 0.608081 0.019917 214
-0.321212 0.612121 0.007947 234
-0.208081 0.491919 -0.026882 212
0.539556 0.291556 -0.000444 88
0.440000 0.160000 0.006886 107
0.564444 0.191111 -0.023628 87
0.346667 0.386667 0.008046 129
0.402667 0.290667 -0.027703 108
0.514667 0.392000 -0.021093 109
0.346667 0.386667 0.008046 129
0.290667 0.296000 0.055308 128
0.402667 0.290667 -0.027703 108
0.402667 0.290667 -0.027703 108
0.290667 0.296000 0.055308 128
0.315556 0.128889 0.030710 127
0.477333 0.509333 0.003636 130
0.346667 0.386667 0.008046 129
0.514667 0.392000 -0.021093 109
0.346667 0.553333 -0.012250 152
0.253333 0.480000 0.002288 150
0.346667 0.386667 0.008046 129
0.178667 0.248000 -0.071943 149
0.315556 0.128889 0.030710 127
0.290667 0.296000 0.055308 128
0.066667 0.200000 0.022030 155
0.178667 0.248000 -0.071943 149
0.066667 0.333333 -0.016814 169
0.066667 0.200000 0.022030 155
0.066667 0.066667 -0.081640 154
0.178667 0.141333 -0.087498 133
0.300000 0.900000 0.044490 168
0.333333 1.000000 0.000000 166
0.200000 1.000000 0.000000 187
0.377778 0.733333 0.001769 147
0.400000 0.833333 0.012426 148
0.253333 0.813333 -0.018685 167
0.400000 0.833333 0.012426 148
0.523810 0.809524 0.000148 126
0.555556 0.911111 0.030688 125
0.253333 0.813333 -0.018685 167
0.400000 0.833333 0.012426 148
0.300000 0.900000 0.044490 168
0.377778 0.733333 0.001769 147
0.523810 0.809524 0.000148 126
0.400000 0.833333 0.012426 148
0.800000 0.500000 -0.020894 68
0.911111 0.555556 0.013584 70
0.714286 0.619048 -0.007412 92
0.700000 0.500000 0.002095 91
0.800000 0.500000 -0.020894 68
0.714286 0.619048 -0.007412 92
0.585185 0.555556 0.001083 111
0.700000 0.500000 0.002095 91
0.714286 0.619048 -0.007412 92
0.626667 0.440000 0.027499 110
0.792593 0.377778 -0.025308 90
0.700000 0.500000 0.002095 91
0.792593 0.377778 -0.025308 90
0.904762 0.428571 0.005624 67
0.800000 0.500000 -0.020894 68
1.000000 0.466667 0.000000 47
0.904762 0.428571 0.005624 67
1.000000 0.333333 0.000000 45
0.600000 0.666667 0.009539 104
0.733333 0.733333 0.001750 81
0.680000 0.840000 0.012938 105
0.585185 0.555556 0.001083 111
0.600000 0.666667 0.009539 104
0.500000 0.700000 0.001876 124
0.714286 0.619048 -0.007412 92
0.733333 0.733333 0.001750 81
0.600000 0.666667 0.009539 104
0.626667 0.440000 0.027499 110
0.700000 0.500000 0.002095 91
0.585185 0.555556 0.001083 111
0.911111 0.555556 0.013584 70
0.893333 0.680000 0.017745 69
0.714286 0.619048 -0.007412 92
