-0.507514 0.097964 1.390612 8
-0.809017 -0.587785 1.375061 13
-0.206011 -0.391857 1.405890 12
-0.507514 0.097964 1.390612 8
-1.000000 -0.000000 1.375669 9
-0.809017 -0.587785 1.375061 13
0.333333 -0.000000 1.466218 7
-0.507514 0.097964 1.390612 8
-0.206011 -0.391857 1.405890 12
0.012158 0.475528 1.420006 4
-0.809017 0.587785 1.372484 5
-0.507514 0.097964 1.390612 8
0.333333 -0.000000 1.466218 7
0.012158 0.475528 1.420006 4
-0.507514 0.097964 1.390612 8
0.012158 0.475528 1.420006 4
0.309017 0.951057 1.420278 1
-0.309017 0.951057 1.392255 2
0.012158 0.475528 1.420006 4
0.333333 -0.000000 1.466218 7
0.809017 0.587785 1.469925 3
-0.809017 0.587785 1.372484 5
0.012158 0.475528 1.420006 4
-0.309017 0.951057 1.392255 2
-0.809017 0.587785 1.372484 5
-1.000000 -0.000000 1.375669 9
-0.507514 0.097964 1.390612 8
-0.309017 -0.951057 1.388360 15
0.309017 -0.951057 1.417534 14
-0.206011 -0.391857 1.405890 12
0.321175 -0.475528 1.442354 11
0.809017 -0.587785 1.467481 10
0.333333 -0.000000 1.466218 7
0.333333 -0.000000 1.466218 7
0.809017 -0.587785 1.467481 10
1.000000 0.000000 1.492593 6
0.321175 -0.475528 1.442354 11
-0.206011 -0.391857 1.405890 12
0.309017 -0.951057 1.417534 14
0.809017 -0.587785 1.467481 10
0.321175 -0.475528 1.442354 11
0.309017 -0.951057 1.417534 14
0.333333 -0.000000 1.466218 7
-0.206011 -0.391857 1.405890 12
0.321175 -0.475528 1.442354 11
0.809017 0.587785 1.469925 3
0.333333 -0.000000 1.466218 7
1.000000 0.000000 1.492593 6
0.809017 0.587785 1.469925 3
0.309017 0.951057 1.420278 1
0.012158 0.475528 1.420006 4
-0.809017 -0.587785 1.375061 13
-0.309017 -0.951057 1.388360 15
-0.206011 -0.391857 1.405890 12
