-0.507514 0.097964 1.776732 8
-0.809017 -0.587785 1.766310 13
-0.206011 -0.391857 1.791335 12
-0.507514 0.097964 1.776732 8
-1.000000 -0.000000 1.765101 9
-0.809017 -0.587785 1.766310 13
0.333333 -0.000000 1.839369 7
-0.507514 0.097964 1.776732 8
-0.206011 -0.391857 1.791335 12
0.012158 0.475528 1.804904 4
-0.809017 0.587785 1.764438 5
-0.507514 0.097964 1.776732 8
0.333333 -0.000000 1.839369 7
0.012158 0.475528 1.804904 4
-0.507514 0.097964 1.776732 8
0.012158 0.475528 1.804904 4
0.309017 0.951057 1.810345 1
-0.309017 0.951057 1.784513 2
0.012158 0.475528 1.804904 4
0.333333 -0.000000 1.839369 7
0.809017 0.587785 1.849527 3
-0.809017 0.587785 1.764438 5
0.012158 0.475528 1.804904 4
-0.309017 0.951057 1.784513 2
-0.809017 0.587785 1.764438 5
-1.000000 -0.000000 1.765101 9
-0.507514 0.097964 1.776732 8
-0.309017 -0.951057 1.780901 15
0.309017 -0.951057 1.808611 14
-0.206011 -0.391857 1.791335 12
0.321175 -0.475528 1.824505 11
0.809017 -0.587785 1.847313 10
0.333333 -0.000000 1.839369 7
0.333333 -0.000000 1.839369 7
0.809017 -0.587785 1.847313 10
1.000000 0.000000 1.864881 6
0.321175 -0.475528 1.824505 11
-0.206011 -0.391857 1.791335 12
0.309017 -0.951057 1.808611 14
0.809017 -0.587785 1.847313 10
0.321175 -0.475528 1.824505 11
0.309017 -0.951057 1.808611 14
0.333333 -0.000000 1.839369 7
-0.206011 -0.391857 1.791335 12
0.321175 -0.475528 1.824505 11
0.809017 0.587785 1.849527 3
0.333333 -0.000000 1.839369 7
1.000000 0.000000 1.864881 6
0.809017 0.587785 1.849527 3
0.309017 0.951057 1.810345 1
0.012158 0.475528 1.804904 4
-0.809017 -0.587785 1.766310 13
-0.309017 -0.951057 1.780901 15
-0.206011 -0.391857 1.791335 12
