-0.507514 0.097964 0.740377 8
-0.809017 -0.587785 0.706780 13
-0.206011 -0.391857 0.757999 12
-0.507514 0.097964 0.740377 8
-1.000000 -0.000000 0.713090 9
-0.809017 -0.587785 0.706780 13
0.333333 -0.000000 0.863713 7
-0.507514 0.097964 0.740377 8
-0.206011 -0.391857 0.757999 12
0.012158 0.475528 0.771981 4
-0.809017 0.587785 0.702454 5
-0.507514 0.097964 0.740377 8
0.333333 -0.000000 0.863713 7
0.012158 0.475528 0.771981 4
-0.507514 0.097964 0.740377 8
0.012158 0.475528 0.771981 4
0.309017 0.951057 0.740406 1
-0.309017 0.951057 0.719609 2
0.012158 0.475528 0.771981 4
0.333333 -0.000000 0.863713 7
0.809017 0.587785 0.815971 3
-0.809017 0.587785 0.702454 5
0.012158 0.475528 0.771981 4
-0.309017 0.951057 0.719609 2
-0.809017 0.587785 0.702454 5
-1.000000 -0.000000 0.713090 9
-0.507514 0.097964 0.740377 8
-0.309017 -0.951057 0.714768 15
0.309017 -0.951057 0.737376 14
-0.206011 -0.391857 0.757999 12
0.321175 -0.475528 0.797033 11
0.809017 -0.587785 0.811253 10
0.333333 -0.000000 0.863713 7
0.333333 -0.000000 0.863713 7
0.809017 -0.587785 0.811253 10
1.000000 0.000000 0.862985 6
0.321175 -0.475528 0.797033 11
-0.206011 -0.391857 0.757999 12
0.309017 -0.951057 0.737376 14
0.809017 -0.587785 0.811253 10
0.321175 -0.475528 0.797033 11
0.309017 -0.951057 0.737376 14
0.333333 -0.000000 0.863713 7
-0.206011 -0.391857 0.757999 12
0.321175 -0.475528 0.797033 11
0.809017 0.587785 0.815971 3
0.333333 -0.000000 0.863713 7
1.000000 0.000000 0.862985 6
0.809017 0.587785 0.815971 3
0.309017 0.951057 0.740406 1
0.012158 0.475528 0.771981 4
-0.809017 -0.587785 0.706780 13
-0.309017 -0.951057 0.714768 15
-0.206011 -0.391857 0.757999 12
