-0.507514 0.097964 2.078238 8
-0.809017 -0.587785 2.070179 13
-0.206011 -0.391857 2.092186 12
-0.507514 0.097964 2.078238 8
-1.000000 -0.000000 2.068111 9
-0.809017 -0.587785 2.070179 13
0.333333 -0.000000 2.133282 7
-0.507514 0.097964 2.078238 8
-0.206011 -0.391857 2.092186 12
0.012158 0.475528 2.104992 4
-0.809017 0.587785 2.068760 5
-0.507514 0.097964 2.078238 8
0.333333 -0.000000 2.133282 7
0.012158 0.475528 2.104992 4
-0.507514 0.097964 2.078238 8
0.012158 0.475528 2.104992 4
0.309017 0.951057 2.111924 1
-0.309017 0.951057 2.088424 2
0.012158 0.475528 2.104992 4
0.333333 -0.000000 2.133282 7
0.809017 0.587785 2.144796 3
-0.809017 0.587785 2.068760 5
0.012158 0.475528 2.104992 4
-0.309017 0.951057 2.088424 2
-0.809017 0.587785 2.068760 5
-1.000000 -0.000000 2.068111 9
-0.507514 0.097964 2.078238 8
-0.309017 -0.951057 2.085010 15
0.309017 -0.951057 2.110768 14
-0.206011 -0.391857 2.092186 12
0.321175 -0.475528 2.122434 11
0.809017 -0.587785 2.142754 10
0.333333 -0.000000 2.133282 7
0.333333 -0.000000 2.133282 7
0.809017 -0.587785 2.142754 10
1.000000 0.000000 2.156474 6
0.321175 -0.475528 2.122434 11
-0.206011 -0.391857 2.092186 12
0.309017 -0.951057 2.110768 14
0.809017 -0.587785 2.142754 10
0.321175 -0.475528 2.122434 11
0.309017 -0.951057 2.110768 14
0.333333 -0.000000 2.133282 7
-0.206011 -0.391857 2.092186 12
0.321175 -0.475528 2.122434 11
0.809017 0.587785 2.144796 3
0.333333 -0.000000 2.133282 7
1.000000 0.000000 2.156474 6
0.809017 0.587785 2.144796 3
0.309017 0.951057 2.111924 1
0.012158 0.475528 2.104992 4
-0.809017 -0.587785 2.070179 13
-0.309017 -0.951057 2.085010 15
-0.206011 -0.391857 2.092186 12
