-0.507514 0.097964 0.900100 8
-0.809017 -0.587785 0.872090 13
-0.206011 -0.391857 0.916751 12
-0.507514 0.097964 0.900100 8
-1.000000 -0.000000 0.876576 9
-0.809017 -0.587785 0.872090 13
0.333333 -0.000000 1.005582 7
-0.507514 0.097964 0.900100 8
-0.206011 -0.391857 0.916751 12
0.012158 0.475528 0.930698 4
-0.809017 0.587785 0.868329 5
-0.507514 0.097964 0.900100 8
0.333333 -0.000000 1.005582 7
0.012158 0.475528 0.930698 4
-0.507514 0.097964 0.900100 8
0.012158 0.475528 0.930698 4
0.309017 0.951057 0.911461 1
-0.309017 0.951057 0.886295 2
0.012158 0.475528 0.930698 4
0.333333 -0.000000 1.005582 7
0.809017 0.587785 0.979687 3
-0.809017 0.587785 0.868329 5
0.012158 0.475528 0.930698 4
-0.309017 0.951057 0.886295 2
-0.809017 0.587785 0.868329 5
-1.000000 -0.000000 0.876576 9
-0.507514 0.097964 0.900100 8
-0.309017 -0.951057 0.881709 15
0.309017 -0.951057 0.907944 14
-0.206011 -0.391857 0.916751 12
0.321175 -0.475528 0.955433 11
0.809017 -0.587785 0.976165 10
0.333333 -0.000000 1.005582 7
0.333333 -0.000000 1.005582 7
0.809017 -0.587785 0.976165 10
1.000000 0.000000 1.018940 6
0.321175 -0.475528 0.955433 11
-0.206011 -0.391857 0.916751 12
0.309017 -0.951057 0.907944 14
0.809017 -0.587785 0.976165 10
0.321175 -0.475528 0.955433 11
0.309017 -0.951057 0.907944 14
0.333333 -0.000000 1.005582 7
-0.206011 -0.391857 0.916751 12
0.321175 -0.475528 0.955433 11
0.809017 0.587785 0.979687 3
0.333333 -0.000000 1.005582 7
1.000000 0.000000 1.018940 6
0.809017 0.587785 0.979687 3
0.309017 0.951057 0.911461 1
0.012158 0.475528 0.930698 4
-0.809017 -0.587785 0.872090 13
-0.309017 -0.951057 0.881709 15
-0.206011 -0.391857 0.916751 12
