-1.000000 1.000000 0.000000 298
-1.000000 0.866667 0.000000 296
-0.866667 1.000000 0.000000 297
-0.840000 0.680000 -0.006116 285
-0.911111 0.822222 -0.001074 294
-1.000000 0.733333 0.000000 292
-0.680000 0.893333 0.001235 287
-0.800000 0.800000 0.007598 288
-0.666667 0.733333 -0.000787 280
-0.680000 0.893333 0.001235 287
-0.733333 1.000000 0.000000 295
-0.822222 0.911111 -0.012081 293
-0.911111 0.822222 -0.001074 294
-0.800000 0.800000 0.007598 288
-0.822222 0.911111 -0.012081 293
-1.000000 0.733333 0.000000 292
-0.911111 0.822222 -0.001074 294
-1.000000 0.866667 0.000000 296
-0.840000 0.680000 -0.006116 285
-1.000000 0.600000 0.000000 289
-0.888889 0.555556 0.008479 284
-1.000000 0.866667 0.000000 296
-0.911111 0.822222 -0.001074 294
-0.866667 1.000000 0.000000 297
-0.700000 0.583333 -0.000629 276
-0.800000 0.500000 -0.000011 275
-0.644444 0.481481 0.001680 262
-0.666667 0.733333 -0.000787 280
-0.700000 0.583333 -0.000629 276
-0.600000 0.600000 -0.002612 269
-0.840000 0.680000 -0.006116 285
-0.800000 0.500000 -0.000011 275
-0.700000 0.583333 -0.000629 276
-1.000000 0.733333 0.000000 292
-1.000000 0.600000 0.000000 289
-0.840000 0.680000 -0.006116 285
-1.000000 0.600000 0.000000 289
-1.000000 0.466667 0.000000 291
-0.888889 0.555556 0.008479 284
-0.566667 0.711111 -0.004302 270
-0.466667 0.688889 0.004029 265
-0.523810 0.809524 -0.007609 278
-0.600000 0.600000 -0.002612 269
-0.566667 0.711111 -0.004302 270
-0.666667 0.733333 -0.000787 280
-0.600000 0.600000 -0.002612 269
-0.466667 0.688889 0.004029 265
-0.566667 0.711111 -0.004302 270
-0.666667 0.733333 -0.000787 280
-0.840000 0.680000 -0.006116 285
-0.700000 0.583333 -0.000629 276
-0.840000 0.680000 -0.006116 285
-0.666667 0.733333 -0.000787 280
-0.800000 0.800000 0.007598 288
-0.911111 0.822222 -0.001074 294
-0.840000 0.680000 -0.006116 285
-0.800000 0.800000 0.007598 288
-0.888889 0.555556 0.008479 284
-0.800000 0.500000 -0.000011 275
-0.840000 0.680000 -0.006116 285
-1.000000 0.466667 0.000000 291
-0.900000 0.416667 -0.009426 283
-0.888889 0.555556 0.008479 284
-0.800000 0.400000 -0.001759 274
-0.644444 0.481481 0.001680 262
-0.800000 0.500000 -0.000011 275
-0.680000 0.893333 0.001235 287
-0.600000 1.000000 0.000000 286
-0.733333 1.000000 0.000000 295
-0.888889 0.555556 0.008479 284
-0.900000 0.416667 -0.009426 283
-0.800000 0.500000 -0.000011 275
-0.428571 0.904762 -0.005882 266
-0.333333 1.000000 0.000000 263
-0.466667 1.000000 0.000000 277
-0.555556 0.911111 0.003092 279
-0.428571 0.904762 -0.005882 266
-0.466667 1.000000 0.000000 277
-0.400000 0.800000 -0.005728 264
-0.288889 0.896296 -0.007953 253
-0.428571 0.904762 -0.005882 266
-0.600000 1.000000 0.000000 286
-0.555556 0.911111 0.003092 279
-0.466667 1.000000 0.000000 277
-0.900000 0.300000 0.012298 282
-1.000000 0.333333 0.000000 290
-1.000000 0.200000 0.000000 281
-0.800000 0.400000 -0.001759 274
-0.900000 0.300000 0.012298 282
-0.806061 0.236364 -0.013548 272
-0.900000 0.416667 -0.009426 283
-1.000000 0.466667 0.000000 291
-1.000000 0.333333 0.000000 290
-0.800000 0.400000 -0.001759 274
-0.900000 0.416667 -0.009426 283
-0.900000 0.300000 0.012298 282
-0.800000 0.400000 -0.001759 274
-0.800000 0.500000 -0.000011 275
-0.900000 0.416667 -0.009426 283
-0.555556 0.911111 0.003092 279
-0.523810 0.809524 -0.007609 278
-0.428571 0.904762 -0.005882 266
-0.906667 0.160000 -0.006852 273
-0.900000 0.300000 0.012298 282
-1.000000 0.200000 0.000000 281
-1.000000 0.066667 0.000000 271
-0.906667 0.160000 -0.006852 273
-1.000000 0.200000 0.000000 281
-0.680000 0.893333 0.001235 287
-0.555556 0.911111 0.003092 279
-0.600000 1.000000 0.000000 286
-0.822222 0.911111 -0.012081 293
-0.800000 0.800000 0.007598 288
-0.680000 0.893333 0.001235 287
-0.866667 1.000000 0.000000 297
-0.822222 0.911111 -0.012081 293
-0.733333 1.000000 0.000000 295
-0.866667 1.000000 0.000000 297
-0.911111 0.822222 -0.001074 294
-0.822222 0.911111 -0.012081 293
-0.666667 0.733333 -0.000787 280
-0.523810 0.809524 -0.007609 278
-0.680000 0.893333 0.001235 287
-0.533333 0.533333 0.010150 258
-0.600000 0.600000 -0.002612 269
-0.644444 0.481481 0.001680 262
-0.720000 0.346667 0.005766 267
-0.612121 0.321212 0.000344 255
-0.644444 0.481481 0.001680 262
-0.418182 0.575758 -0.001836 251
-0.466667 0.688889 0.004029 265
-0.533333 0.533333 0.010150 258
-0.523810 0.809524 -0.007609 278
-0.555556 0.911111 0.003092 279
-0.680000 0.893333 0.001235 287
-0.566667 0.711111 -0.004302 270
-0.523810 0.809524 -0.007609 278
-0.666667 0.733333 -0.000787 280
-0.466667 0.688889 0.004029 265
-0.400000 0.800000 -0.005728 264
-0.523810 0.809524 -0.007609 278
-0.533333 0.533333 0.010150 258
-0.466667 0.688889 0.004029 265
-0.600000 0.600000 -0.002612 269
-0.418182 0.575758 -0.001836 251
-0.321212 0.612121 0.008513 234
-0.346667 0.720000 0.010543 252
-0.903030 0.030303 0.001517 260
-0.806061 0.127273 0.010345 261
-0.906667 0.160000 -0.006852 273
-1.000000 -0.066667 0.000000 268
-0.903030 0.030303 0.001517 260
-1.000000 0.066667 0.000000 271
-1.000000 -0.066667 0.000000 268
-0.903030 -0.151515 0.004413 257
-0.903030 0.030303 0.001517 260
-1.000000 -0.200000 0.000000 256
-0.903030 -0.151515 0.004413 257
-1.000000 -0.066667 0.000000 268
-0.810909 -0.126465 0.003991 243
-0.709091 -0.048485 0.006207 230
-0.808485 0.000404 -0.008440 247
-0.813333 -0.253333 0.001656 244
-0.810909 -0.126465 0.003991 243
-0.903030 -0.151515 0.004413 257
-0.813333 -0.253333 0.001656 244
-0.709091 -0.321212 -0.000899 227
-0.650909 -0.153939 -0.007940 225
-1.000000 -0.200000 0.000000 256
-1.000000 -0.333333 0.000000 254
-0.900000 -0.300000 -0.003751 242
0.183333 -0.483333 0.001897 78
0.066667 -0.333333 -0.081598 102
0.066667 -0.466667 0.057919 101
0.206667 -0.660000 -0.025846 74
0.315556 -0.573333 0.006483 55
0.183333 -0.483333 0.001897 78
0.304242 -0.248485 -0.071520 93
0.338182 -0.129697 -0.083282 100
0.185455 -0.224242 0.098936 112
0.745455 -0.224242 -0.031129 41
0.632323 -0.175758 0.051260 62
0.660606 -0.321212 0.003993 40
0.185455 -0.224242 0.098936 112
0.066667 -0.333333 -0.081598 102
0.215152 -0.330303 0.030904 94
-0.282424 -0.374545 0.012993 159
-0.385859 -0.292929 0.003557 180
-0.398788 -0.432727 0.001036 174
-0.166061 -0.396364 -0.021485 136
-0.282424 -0.374545 0.012993 159
-0.224242 -0.478788 0.022544 138
-0.166061 -0.396364 -0.021485 136
-0.162828 -0.288081 -0.017339 145
-0.282424 -0.374545 0.012993 159
-0.147677 -0.559394 0.067672 139
-0.078788 -0.472727 -0.045598 115
-0.224242 -0.478788 0.022544 138
-0.321061 -0.544697 -0.009313 160
-0.147677 -0.559394 0.067672 139
-0.224242 -0.478788 0.022544 138
-0.071111 -0.640000 0.012811 116
-0.078788 -0.472727 -0.045598 115
-0.147677 -0.559394 0.067672 139
-0.049697 -0.258182 0.090243 122
-0.159596 -0.179798 -0.058405 144
-0.162828 -0.288081 -0.017339 145
0.066667 0.066667 -0.046179 154
-0.069091 0.117576 0.326796 175
-0.046465 -0.002020 0.032929 163
-0.366465 0.202424 0.048518 224
-0.498990 0.256566 -0.005703 241
-0.450505 0.127273 0.000230 228
-0.272727 0.127273 0.069447 206
-0.366465 0.202424 0.048518 224
-0.450505 0.127273 0.000230 228
-0.282424 0.277576 0.126484 217
-0.398788 0.347879 -0.023731 231
-0.366465 0.202424 0.048518 224
0.066667 -0.066667 -0.031085 143
-0.046465 -0.123232 0.007868 142
0.066667 -0.200000 -0.043400 119
-0.288889 0.896296 -0.007953 253
-0.200000 1.000000 0.000000 250
-0.333333 1.000000 0.000000 263
-0.900000 -0.300000 -0.003751 242
-0.813333 -0.253333 0.001656 244
-0.903030 -0.151515 0.004413 257
-0.900000 -0.416667 0.000571 240
-0.900000 -0.300000 -0.003751 242
-1.000000 -0.333333 0.000000 254
-0.900000 -0.416667 0.000571 240
-0.800000 -0.400000 0.003749 226
-0.900000 -0.300000 -0.003751 242
-1.000000 -0.600000 0.000000 237
-0.888889 -0.555556 0.003386 222
-1.000000 -0.466667 0.000000 239
-0.800000 -0.400000 0.003749 226
-0.709091 -0.321212 -0.000899 227
-0.813333 -0.253333 0.001656 244
-0.888889 -0.555556 0.003386 222
-0.800000 -0.500000 -0.003771 223
-0.900000 -0.416667 0.000571 240
-0.688889 -0.466667 -0.001054 204
-0.709091 -0.321212 -0.000899 227
-0.800000 -0.400000 0.003749 226
-0.127273 0.806061 0.001476 215
-0.160000 0.906667 -0.002844 235
-0.224242 0.745455 0.000041 236
0.066667 0.866667 0.004541 190
-0.030303 0.903030 -0.009475 213
-0.030303 0.769697 -0.000007 194
0.160000 0.773333 0.003267 173
0.066667 0.866667 0.004541 190
0.066667 0.733333 -0.009562 193
0.160000 0.906667 -0.008640 188
0.066667 1.000000 0.000000 210
0.066667 0.866667 0.004541 190
-0.066667 1.000000 0.000000 232
-0.160000 0.906667 -0.002844 235
-0.030303 0.903030 -0.009475 213
-0.160000 0.906667 -0.002844 235
-0.200000 1.000000 0.000000 250
-0.288889 0.896296 -0.007953 253
-0.127273 0.806061 0.001476 215
-0.030303 0.903030 -0.009475 213
-0.160000 0.906667 -0.002844 235
-0.191919 0.608081 0.002022 214
-0.078788 0.672727 0.010611 216
-0.224242 0.745455 0.000041 236
-0.030303 0.769697 -0.000007 194
-0.030303 0.903030 -0.009475 213
-0.127273 0.806061 0.001476 215
-0.066667 1.000000 0.000000 232
-0.200000 1.000000 0.000000 250
-0.160000 0.906667 -0.002844 235
-0.906667 0.160000 -0.006852 273
-0.806061 0.236364 -0.013548 272
-0.900000 0.300000 0.012298 282
-0.808485 0.000404 -0.008440 247
-0.903030 -0.151515 0.004413 257
-0.810909 -0.126465 0.003991 243
-0.700000 0.583333 -0.000629 276
-0.644444 0.481481 0.001680 262
-0.600000 0.600000 -0.002612 269
-1.000000 0.333333 0.000000 290
-0.900000 0.300000 0.012298 282
-0.900000 0.416667 -0.009426 283
-0.720000 0.346667 0.005766 267
-0.644444 0.481481 0.001680 262
-0.800000 0.400000 -0.001759 274
-0.806061 0.236364 -0.013548 272
-0.720000 0.346667 0.005766 267
-0.800000 0.400000 -0.001759 274
-1.000000 0.066667 0.000000 271
-0.903030 0.030303 0.001517 260
-0.906667 0.160000 -0.006852 273
-0.709091 0.224242 0.010667 259
-0.612121 0.321212 0.000344 255
-0.720000 0.346667 0.005766 267
-0.806061 0.127273 0.010345 261
-0.709091 0.224242 0.010667 259
-0.806061 0.236364 -0.013548 272
-0.563636 -0.259394 0.010056 203
-0.650909 -0.153939 -0.007940 225
-0.709091 -0.321212 -0.000899 227
-0.476364 -0.364848 -0.010703 195
-0.563636 -0.259394 0.010056 203
-0.612121 -0.406061 -0.003955 205
-0.476364 -0.364848 -0.010703 195
-0.385859 -0.292929 0.003557 180
-0.563636 -0.259394 0.010056 203
-0.579798 0.175758 -0.017753 246
-0.709091 0.087879 -0.002433 248
-0.579798 0.039394 0.000571 229
-0.806061 0.127273 0.010345 261
-0.709091 0.087879 -0.002433 248
-0.709091 0.224242 0.010667 259
-0.806061 0.127273 0.010345 261
-0.808485 0.000404 -0.008440 247
-0.709091 0.087879 -0.002433 248
-0.808485 0.000404 -0.008440 247
-0.903030 0.030303 0.001517 260
-0.903030 -0.151515 0.004413 257
-0.709091 0.087879 -0.002433 248
-0.808485 0.000404 -0.008440 247
-0.709091 -0.048485 0.006207 230
-0.806061 0.127273 0.010345 261
-0.903030 0.030303 0.001517 260
-0.808485 0.000404 -0.008440 247
-0.321061 -0.544697 -0.009313 160
-0.515152 -0.490909 0.012262 182
-0.481481 -0.644444 -0.008504 161
0.066667 -0.200000 -0.043400 119
-0.046465 -0.123232 0.007868 142
-0.049697 -0.258182 0.090243 122
-0.476364 -0.364848 -0.010703 195
-0.515152 -0.490909 0.012262 182
-0.398788 -0.432727 0.001036 174
-0.579798 0.175758 -0.017753 246
-0.498990 0.256566 -0.005703 241
-0.612121 0.321212 0.000344 255
-0.709091 -0.048485 0.006207 230
-0.579798 0.039394 0.000571 229
-0.709091 0.087879 -0.002433 248
-0.450505 0.127273 0.000230 228
-0.498990 0.256566 -0.005703 241
-0.579798 0.175758 -0.017753 246
-0.709091 -0.321212 -0.000899 227
-0.688889 -0.466667 -0.001054 204
-0.612121 -0.406061 -0.003955 205
-0.900000 -0.416667 0.000571 240
-1.000000 -0.333333 0.000000 254
-1.000000 -0.466667 0.000000 239
-0.650909 -0.153939 -0.007940 225
-0.810909 -0.126465 0.003991 243
-0.813333 -0.253333 0.001656 244
-0.046465 -0.002020 0.032929 163
-0.046465 -0.123232 0.007868 142
0.066667 -0.066667 -0.031085 143
0.066667 0.066667 -0.046179 154
-0.046465 -0.002020 0.032929 163
0.066667 -0.066667 -0.031085 143
-0.170909 0.122424 0.234650 196
-0.166061 0.287273 0.284384 197
-0.282424 0.277576 0.126484 217
0.066667 0.200000 0.248315 155
-0.069091 0.117576 0.326796 175
0.066667 0.066667 -0.046179 154
-0.272727 0.127273 0.069447 206
-0.450505 0.127273 0.000230 228
-0.391246 0.006061 0.045118 207
-0.170909 0.122424 0.234650 196
-0.272727 0.127273 0.069447 206
-0.191919 0.030303 0.090345 183
-0.069091 0.117576 0.326796 175
-0.170909 0.122424 0.234650 196
-0.191919 0.030303 0.090345 183
-0.069091 0.117576 0.326796 175
-0.049697 0.243636 0.461122 176
-0.170909 0.122424 0.234650 196
-0.282424 0.277576 0.126484 217
-0.366465 0.202424 0.048518 224
-0.272727 0.127273 0.069447 206
-0.806061 0.236364 -0.013548 272
-0.906667 0.160000 -0.006852 273
-0.806061 0.127273 0.010345 261
-0.903030 -0.151515 0.004413 257
-1.000000 -0.200000 0.000000 256
-0.900000 -0.300000 -0.003751 242
-0.030303 -0.781818 -0.015900 97
0.066667 -0.866667 0.008521 76
0.066667 -0.733333 0.000774 96
-0.071111 -0.640000 0.012811 116
-0.030303 -0.781818 -0.015900 97
0.066667 -0.733333 0.000774 96
-0.127273 -0.830303 -0.002257 99
0.066667 -0.866667 0.008521 76
-0.030303 -0.781818 -0.015900 97
0.066667 -0.600000 0.011290 95
-0.071111 -0.640000 0.012811 116
0.066667 -0.733333 0.000774 96
-0.274074 -0.822222 0.004323 118
-0.200000 -1.000000 0.000000 98
-0.127273 -0.830303 -0.002257 99
0.066667 -1.000000 0.000000 54
0.066667 -0.866667 0.008521 76
-0.066667 -1.000000 0.000000 75
0.178667 0.248000 -0.048596 149
0.160000 0.406667 -0.060401 151
0.066667 0.333333 0.143190 169
-1.000000 -1.000000 0.000000 218
-0.866667 -1.000000 0.000000 198
-1.000000 -0.866667 0.000000 219
-0.911111 -0.822222 -0.005366 220
-1.000000 -0.866667 0.000000 219
-0.866667 -1.000000 0.000000 198
-0.800000 -0.866667 0.001335 199
-0.866667 -1.000000 0.000000 198
-0.733333 -1.000000 0.000000 177
-0.680000 -0.840000 -0.002321 178
-0.600000 -1.000000 0.000000 156
-0.555556 -0.911111 0.002266 157
-0.680000 -0.840000 -0.002321 178
-0.733333 -1.000000 0.000000 177
-0.600000 -1.000000 0.000000 156
-0.800000 -0.866667 0.001335 199
-0.911111 -0.822222 -0.005366 220
-0.866667 -1.000000 0.000000 198
-0.680000 -0.840000 -0.002321 178
-0.800000 -0.866667 0.001335 199
-0.733333 -1.000000 0.000000 177
-0.680000 -0.840000 -0.002321 178
-0.666667 -0.733333 -0.001893 179
-0.786667 -0.760000 0.004502 200
-0.523810 -0.809524 0.011413 158
-0.680000 -0.840000 -0.002321 178
-0.555556 -0.911111 0.002266 157
-0.666667 -0.733333 -0.001893 179
-0.481481 -0.644444 -0.008504 161
-0.600000 -0.600000 0.003459 181
-1.000000 -0.733333 0.000000 238
-1.000000 -0.866667 0.000000 219
-0.911111 -0.822222 -0.005366 220
-0.600000 -1.000000 0.000000 156
-0.466667 -1.000000 0.000000 134
-0.555556 -0.911111 0.002266 157
-0.786667 -0.760000 0.004502 200
-0.800000 -0.866667 0.001335 199
-0.680000 -0.840000 -0.002321 178
-0.700000 -0.583333 -0.010434 201
-0.777778 -0.644444 0.013337 202
-0.666667 -0.733333 -0.001893 179
-0.893333 -0.680000 -0.005521 221
-0.911111 -0.822222 -0.005366 220
-0.786667 -0.760000 0.004502 200
-0.428571 -0.904762 -0.000902 135
-0.274074 -0.822222 0.004323 118
-0.400000 -0.800000 -0.014451 141
-0.911111 -0.822222 -0.005366 220
-0.893333 -0.680000 -0.005521 221
-1.000000 -0.733333 0.000000 238
-0.127273 -0.830303 -0.002257 99
-0.200000 -1.000000 0.000000 98
-0.066667 -1.000000 0.000000 75
-0.688889 -0.466667 -0.001054 204
-0.515152 -0.490909 0.012262 182
-0.612121 -0.406061 -0.003955 205
-0.813333 -0.253333 0.001656 244
-0.900000 -0.300000 -0.003751 242
-0.800000 -0.400000 0.003749 226
-0.666667 -0.733333 -0.001893 179
-0.680000 -0.840000 -0.002321 178
-0.523810 -0.809524 0.011413 158
-0.481481 -0.644444 -0.008504 161
-0.666667 -0.733333 -0.001893 179
-0.523810 -0.809524 0.011413 158
-0.777778 -0.644444 0.013337 202
-0.893333 -0.680000 -0.005521 221
-0.786667 -0.760000 0.004502 200
-0.666667 -0.733333 -0.001893 179
-0.777778 -0.644444 0.013337 202
-0.786667 -0.760000 0.004502 200
-0.700000 -0.583333 -0.010434 201
-0.800000 -0.500000 -0.003771 223
-0.777778 -0.644444 0.013337 202
-0.800000 -0.500000 -0.003771 223
-0.888889 -0.555556 0.003386 222
-0.777778 -0.644444 0.013337 202
-0.800000 -0.400000 0.003749 226
-0.800000 -0.500000 -0.003771 223
-0.688889 -0.466667 -0.001054 204
-0.800000 -0.400000 0.003749 226
-0.900000 -0.416667 0.000571 240
-0.800000 -0.500000 -0.003771 223
-0.786667 -0.760000 0.004502 200
-0.911111 -0.822222 -0.005366 220
-0.800000 -0.866667 0.001335 199
-1.000000 -0.733333 0.000000 238
-0.893333 -0.680000 -0.005521 221
-1.000000 -0.600000 0.000000 237
-0.600000 -0.600000 0.003459 181
-0.481481 -0.644444 -0.008504 161
-0.515152 -0.490909 0.012262 182
-0.688889 -0.466667 -0.001054 204
-0.600000 -0.600000 0.003459 181
-0.515152 -0.490909 0.012262 182
-0.700000 -0.583333 -0.010434 201
-0.666667 -0.733333 -0.001893 179
-0.600000 -0.600000 0.003459 181
-0.466667 -1.000000 0.000000 134
-0.428571 -0.904762 -0.000902 135
-0.555556 -0.911111 0.002266 157
-0.700000 -0.583333 -0.010434 201
-0.600000 -0.600000 0.003459 181
-0.688889 -0.466667 -0.001054 204
-0.400000 -0.800000 -0.014451 141
-0.481481 -0.644444 -0.008504 161
-0.523810 -0.809524 0.011413 158
-0.555556 -0.911111 0.002266 157
-0.428571 -0.904762 -0.000902 135
-0.523810 -0.809524 0.011413 158
-0.274074 -0.822222 0.004323 118
-0.346667 -0.720000 0.024704 140
-0.400000 -0.800000 -0.014451 141
-0.049697 -0.364848 -0.000882 121
-0.078788 -0.472727 -0.045598 115
0.066667 -0.466667 0.057919 101
-0.400000 -0.800000 -0.014451 141
-0.346667 -0.720000 0.024704 140
-0.481481 -0.644444 -0.008504 161
-0.243333 -0.656667 -0.059780 137
-0.185303 -0.743485 -0.000160 117
-0.071111 -0.640000 0.012811 116
-0.274074 -0.822222 0.004323 118
-0.333333 -1.000000 0.000000 114
-0.200000 -1.000000 0.000000 98
-0.800000 -0.500000 -0.003771 223
-0.700000 -0.583333 -0.010434 201
-0.688889 -0.466667 -0.001054 204
-1.000000 -0.466667 0.000000 239
-0.888889 -0.555556 0.003386 222
-0.900000 -0.416667 0.000571 240
-0.893333 -0.680000 -0.005521 221
-0.777778 -0.644444 0.013337 202
-0.888889 -0.555556 0.003386 222
-0.127273 -0.830303 -0.002257 99
-0.066667 -1.000000 0.000000 75
0.066667 -0.866667 0.008521 76
-0.888889 -0.555556 0.003386 222
-1.000000 -0.600000 0.000000 237
-0.893333 -0.680000 -0.005521 221
-0.428571 -0.904762 -0.000902 135
-0.333333 -1.000000 0.000000 114
-0.274074 -0.822222 0.004323 118
-0.523810 -0.809524 0.011413 158
-0.428571 -0.904762 -0.000902 135
-0.400000 -0.800000 -0.014451 141
-0.466667 -1.000000 0.000000 134
-0.333333 -1.000000 0.000000 114
-0.428571 -0.904762 -0.000902 135
0.896296 -0.288889 0.011595 30
0.745455 -0.224242 -0.031129 41
0.833333 -0.400000 -0.005170 29
-0.321061 -0.544697 -0.009313 160
-0.398788 -0.432727 0.001036 174
-0.515152 -0.490909 0.012262 182
-0.346667 -0.720000 0.024704 140
-0.321061 -0.544697 -0.009313 160
-0.481481 -0.644444 -0.008504 161
-0.243333 -0.656667 -0.059780 137
-0.147677 -0.559394 0.067672 139
-0.321061 -0.544697 -0.009313 160
-0.078788 -0.472727 -0.045598 115
-0.166061 -0.396364 -0.021485 136
-0.224242 -0.478788 0.022544 138
0.066667 -0.600000 0.011290 95
-0.078788 -0.472727 -0.045598 115
-0.071111 -0.640000 0.012811 116
-0.049697 -0.364848 -0.000882 121
-0.166061 -0.396364 -0.021485 136
-0.078788 -0.472727 -0.045598 115
-0.191919 0.030303 0.090345 183
-0.232323 -0.103030 0.052824 164
-0.139394 -0.052525 0.020180 162
-0.282424 -0.374545 0.012993 159
-0.272727 -0.236364 -0.011414 165
-0.385859 -0.292929 0.003557 180
-0.139394 -0.052525 0.020180 162
-0.046465 -0.123232 0.007868 142
-0.046465 -0.002020 0.032929 163
-0.191919 0.030303 0.090345 183
-0.139394 -0.052525 0.020180 162
-0.046465 -0.002020 0.032929 163
-0.232323 -0.103030 0.052824 164
-0.159596 -0.179798 -0.058405 144
-0.139394 -0.052525 0.020180 162
-0.162828 -0.288081 -0.017339 145
-0.159596 -0.179798 -0.058405 144
-0.272727 -0.236364 -0.011414 165
-0.282424 -0.374545 0.012993 159
-0.162828 -0.288081 -0.017339 145
-0.272727 -0.236364 -0.011414 165
-0.166061 -0.396364 -0.021485 136
-0.049697 -0.364848 -0.000882 121
-0.162828 -0.288081 -0.017339 145
-0.049697 -0.258182 0.090243 122
-0.046465 -0.123232 0.007868 142
-0.159596 -0.179798 -0.058405 144
-0.049697 -0.364848 -0.000882 121
-0.049697 -0.258182 0.090243 122
-0.162828 -0.288081 -0.017339 145
-0.049697 -0.364848 -0.000882 121
0.066667 -0.333333 -0.081598 102
-0.049697 -0.258182 0.090243 122
0.416667 -0.900000 -0.032785 21
0.333333 -1.000000 0.000000 22
0.466667 -1.000000 0.000000 13
0.555556 -0.888889 -0.025424 14
0.416667 -0.900000 -0.032785 21
0.466667 -1.000000 0.000000 13
0.400000 -0.800000 0.007126 33
0.253333 -0.813333 0.032216 52
0.300000 -0.900000 -0.017565 34
0.300000 -0.900000 -0.017565 34
0.160000 -0.906667 -0.025269 53
0.200000 -1.000000 0.000000 35
0.206667 -0.660000 -0.025846 74
0.253333 -0.813333 0.032216 52
0.346667 -0.720000 0.002774 51
0.160000 -0.773333 0.020454 73
0.066667 -0.866667 0.008521 76
0.160000 -0.906667 -0.025269 53
0.206667 -0.660000 -0.025846 74
0.160000 -0.773333 0.020454 73
0.253333 -0.813333 0.032216 52
0.066667 -0.733333 0.000774 96
0.066667 -0.866667 0.008521 76
0.160000 -0.773333 0.020454 73
0.066667 -0.866667 0.008521 76
0.066667 -1.000000 0.000000 54
0.160000 -0.906667 -0.025269 53
0.160000 -0.906667 -0.025269 53
0.066667 -1.000000 0.000000 54
0.200000 -1.000000 0.000000 35
-0.346667 -0.720000 0.024704 140
-0.243333 -0.656667 -0.059780 137
-0.321061 -0.544697 -0.009313 160
-0.346667 0.720000 0.010543 252
-0.466667 0.688889 0.004029 265
-0.418182 0.575758 -0.001836 251
-0.288889 0.896296 -0.007953 253
-0.346667 0.720000 0.010543 252
-0.224242 0.745455 0.000041 236
-0.400000 0.800000 -0.005728 264
-0.466667 0.688889 0.004029 265
-0.346667 0.720000 0.010543 252
-0.288889 0.896296 -0.007953 253
-0.400000 0.800000 -0.005728 264
-0.346667 0.720000 0.010543 252
-0.160000 0.906667 -0.002844 235
-0.288889 0.896296 -0.007953 253
-0.224242 0.745455 0.000041 236
-0.333333 1.000000 0.000000 263
-0.428571 0.904762 -0.005882 266
-0.288889 0.896296 -0.007953 253
-0.428571 0.904762 -0.005882 266
-0.523810 0.809524 -0.007609 278
-0.400000 0.800000 -0.005728 264
-0.709091 0.224242 0.010667 259
-0.720000 0.346667 0.005766 267
-0.806061 0.236364 -0.013548 272
-0.476364 -0.364848 -0.010703 195
-0.612121 -0.406061 -0.003955 205
-0.515152 -0.490909 0.012262 182
-0.385859 -0.292929 0.003557 180
-0.476364 -0.364848 -0.010703 195
-0.398788 -0.432727 0.001036 174
-0.447811 -0.187273 0.002291 186
-0.331987 -0.115152 -0.001914 185
-0.487677 -0.027071 -0.007102 208
-0.385859 -0.292929 0.003557 180
-0.447811 -0.187273 0.002291 186
-0.563636 -0.259394 0.010056 203
-0.385859 -0.292929 0.003557 180
-0.272727 -0.236364 -0.011414 165
-0.447811 -0.187273 0.002291 186
-0.515152 0.418182 -0.002923 249
-0.418182 0.446970 -0.003927 245
-0.533333 0.533333 0.010150 258
-0.498990 0.256566 -0.005703 241
-0.515152 0.418182 -0.002923 249
-0.612121 0.321212 0.000344 255
-0.398788 0.347879 -0.023731 231
-0.282424 0.277576 0.126484 217
-0.224242 0.375758 0.049491 211
-0.498990 0.256566 -0.005703 241
-0.398788 0.347879 -0.023731 231
-0.515152 0.418182 -0.002923 249
-0.498990 0.256566 -0.005703 241
-0.366465 0.202424 0.048518 224
-0.398788 0.347879 -0.023731 231
-0.709091 0.224242 0.010667 259
-0.579798 0.175758 -0.017753 246
-0.612121 0.321212 0.000344 255
-0.232323 -0.103030 0.052824 164
-0.331987 -0.115152 -0.001914 185
-0.272727 -0.236364 -0.011414 165
-0.046465 -0.123232 0.007868 142
-0.139394 -0.052525 0.020180 162
-0.159596 -0.179798 -0.058405 144
-0.291582 0.018182 -0.050541 184
-0.391246 0.006061 0.045118 207
-0.331987 -0.115152 -0.001914 185
-0.191919 0.030303 0.090345 183
-0.291582 0.018182 -0.050541 184
-0.232323 -0.103030 0.052824 164
-0.191919 0.030303 0.090345 183
-0.272727 0.127273 0.069447 206
-0.291582 0.018182 -0.050541 184
-0.069091 0.117576 0.326796 175
-0.191919 0.030303 0.090345 183
-0.046465 -0.002020 0.032929 163
-0.272727 0.127273 0.069447 206
-0.391246 0.006061 0.045118 207
-0.291582 0.018182 -0.050541 184
-0.709091 0.224242 0.010667 259
-0.709091 0.087879 -0.002433 248
-0.579798 0.175758 -0.017753 246
-0.563636 -0.259394 0.010056 203
-0.709091 -0.321212 -0.000899 227
-0.612121 -0.406061 -0.003955 205
-0.447811 -0.187273 0.002291 186
-0.487677 -0.027071 -0.007102 208
-0.584108 -0.060202 -0.007155 209
-0.709091 -0.048485 0.006207 230
-0.810909 -0.126465 0.003991 243
-0.650909 -0.153939 -0.007940 225
-0.049697 0.243636 0.461122 176
0.066667 0.200000 0.248315 155
0.066667 0.333333 0.143190 169
-0.166061 0.287273 0.284384 197
-0.049697 0.243636 0.461122 176
-0.078788 0.354545 0.166756 189
-0.069091 0.117576 0.326796 175
0.066667 0.200000 0.248315 155
-0.049697 0.243636 0.461122 176
-0.078788 0.354545 0.166756 189
0.066667 0.333333 0.143190 169
0.066667 0.466667 -0.023786 171
-0.062626 0.515152 -0.019043 191
-0.078788 0.354545 0.166756 189
0.066667 0.466667 -0.023786 171
0.066667 0.600000 0.018979 192
-0.062626 0.515152 -0.019043 191
0.066667 0.466667 -0.023786 171
-0.191919 0.608081 0.002022 214
-0.208081 0.491919 -0.025215 212
-0.062626 0.515152 -0.019043 191
-0.166061 0.287273 0.284384 197
-0.170909 0.122424 0.234650 196
-0.049697 0.243636 0.461122 176
-0.062626 0.515152 -0.019043 191
-0.208081 0.491919 -0.025215 212
-0.078788 0.354545 0.166756 189
-0.282424 0.277576 0.126484 217
-0.272727 0.127273 0.069447 206
-0.170909 0.122424 0.234650 196
0.477333 0.509333 0.005446 130
0.585185 0.555556 -0.019704 111
0.440000 0.626667 0.016575 131
0.741683 0.030707 0.029601 59
0.830303 -0.127273 -0.010242 39
0.868485 0.016364 -0.030961 37
0.653064 0.110909 0.013656 63
0.564444 0.191111 -0.022169 87
0.534276 0.073670 -0.040388 86
0.610640 0.000572 -0.004438 83
0.653064 0.110909 0.013656 63
0.534276 0.073670 -0.040388 86
0.741683 0.030707 0.029601 59
0.796364 0.133939 0.012611 42
0.653064 0.110909 0.013656 63
0.185455 -0.117576 0.036339 120
0.185455 -0.224242 0.098936 112
0.338182 -0.129697 -0.083282 100
0.179798 0.018182 0.005616 132
0.185455 -0.117576 0.036339 120
0.292929 -0.030303 0.093255 113
0.315556 0.128889 -0.020983 127
0.179798 0.018182 0.005616 132
0.292929 -0.030303 0.093255 113
0.066667 0.066667 -0.046179 154
0.066667 -0.066667 -0.031085 143
0.179798 0.018182 0.005616 132
0.185455 -0.224242 0.098936 112
0.215152 -0.330303 0.030904 94
0.304242 -0.248485 -0.071520 93
0.066667 -0.200000 -0.043400 119
0.185455 -0.224242 0.098936 112
0.185455 -0.117576 0.036339 120
0.066667 -0.200000 -0.043400 119
0.066667 -0.333333 -0.081598 102
0.185455 -0.224242 0.098936 112
0.626667 -0.440000 0.007819 38
0.666667 -0.600000 -0.025026 25
0.750000 -0.500000 0.002002 28
0.315556 -0.573333 0.006483 55
0.206667 -0.660000 -0.025846 74
0.346667 -0.720000 0.002774 51
0.300000 -0.433333 0.017622 72
0.183333 -0.483333 0.001897 78
0.315556 -0.573333 0.006483 55
0.522727 -0.428788 -0.016484 49
0.406061 -0.378788 0.032675 71
0.416667 -0.516667 -0.022357 50
0.215152 -0.330303 0.030904 94
0.183333 -0.483333 0.001897 78
0.300000 -0.433333 0.017622 72
0.183333 -0.483333 0.001897 78
0.066667 -0.466667 0.057919 101
0.066667 -0.600000 0.011290 95
0.416667 -0.516667 -0.022357 50
0.300000 -0.433333 0.017622 72
0.315556 -0.573333 0.006483 55
0.215152 -0.330303 0.030904 94
0.066667 -0.333333 -0.081598 102
0.183333 -0.483333 0.001897 78
-0.049697 -0.364848 -0.000882 121
0.066667 -0.466667 0.057919 101
0.066667 -0.333333 -0.081598 102
0.066667 -0.200000 -0.043400 119
-0.049697 -0.258182 0.090243 122
0.066667 -0.333333 -0.081598 102
-0.185303 -0.743485 -0.000160 117
-0.346667 -0.720000 0.024704 140
-0.274074 -0.822222 0.004323 118
-0.147677 -0.559394 0.067672 139
-0.243333 -0.656667 -0.059780 137
-0.071111 -0.640000 0.012811 116
-0.224242 -0.478788 0.022544 138
-0.282424 -0.374545 0.012993 159
-0.321061 -0.544697 -0.009313 160
0.416667 -0.516667 -0.022357 50
0.315556 -0.573333 0.006483 55
0.440000 -0.626667 -0.007329 36
0.626667 -0.440000 0.007819 38
0.750000 -0.500000 0.002002 28
0.660606 -0.321212 0.003993 40
0.632323 -0.175758 0.051260 62
0.473939 -0.161212 -0.021209 84
0.512121 -0.324242 -0.023622 60
0.533333 -0.533333 0.028210 32
0.666667 -0.600000 -0.025026 25
0.626667 -0.440000 0.007819 38
0.896296 -0.288889 0.011595 30
1.000000 -0.200000 0.000000 27
0.830303 -0.127273 -0.010242 39
0.792593 0.377778 -0.012724 90
0.800000 0.500000 -0.011038 68
0.700000 0.500000 0.022794 91
0.900000 0.300000 -0.006827 66
0.904762 0.428571 0.021342 67
0.792593 0.377778 -0.012724 90
0.906667 0.160000 -0.012615 44
0.900000 0.300000 -0.006827 66
0.813333 0.253333 -0.011505 65
1.000000 0.333333 0.000000 45
0.904762 0.428571 0.021342 67
0.900000 0.300000 -0.006827 66
0.904762 0.428571 0.021342 67
0.911111 0.555556 0.025948 70
0.800000 0.500000 -0.011038 68
0.745455 -0.224242 -0.031129 41
0.660606 -0.321212 0.003993 40
0.833333 -0.400000 -0.005170 29
0.830303 -0.127273 -0.010242 39
0.745455 -0.224242 -0.031129 41
0.896296 -0.288889 0.011595 30
0.657778 0.331111 0.029051 89
0.813333 0.253333 -0.011505 65
0.792593 0.377778 -0.012724 90
0.539556 0.291556 -0.016676 88
0.688889 0.222222 0.017400 64
0.657778 0.331111 0.029051 89
0.402667 0.290667 0.005438 108
0.440000 0.160000 0.026989 107
0.539556 0.291556 -0.016676 88
0.632323 -0.175758 0.051260 62
0.687003 -0.072525 0.015540 61
0.542290 -0.080320 -0.016191 85
0.440000 0.160000 0.026989 107
0.534276 0.073670 -0.040388 86
0.564444 0.191111 -0.022169 87
0.440000 0.160000 0.026989 107
0.315556 0.128889 -0.020983 127
0.456970 -0.000606 0.007354 106
0.688889 0.222222 0.017400 64
0.564444 0.191111 -0.022169 87
0.653064 0.110909 0.013656 63
0.688889 0.222222 0.017400 64
0.796364 0.133939 0.012611 42
0.813333 0.253333 -0.011505 65
0.160000 0.406667 -0.060401 151
0.066667 0.466667 -0.023786 171
0.066667 0.333333 0.143190 169
0.346667 0.386667 0.014625 129
0.160000 0.406667 -0.060401 151
0.290667 0.296000 0.035820 128
0.160000 0.540000 0.023975 170
0.170370 0.644444 -0.004781 172
0.066667 0.600000 0.018979 192
0.346667 0.386667 0.014625 129
0.253333 0.480000 0.049122 150
0.160000 0.406667 -0.060401 151
0.346667 0.553333 -0.027547 152
0.170370 0.644444 -0.004781 172
0.160000 0.540000 0.023975 170
0.687003 -0.072525 0.015540 61
0.745455 -0.224242 -0.031129 41
0.830303 -0.127273 -0.010242 39
0.741683 0.030707 0.029601 59
0.687003 -0.072525 0.015540 61
0.830303 -0.127273 -0.010242 39
0.688889 0.222222 0.017400 64
0.653064 0.110909 0.013656 63
0.796364 0.133939 0.012611 42
0.687003 -0.072525 0.015540 61
0.632323 -0.175758 0.051260 62
0.745455 -0.224242 -0.031129 41
0.653064 0.110909 0.013656 63
0.610640 0.000572 -0.004438 83
0.741683 0.030707 0.029601 59
0.542290 -0.080320 -0.016191 85
0.456970 -0.000606 0.007354 106
0.473939 -0.161212 -0.021209 84
0.632323 -0.175758 0.051260 62
0.542290 -0.080320 -0.016191 85
0.473939 -0.161212 -0.021209 84
0.610640 0.000572 -0.004438 83
0.456970 -0.000606 0.007354 106
0.542290 -0.080320 -0.016191 85
0.741683 0.030707 0.029601 59
0.610640 0.000572 -0.004438 83
0.687003 -0.072525 0.015540 61
0.534276 0.073670 -0.040388 86
0.456970 -0.000606 0.007354 106
0.610640 0.000572 -0.004438 83
0.687003 -0.072525 0.015540 61
0.610640 0.000572 -0.004438 83
0.542290 -0.080320 -0.016191 85
0.440000 0.160000 0.026989 107
0.456970 -0.000606 0.007354 106
0.534276 0.073670 -0.040388 86
0.292929 -0.030303 0.093255 113
0.338182 -0.129697 -0.083282 100
0.456970 -0.000606 0.007354 106
0.522727 -0.428788 -0.016484 49
0.416667 -0.516667 -0.022357 50
0.533333 -0.533333 0.028210 32
0.626667 -0.440000 0.007819 38
0.522727 -0.428788 -0.016484 49
0.533333 -0.533333 0.028210 32
0.512121 -0.324242 -0.023622 60
0.423030 -0.272727 0.071844 77
0.406061 -0.378788 0.032675 71
0.338182 -0.129697 -0.083282 100
0.423030 -0.272727 0.071844 77
0.473939 -0.161212 -0.021209 84
0.304242 -0.248485 -0.071520 93
0.215152 -0.330303 0.030904 94
0.300000 -0.433333 0.017622 72
0.473939 -0.161212 -0.021209 84
0.423030 -0.272727 0.071844 77
0.512121 -0.324242 -0.023622 60
0.868485 0.016364 -0.030961 37
1.000000 0.066667 0.000000 31
0.906667 0.160000 -0.012615 44
0.741683 0.030707 0.029601 59
0.868485 0.016364 -0.030961 37
0.796364 0.133939 0.012611 42
0.830303 -0.127273 -0.010242 39
1.000000 -0.066667 0.000000 26
0.868485 0.016364 -0.030961 37
0.440000 0.626667 0.016575 131
0.500000 0.700000 -0.009242 124
0.377778 0.733333 -0.015352 147
0.657778 0.331111 0.029051 89
0.792593 0.377778 -0.012724 90
0.626667 0.440000 -0.000189 110
0.868485 0.016364 -0.030961 37
0.906667 0.160000 -0.012615 44
0.796364 0.133939 0.012611 42
0.906667 0.160000 -0.012615 44
1.000000 0.200000 0.000000 43
0.900000 0.300000 -0.006827 66
0.796364 0.133939 0.012611 42
0.906667 0.160000 -0.012615 44
0.813333 0.253333 -0.011505 65
1.000000 0.066667 0.000000 31
1.000000 0.200000 0.000000 43
0.906667 0.160000 -0.012615 44
0.900000 0.300000 -0.006827 66
1.000000 0.200000 0.000000 43
1.000000 0.333333 0.000000 45
0.300000 -0.900000 -0.017565 34
0.200000 -1.000000 0.000000 35
0.333333 -1.000000 0.000000 22
1.000000 -1.000000 0.000000 1
1.000000 -0.866667 0.000000 3
0.866667 -1.000000 0.000000 2
0.911111 -0.822222 -0.012802 6
1.000000 -0.733333 0.000000 7
0.900000 -0.700000 -0.022983 11
0.800000 -0.900000 -0.012727 5
0.911111 -0.822222 -0.012802 6
0.760000 -0.786667 -0.007481 10
1.000000 -0.866667 0.000000 3
1.000000 -0.733333 0.000000 7
0.911111 -0.822222 -0.012802 6
0.911111 -0.822222 -0.012802 6
0.866667 -1.000000 0.000000 2
1.000000 -0.866667 0.000000 3
0.900000 -0.700000 -0.022983 11
0.760000 -0.786667 -0.007481 10
0.911111 -0.822222 -0.012802 6
0.911111 -0.555556 -0.017958 18
0.822222 -0.611111 0.003320 17
0.900000 -0.700000 -0.022983 11
0.666667 -0.600000 -0.025026 25
0.583333 -0.700000 -0.009058 23
0.733333 -0.666667 -0.002760 16
0.800000 -0.900000 -0.012727 5
0.733333 -1.000000 0.000000 4
0.866667 -1.000000 0.000000 2
0.911111 -0.822222 -0.012802 6
0.800000 -0.900000 -0.012727 5
0.866667 -1.000000 0.000000 2
0.644444 -0.777778 -0.008939 15
0.583333 -0.700000 -0.009058 23
0.500000 -0.800000 0.011646 24
0.760000 -0.786667 -0.007481 10
0.644444 -0.777778 -0.008939 15
0.700000 -0.900000 -0.026167 9
0.760000 -0.786667 -0.007481 10
0.733333 -0.666667 -0.002760 16
0.644444 -0.777778 -0.008939 15
0.900000 -0.700000 -0.022983 11
0.733333 -0.666667 -0.002760 16
0.760000 -0.786667 -0.007481 10
1.000000 -0.600000 0.000000 12
0.900000 -0.700000 -0.022983 11
1.000000 -0.733333 0.000000 7
0.750000 -0.500000 0.002002 28
0.833333 -0.400000 -0.005170 29
0.660606 -0.321212 0.003993 40
0.733333 -0.666667 -0.002760 16
0.822222 -0.611111 0.003320 17
0.666667 -0.600000 -0.025026 25
0.911111 -0.555556 -0.017958 18
0.833333 -0.400000 -0.005170 29
0.750000 -0.500000 0.002002 28
1.000000 -0.600000 0.000000 12
0.911111 -0.555556 -0.017958 18
0.900000 -0.700000 -0.022983 11
1.000000 -0.600000 0.000000 12
1.000000 -0.466667 0.000000 19
0.911111 -0.555556 -0.017958 18
0.555556 -0.888889 -0.025424 14
0.466667 -1.000000 0.000000 13
0.600000 -1.000000 0.000000 8
0.733333 -0.666667 -0.002760 16
0.583333 -0.700000 -0.009058 23
0.644444 -0.777778 -0.008939 15
-0.078788 -0.472727 -0.045598 115
0.066667 -0.600000 0.011290 95
0.066667 -0.466667 0.057919 101
-0.185303 -0.743485 -0.000160 117
-0.127273 -0.830303 -0.002257 99
-0.030303 -0.781818 -0.015900 97
-0.346667 -0.720000 0.024704 140
-0.185303 -0.743485 -0.000160 117
-0.243333 -0.656667 -0.059780 137
-0.274074 -0.822222 0.004323 118
-0.127273 -0.830303 -0.002257 99
-0.185303 -0.743485 -0.000160 117
-0.185303 -0.743485 -0.000160 117
-0.030303 -0.781818 -0.015900 97
-0.071111 -0.640000 0.012811 116
0.160000 -0.906667 -0.025269 53
0.253333 -0.813333 0.032216 52
0.160000 -0.773333 0.020454 73
0.206667 -0.660000 -0.025846 74
0.066667 -0.600000 0.011290 95
0.066667 -0.733333 0.000774 96
0.160000 -0.773333 0.020454 73
0.206667 -0.660000 -0.025846 74
0.066667 -0.733333 0.000774 96
0.346667 -0.720000 0.002774 51
0.440000 -0.626667 -0.007329 36
0.315556 -0.573333 0.006483 55
0.512121 -0.324242 -0.023622 60
0.522727 -0.428788 -0.016484 49
0.626667 -0.440000 0.007819 38
0.304242 -0.248485 -0.071520 93
0.300000 -0.433333 0.017622 72
0.406061 -0.378788 0.032675 71
0.440000 -0.626667 -0.007329 36
0.533333 -0.533333 0.028210 32
0.416667 -0.516667 -0.022357 50
0.400000 -0.800000 0.007126 33
0.440000 -0.626667 -0.007329 36
0.346667 -0.720000 0.002774 51
0.583333 -0.700000 -0.009058 23
0.533333 -0.533333 0.028210 32
0.440000 -0.626667 -0.007329 36
0.400000 -0.800000 0.007126 33
0.500000 -0.800000 0.011646 24
0.440000 -0.626667 -0.007329 36
0.833333 -0.400000 -0.005170 29
0.911111 -0.555556 -0.017958 18
1.000000 -0.466667 0.000000 19
0.700000 -0.900000 -0.026167 9
0.555556 -0.888889 -0.025424 14
0.600000 -1.000000 0.000000 8
0.800000 -0.900000 -0.012727 5
0.700000 -0.900000 -0.026167 9
0.733333 -1.000000 0.000000 4
0.800000 -0.900000 -0.012727 5
0.760000 -0.786667 -0.007481 10
0.700000 -0.900000 -0.026167 9
0.833333 -0.400000 -0.005170 29
1.000000 -0.333333 0.000000 20
0.896296 -0.288889 0.011595 30
0.733333 -1.000000 0.000000 4
0.700000 -0.900000 -0.026167 9
0.600000 -1.000000 0.000000 8
0.830303 -0.127273 -0.010242 39
1.000000 -0.200000 0.000000 27
1.000000 -0.066667 0.000000 26
1.000000 0.066667 0.000000 31
0.868485 0.016364 -0.030961 37
1.000000 -0.066667 0.000000 26
0.833333 -0.400000 -0.005170 29
1.000000 -0.466667 0.000000 19
1.000000 -0.333333 0.000000 20
0.477333 0.509333 0.005446 130
0.626667 0.440000 -0.000189 110
0.585185 0.555556 -0.019704 111
0.315556 0.128889 -0.020983 127
0.292929 -0.030303 0.093255 113
0.456970 -0.000606 0.007354 106
0.402667 0.290667 0.005438 108
0.315556 0.128889 -0.020983 127
0.440000 0.160000 0.026989 107
0.178667 0.141333 -0.117807 133
0.179798 0.018182 0.005616 132
0.315556 0.128889 -0.020983 127
0.066667 0.200000 0.248315 155
0.178667 0.141333 -0.117807 133
0.178667 0.248000 -0.048596 149
0.066667 0.066667 -0.046179 154
0.179798 0.018182 0.005616 132
0.178667 0.141333 -0.117807 133
0.179798 0.018182 0.005616 132
0.066667 -0.066667 -0.031085 143
0.185455 -0.117576 0.036339 120
0.822222 -0.611111 0.003320 17
0.733333 -0.666667 -0.002760 16
0.900000 -0.700000 -0.022983 11
0.750000 -0.500000 0.002002 28
0.822222 -0.611111 0.003320 17
0.911111 -0.555556 -0.017958 18
0.750000 -0.500000 0.002002 28
0.666667 -0.600000 -0.025026 25
0.822222 -0.611111 0.003320 17
0.644444 -0.777778 -0.008939 15
0.555556 -0.888889 -0.025424 14
0.700000 -0.900000 -0.026167 9
0.533333 -0.533333 0.028210 32
0.583333 -0.700000 -0.009058 23
0.666667 -0.600000 -0.025026 25
0.500000 -0.800000 0.011646 24
0.555556 -0.888889 -0.025424 14
0.644444 -0.777778 -0.008939 15
0.440000 -0.626667 -0.007329 36
0.500000 -0.800000 0.011646 24
0.583333 -0.700000 -0.009058 23
0.400000 -0.800000 0.007126 33
0.416667 -0.900000 -0.032785 21
0.500000 -0.800000 0.011646 24
0.253333 -0.813333 0.032216 52
0.400000 -0.800000 0.007126 33
0.346667 -0.720000 0.002774 51
0.416667 -0.900000 -0.032785 21
0.555556 -0.888889 -0.025424 14
0.500000 -0.800000 0.011646 24
1.000000 -0.333333 0.000000 20
1.000000 -0.200000 0.000000 27
0.896296 -0.288889 0.011595 30
0.300000 -0.900000 -0.017565 34
0.253333 -0.813333 0.032216 52
0.160000 -0.906667 -0.025269 53
0.416667 -0.900000 -0.032785 21
0.300000 -0.900000 -0.017565 34
0.333333 -1.000000 0.000000 22
0.416667 -0.900000 -0.032785 21
0.400000 -0.800000 0.007126 33
0.300000 -0.900000 -0.017565 34
1.000000 0.866667 0.000000 57
1.000000 1.000000 0.000000 56
0.866667 1.000000 0.000000 79
0.733333 1.000000 0.000000 103
0.600000 1.000000 0.000000 123
0.680000 0.840000 0.009809 105
0.800000 0.900000 0.002467 80
0.911111 0.822222 0.001382 58
0.866667 1.000000 0.000000 79
0.800000 0.900000 0.002467 80
0.800000 0.800000 0.008854 82
0.911111 0.822222 0.001382 58
0.733333 1.000000 0.000000 103
0.800000 0.900000 0.002467 80
0.866667 1.000000 0.000000 79
0.733333 1.000000 0.000000 103
0.680000 0.840000 0.009809 105
0.800000 0.900000 0.002467 80
0.733333 0.733333 0.018183 81
0.714286 0.619048 0.010289 92
0.893333 0.680000 0.011306 69
0.911111 0.822222 0.001382 58
1.000000 0.733333 0.000000 46
1.000000 0.866667 0.000000 57
0.866667 1.000000 0.000000 79
0.911111 0.822222 0.001382 58
1.000000 0.866667 0.000000 57
0.800000 0.800000 0.008854 82
0.893333 0.680000 0.011306 69
0.911111 0.822222 0.001382 58
0.555556 0.911111 0.011729 125
0.600000 1.000000 0.000000 123
0.466667 1.000000 0.000000 146
0.333333 1.000000 0.000000 166
0.400000 0.833333 0.011147 148
0.466667 1.000000 0.000000 146
0.523810 0.809524 0.017074 126
0.600000 0.666667 0.015049 104
0.680000 0.840000 0.009809 105
0.400000 0.833333 0.011147 148
0.555556 0.911111 0.011729 125
0.466667 1.000000 0.000000 146
0.500000 0.700000 -0.009242 124
0.523810 0.809524 0.017074 126
0.377778 0.733333 -0.015352 147
0.500000 0.700000 -0.009242 124
0.600000 0.666667 0.015049 104
0.523810 0.809524 0.017074 126
0.893333 0.680000 0.011306 69
1.000000 0.600000 0.000000 48
1.000000 0.733333 0.000000 46
0.333333 1.000000 0.000000 166
0.300000 0.900000 0.013104 168
0.400000 0.833333 0.011147 148
1.000000 0.466667 0.000000 47
1.000000 0.600000 0.000000 48
0.911111 0.555556 0.025948 70
-0.533333 0.533333 0.010150 258
-0.644444 0.481481 0.001680 262
-0.515152 0.418182 -0.002923 249
0.274074 0.688889 0.007584 153
0.170370 0.644444 -0.004781 172
0.346667 0.553333 -0.027547 152
0.160000 0.906667 -0.008640 188
0.160000 0.773333 0.003267 173
0.253333 0.813333 -0.005954 167
0.066667 0.733333 -0.009562 193
0.066667 0.600000 0.018979 192
0.170370 0.644444 -0.004781 172
0.253333 0.813333 -0.005954 167
0.160000 0.773333 0.003267 173
0.274074 0.688889 0.007584 153
-0.321212 0.475758 -0.008880 233
-0.208081 0.491919 -0.025215 212
-0.321212 0.612121 0.008513 234
-0.533333 0.533333 0.010150 258
-0.418182 0.446970 -0.003927 245
-0.418182 0.575758 -0.001836 251
-0.398788 0.347879 -0.023731 231
-0.224242 0.375758 0.049491 211
-0.321212 0.475758 -0.008880 233
0.657778 0.331111 0.029051 89
0.688889 0.222222 0.017400 64
0.813333 0.253333 -0.011505 65
0.514667 0.392000 -0.017488 109
0.657778 0.331111 0.029051 89
0.626667 0.440000 -0.000189 110
0.539556 0.291556 -0.016676 88
0.564444 0.191111 -0.022169 87
0.688889 0.222222 0.017400 64
0.514667 0.392000 -0.017488 109
0.539556 0.291556 -0.016676 88
0.657778 0.331111 0.029051 89
0.514667 0.392000 -0.017488 109
0.402667 0.290667 0.005438 108
0.539556 0.291556 -0.016676 88
-0.515152 0.418182 -0.002923 249
-0.644444 0.481481 0.001680 262
-0.612121 0.321212 0.000344 255
0.406061 -0.378788 0.032675 71
0.423030 -0.272727 0.071844 77
0.304242 -0.248485 -0.071520 93
0.416667 -0.516667 -0.022357 50
0.406061 -0.378788 0.032675 71
0.300000 -0.433333 0.017622 72
0.522727 -0.428788 -0.016484 49
0.512121 -0.324242 -0.023622 60
0.406061 -0.378788 0.032675 71
0.660606 -0.321212 0.003993 40
0.512121 -0.324242 -0.023622 60
0.626667 -0.440000 0.007819 38
0.660606 -0.321212 0.003993 40
0.632323 -0.175758 0.051260 62
0.512121 -0.324242 -0.023622 60
-0.291582 0.018182 -0.050541 184
-0.331987 -0.115152 -0.001914 185
-0.232323 -0.103030 0.052824 164
-0.579798 0.039394 0.000571 229
-0.487677 -0.027071 -0.007102 208
-0.450505 0.127273 0.000230 228
-0.579798 0.175758 -0.017753 246
-0.579798 0.039394 0.000571 229
-0.450505 0.127273 0.000230 228
-0.709091 -0.048485 0.006207 230
-0.650909 -0.153939 -0.007940 225
-0.584108 -0.060202 -0.007155 209
-0.232323 -0.103030 0.052824 164
-0.272727 -0.236364 -0.011414 165
-0.159596 -0.179798 -0.058405 144
-0.487677 -0.027071 -0.007102 208
-0.331987 -0.115152 -0.001914 185
-0.391246 0.006061 0.045118 207
-0.450505 0.127273 0.000230 228
-0.487677 -0.027071 -0.007102 208
-0.391246 0.006061 0.045118 207
-0.584108 -0.060202 -0.007155 209
-0.563636 -0.259394 0.010056 203
-0.447811 -0.187273 0.002291 186
-0.447811 -0.187273 0.002291 186
-0.272727 -0.236364 -0.011414 165
-0.331987 -0.115152 -0.001914 185
-0.584108 -0.060202 -0.007155 209
-0.650909 -0.153939 -0.007940 225
-0.563636 -0.259394 0.010056 203
-0.579798 0.039394 0.000571 229
-0.584108 -0.060202 -0.007155 209
-0.487677 -0.027071 -0.007102 208
-0.579798 0.039394 0.000571 229
-0.709091 -0.048485 0.006207 230
-0.584108 -0.060202 -0.007155 209
-0.398788 -0.432727 0.001036 174
-0.321061 -0.544697 -0.009313 160
-0.282424 -0.374545 0.012993 159
0.178667 0.141333 -0.117807 133
0.315556 0.128889 -0.020983 127
0.178667 0.248000 -0.048596 149
0.066667 -0.200000 -0.043400 119
0.185455 -0.117576 0.036339 120
0.066667 -0.066667 -0.031085 143
0.338182 -0.129697 -0.083282 100
0.473939 -0.161212 -0.021209 84
0.456970 -0.000606 0.007354 106
0.185455 -0.117576 0.036339 120
0.338182 -0.129697 -0.083282 100
0.292929 -0.030303 0.093255 113
0.304242 -0.248485 -0.071520 93
0.423030 -0.272727 0.071844 77
0.338182 -0.129697 -0.083282 100
-0.049697 0.243636 0.461122 176
0.066667 0.333333 0.143190 169
-0.078788 0.354545 0.166756 189
0.183333 -0.483333 0.001897 78
0.066667 -0.600000 0.011290 95
0.206667 -0.660000 -0.025846 74
0.585185 0.555556 -0.019704 111
0.500000 0.700000 -0.009242 124
0.440000 0.626667 0.016575 131
0.714286 0.619048 0.010289 92
0.600000 0.666667 0.015049 104
0.585185 0.555556 -0.019704 111
0.893333 0.680000 0.011306 69
0.800000 0.800000 0.008854 82
0.733333 0.733333 0.018183 81
1.000000 0.600000 0.000000 48
0.893333 0.680000 0.011306 69
0.911111 0.555556 0.025948 70
1.000000 0.733333 0.000000 46
0.911111 0.822222 0.001382 58
0.893333 0.680000 0.011306 69
0.680000 0.840000 0.009809 105
0.600000 1.000000 0.000000 123
0.555556 0.911111 0.011729 125
0.680000 0.840000 0.009809 105
0.800000 0.800000 0.008854 82
0.800000 0.900000 0.002467 80
0.523810 0.809524 0.017074 126
0.680000 0.840000 0.009809 105
0.555556 0.911111 0.011729 125
0.733333 0.733333 0.018183 81
0.800000 0.800000 0.008854 82
0.680000 0.840000 0.009809 105
0.300000 0.900000 0.013104 168
0.200000 1.000000 0.000000 187
0.160000 0.906667 -0.008640 188
0.911111 0.555556 0.025948 70
0.904762 0.428571 0.021342 67
1.000000 0.466667 0.000000 47
0.160000 0.906667 -0.008640 188
0.200000 1.000000 0.000000 187
0.066667 1.000000 0.000000 210
0.900000 0.300000 -0.006827 66
0.792593 0.377778 -0.012724 90
0.813333 0.253333 -0.011505 65
-0.030303 0.903030 -0.009475 213
0.066667 1.000000 0.000000 210
-0.066667 1.000000 0.000000 232
0.160000 0.906667 -0.008640 188
0.253333 0.813333 -0.005954 167
0.300000 0.900000 0.013104 168
-0.030303 0.903030 -0.009475 213
0.066667 0.866667 0.004541 190
0.066667 1.000000 0.000000 210
0.066667 0.866667 0.004541 190
0.160000 0.773333 0.003267 173
0.160000 0.906667 -0.008640 188
-0.321212 0.612121 0.008513 234
-0.191919 0.608081 0.002022 214
-0.224242 0.745455 0.000041 236
0.274074 0.688889 0.007584 153
0.346667 0.553333 -0.027547 152
0.440000 0.626667 0.016575 131
0.253333 0.813333 -0.005954 167
0.274074 0.688889 0.007584 153
0.377778 0.733333 -0.015352 147
0.160000 0.540000 0.023975 170
0.066667 0.600000 0.018979 192
0.066667 0.466667 -0.023786 171
0.160000 0.406667 -0.060401 151
0.160000 0.540000 0.023975 170
0.066667 0.466667 -0.023786 171
0.253333 0.480000 0.049122 150
0.346667 0.553333 -0.027547 152
0.160000 0.540000 0.023975 170
0.160000 0.773333 0.003267 173
0.170370 0.644444 -0.004781 172
0.274074 0.688889 0.007584 153
0.160000 0.773333 0.003267 173
0.066667 0.733333 -0.009562 193
0.170370 0.644444 -0.004781 172
-0.078788 0.672727 0.010611 216
-0.191919 0.608081 0.002022 214
-0.062626 0.515152 -0.019043 191
-0.030303 0.769697 -0.000007 194
-0.078788 0.672727 0.010611 216
0.066667 0.733333 -0.009562 193
0.066667 0.866667 0.004541 190
-0.030303 0.769697 -0.000007 194
0.066667 0.733333 -0.009562 193
-0.127273 0.806061 0.001476 215
-0.078788 0.672727 0.010611 216
-0.030303 0.769697 -0.000007 194
-0.127273 0.806061 0.001476 215
-0.224242 0.745455 0.000041 236
-0.078788 0.672727 0.010611 216
0.160000 0.540000 0.023975 170
0.160000 0.406667 -0.060401 151
0.253333 0.480000 0.049122 150
-0.078788 0.672727 0.010611 216
-0.062626 0.515152 -0.019043 191
0.066667 0.600000 0.018979 192
0.066667 0.733333 -0.009562 193
-0.078788 0.672727 0.010611 216
0.066667 0.600000 0.018979 192
-0.224242 0.375758 0.049491 211
-0.208081 0.491919 -0.025215 212
-0.321212 0.475758 -0.008880 233
-0.346667 0.720000 0.010543 252
-0.321212 0.612121 0.008513 234
-0.224242 0.745455 0.000041 236
-0.418182 0.446970 -0.003927 245
-0.515152 0.418182 -0.002923 249
-0.398788 0.347879 -0.023731 231
-0.321212 0.475758 -0.008880 233
-0.418182 0.446970 -0.003927 245
-0.398788 0.347879 -0.023731 231
-0.321212 0.475758 -0.008880 233
-0.418182 0.575758 -0.001836 251
-0.418182 0.446970 -0.003927 245
0.477333 0.509333 0.005446 130
0.514667 0.392000 -0.017488 109
0.626667 0.440000 -0.000189 110
0.346667 0.553333 -0.027547 152
0.477333 0.509333 0.005446 130
0.440000 0.626667 0.016575 131
0.346667 0.553333 -0.027547 152
0.346667 0.386667 0.014625 129
0.477333 0.509333 0.005446 130
0.377778 0.733333 -0.015352 147
0.274074 0.688889 0.007584 153
0.440000 0.626667 0.016575 131
0.290667 0.296000 0.035820 128
0.160000 0.406667 -0.060401 151
0.178667 0.248000 -0.048596 149
-0.224242 0.375758 0.049491 211
-0.282424 0.277576 0.126484 217
-0.166061 0.287273 0.284384 197
-0.078788 0.354545 0.166756 189
-0.224242 0.375758 0.049491 211
-0.166061 0.287273 0.284384 197
-0.321212 0.475758 -0.008880 233
-0.321212 0.612121 0.008513 234
-0.418182 0.575758 -0.001836 251
-0.078788 0.354545 0.166756 189
-0.208081 0.491919 -0.025215 212
-0.224242 0.375758 0.049491 211
-0.191919 0.608081 0.002022 214
-0.321212 0.612121 0.008513 234
-0.208081 0.491919 -0.025215 212
0.539556 0.291556 -0.016676 88
0.440000 0.160000 0.026989 107
0.564444 0.191111 -0.022169 87
0.346667 0.386667 0.014625 129
0.402667 0.290667 0.005438 108
0.514667 0.392000 -0.017488 109
0.346667 0.386667 0.014625 129
0.290667 0.296000 0.035820 128
0.402667 0.290667 0.005438 108
0.402667 0.290667 0.005438 108
0.290667 0.296000 0.035820 128
0.315556 0.128889 -0.020983 127
0.477333 0.509333 0.005446 130
0.346667 0.386667 0.014625 129
0.514667 0.392000 -0.017488 109
0.346667 0.553333 -0.027547 152
0.253333 0.480000 0.049122 150
0.346667 0.386667 0.014625 129
0.178667 0.248000 -0.048596 149
0.315556 0.128889 -0.020983 127
0.290667 0.296000 0.035820 128
0.066667 0.200000 0.248315 155
0.178667 0.248000 -0.048596 149
0.066667 0.333333 0.143190 169
0.066667 0.200000 0.248315 155
0.066667 0.066667 -0.046179 154
0.178667 0.141333 -0.117807 133
0.300000 0.900000 0.013104 168
0.333333 1.000000 0.000000 166
0.200000 1.000000 0.000000 187
0.377778 0.733333 -0.015352 147
0.400000 0.833333 0.011147 148
0.253333 0.813333 -0.005954 167
0.400000 0.833333 0.011147 148
0.523810 0.809524 0.017074 126
0.555556 0.911111 0.011729 125
0.253333 0.813333 -0.005954 167
0.400000 0.833333 0.011147 148
0.300000 0.900000 0.013104 168
0.377778 0.733333 -0.015352 147
0.523810 0.809524 0.017074 126
0.400000 0.833333 0.011147 148
0.800000 0.500000 -0.011038 68
0.911111 0.555556 0.025948 70
0.714286 0.619048 0.010289 92
0.700000 0.500000 0.022794 91
0.800000 0.500000 -0.011038 68
0.714286 0.619048 0.010289 92
0.585185 0.555556 -0.019704 111
0.700000 0.500000 0.022794 91
0.714286 0.619048 0.010289 92
0.626667 0.440000 -0.000189 110
0.792593 0.377778 -0.012724 90
0.700000 0.500000 0.022794 91
0.792593 0.377778 -0.012724 90
0.904762 0.428571 0.021342 67
0.800000 0.500000 -0.011038 68
1.000000 0.466667 0.000000 47
0.904762 0.428571 0.021342 67
1.000000 0.333333 0.000000 45
0.600000 0.666667 0.015049 104
0.733333 0.733333 0.018183 81
0.680000 0.840000 0.009809 105
0.585185 0.555556 -0.019704 111
0.600000 0.666667 0.015049 104
0.500000 0.700000 -0.009242 124
0.714286 0.619048 0.010289 92
0.733333 0.733333 0.018183 81
0.600000 0.666667 0.015049 104
0.626667 0.440000 -0.000189 110
0.700000 0.500000 0.022794 91
0.585185 0.555556 -0.019704 111
0.911111 0.555556 0.025948 70
0.893333 0.680000 0.011306 69
0.714286 0.619048 0.010289 92
