-0.507514 0.097964 0.664015 8
-0.809017 -0.587785 0.627713 13
-0.206011 -0.391857 0.682223 12
-0.507514 0.097964 0.664015 8
-1.000000 -0.000000 0.635047 9
-0.809017 -0.587785 0.627713 13
0.333333 -0.000000 0.798713 7
-0.507514 0.097964 0.664015 8
-0.206011 -0.391857 0.682223 12
0.012158 0.475528 0.696368 4
-0.809017 0.587785 0.623061 5
-0.507514 0.097964 0.664015 8
0.333333 -0.000000 0.798713 7
0.012158 0.475528 0.696368 4
-0.507514 0.097964 0.664015 8
0.012158 0.475528 0.696368 4
0.309017 0.951057 0.657527 1
-0.309017 0.951057 0.639802 2
0.012158 0.475528 0.696368 4
0.333333 -0.000000 0.798713 7
0.809017 0.587785 0.736610 3
-0.809017 0.587785 0.623061 5
0.012158 0.475528 0.696368 4
-0.309017 0.951057 0.639802 2
-0.809017 0.587785 0.623061 5
-1.000000 -0.000000 0.635047 9
-0.507514 0.097964 0.664015 8
-0.309017 -0.951057 0.634932 15
0.309017 -0.951057 0.654954 14
-0.206011 -0.391857 0.682223 12
0.321175 -0.475528 0.721562 11
0.809017 -0.587785 0.730980 10
0.333333 -0.000000 0.798713 7
0.333333 -0.000000 0.798713 7
0.809017 -0.587785 0.730980 10
1.000000 0.000000 0.787662 6
0.321175 -0.475528 0.721562 11
-0.206011 -0.391857 0.682223 12
0.309017 -0.951057 0.654954 14
0.809017 -0.587785 0.730980 10
0.321175 -0.475528 0.721562 11
0.309017 -0.951057 0.654954 14
0.333333 -0.000000 0.798713 7
-0.206011 -0.391857 0.682223 12
0.321175 -0.475528 0.721562 11
0.809017 0.587785 0.736610 3
0.333333 -0.000000 0.798713 7
1.000000 0.000000 0.787662 6
0.809017 0.587785 0.736610 3
0.309017 0.951057 0.657527 1
0.012158 0.475528 0.696368 4
-0.809017 -0.587785 0.627713 13
-0.309017 -0.951057 0.634932 15
-0.206011 -0.391857 0.682223 12
