-0.507514 0.097964 0.684973 8
-0.809017 -0.587785 0.649404 13
-0.206011 -0.391857 0.703014 12
-0.507514 0.097964 0.684973 8
-1.000000 -0.000000 0.656446 9
-0.809017 -0.587785 0.649404 13
0.333333 -0.000000 0.816324 7
-0.507514 0.097964 0.684973 8
-0.206011 -0.391857 0.703014 12
0.012158 0.475528 0.717101 4
-0.809017 0.587785 0.644845 5
-0.507514 0.097964 0.684973 8
0.333333 -0.000000 0.816324 7
0.012158 0.475528 0.717101 4
-0.507514 0.097964 0.684973 8
0.012158 0.475528 0.717101 4
0.309017 0.951057 0.680341 1
-0.309017 0.951057 0.661702 2
0.012158 0.475528 0.717101 4
0.333333 -0.000000 0.816324 7
0.809017 0.587785 0.758470 3
-0.809017 0.587785 0.644845 5
0.012158 0.475528 0.717101 4
-0.309017 0.951057 0.661702 2
-0.809017 0.587785 0.644845 5
-1.000000 -0.000000 0.656446 9
-0.507514 0.097964 0.684973 8
-0.309017 -0.951057 0.656829 15
0.309017 -0.951057 0.677627 14
-0.206011 -0.391857 0.703014 12
0.321175 -0.475528 0.742252 11
0.809017 -0.587785 0.753118 10
0.333333 -0.000000 0.816324 7
0.333333 -0.000000 0.816324 7
0.809017 -0.587785 0.753118 10
1.000000 0.000000 0.808401 6
0.321175 -0.475528 0.742252 11
-0.206011 -0.391857 0.703014 12
0.309017 -0.951057 0.677627 14
0.809017 -0.587785 0.753118 10
0.321175 -0.475528 0.742252 11
0.309017 -0.951057 0.677627 14
0.333333 -0.000000 0.816324 7
-0.206011 -0.391857 0.703014 12
0.321175 -0.475528 0.742252 11
0.809017 0.587785 0.758470 3
0.333333 -0.000000 0.816324 7
1.000000 0.000000 0.808401 6
0.809017 0.587785 0.758470 3
0.309017 0.951057 0.680341 1
0.012158 0.475528 0.717101 4
-0.809017 -0.587785 0.649404 13
-0.309017 -0.951057 0.656829 15
-0.206011 -0.391857 0.703014 12
