-0.507514 0.097964 1.866905 8
-0.809017 -0.587785 1.857303 13
-0.206011 -0.391857 1.881328 12
-0.507514 0.097964 1.866905 8
-1.000000 -0.000000 1.855791 9
-0.809017 -0.587785 1.857303 13
0.333333 -0.000000 1.927102 7
-0.507514 0.097964 1.866905 8
-0.206011 -0.391857 1.881328 12
0.012158 0.475528 1.894691 4
-0.809017 0.587785 1.855576 5
-0.507514 0.097964 1.866905 8
0.333333 -0.000000 1.927102 7
0.012158 0.475528 1.894691 4
-0.507514 0.097964 1.866905 8
0.012158 0.475528 1.894691 4
0.309017 0.951057 1.900737 1
-0.309017 0.951057 1.875579 2
0.012158 0.475528 1.894691 4
0.333333 -0.000000 1.927102 7
0.809017 0.587785 1.937883 3
-0.809017 0.587785 1.855576 5
0.012158 0.475528 1.894691 4
-0.309017 0.951057 1.875579 2
-0.809017 0.587785 1.855576 5
-1.000000 -0.000000 1.855791 9
-0.507514 0.097964 1.866905 8
-0.309017 -0.951057 1.872027 15
0.309017 -0.951057 1.899197 14
-0.206011 -0.391857 1.881328 12
0.321175 -0.475528 1.913636 11
0.809017 -0.587785 1.935718 10
0.333333 -0.000000 1.927102 7
0.333333 -0.000000 1.927102 7
0.809017 -0.587785 1.935718 10
1.000000 0.000000 1.951991 6
0.321175 -0.475528 1.913636 11
-0.206011 -0.391857 1.881328 12
0.309017 -0.951057 1.899197 14
0.809017 -0.587785 1.935718 10
0.321175 -0.475528 1.913636 11
0.309017 -0.951057 1.899197 14
0.333333 -0.000000 1.927102 7
-0.206011 -0.391857 1.881328 12
0.321175 -0.475528 1.913636 11
0.809017 0.587785 1.937883 3
0.333333 -0.000000 1.927102 7
1.000000 0.000000 1.951991 6
0.809017 0.587785 1.937883 3
0.309017 0.951057 1.900737 1
0.012158 0.475528 1.894691 4
-0.809017 -0.587785 1.857303 13
-0.309017 -0.951057 1.872027 15
-0.206011 -0.391857 1.881328 12
