-0.507514 0.097964 2.158595 8
-0.809017 -0.587785 2.151013 13
-0.206011 -0.391857 2.172344 12
-0.507514 0.097964 2.158595 8
-1.000000 -0.000000 2.148782 9
-0.809017 -0.587785 2.151013 13
0.333333 -0.000000 2.211851 7
-0.507514 0.097964 2.158595 8
-0.206011 -0.391857 2.172344 12
0.012158 0.475528 2.184917 4
-0.809017 0.587785 2.149700 5
-0.507514 0.097964 2.158595 8
0.333333 -0.000000 2.211851 7
0.012158 0.475528 2.184917 4
-0.507514 0.097964 2.158595 8
0.012158 0.475528 2.184917 4
0.309017 0.951057 2.192041 1
-0.309017 0.951057 2.169178 2
0.012158 0.475528 2.184917 4
0.333333 -0.000000 2.211851 7
0.809017 0.587785 2.223451 3
-0.809017 0.587785 2.149700 5
0.012158 0.475528 2.184917 4
-0.309017 0.951057 2.169178 2
-0.809017 0.587785 2.149700 5
-1.000000 -0.000000 2.148782 9
-0.507514 0.097964 2.158595 8
-0.309017 -0.951057 2.165818 15
0.309017 -0.951057 2.191005 14
-0.206011 -0.391857 2.172344 12
0.321175 -0.475528 2.201806 11
0.809017 -0.587785 2.221458 10
0.333333 -0.000000 2.211851 7
0.333333 -0.000000 2.211851 7
0.809017 -0.587785 2.221458 10
1.000000 0.000000 2.234355 6
0.321175 -0.475528 2.201806 11
-0.206011 -0.391857 2.172344 12
0.309017 -0.951057 2.191005 14
0.809017 -0.587785 2.221458 10
0.321175 -0.475528 2.201806 11
0.309017 -0.951057 2.191005 14
0.333333 -0.000000 2.211851 7
-0.206011 -0.391857 2.172344 12
0.321175 -0.475528 2.201806 11
0.809017 0.587785 2.223451 3
0.333333 -0.000000 2.211851 7
1.000000 0.000000 2.234355 6
0.809017 0.587785 2.223451 3
0.309017 0.951057 2.192041 1
0.012158 0.475528 2.184917 4
-0.809017 -0.587785 2.151013 13
-0.309017 -0.951057 2.165818 15
-0.206011 -0.391857 2.172344 12
