-0.507514 0.097964 2.021377 8
-0.809017 -0.587785 2.012948 13
-0.206011 -0.391857 2.035460 12
-0.507514 0.097964 2.021377 8
-1.000000 -0.000000 2.011010 9
-0.809017 -0.587785 2.012948 13
0.333333 -0.000000 2.077739 7
-0.507514 0.097964 2.021377 8
-0.206011 -0.391857 2.035460 12
0.012158 0.475528 2.048425 4
-0.809017 0.587785 2.011450 5
-0.507514 0.097964 2.021377 8
0.333333 -0.000000 2.077739 7
0.012158 0.475528 2.048425 4
-0.507514 0.097964 2.021377 8
0.012158 0.475528 2.048425 4
0.309017 0.951057 2.055178 1
-0.309017 0.951057 2.031227 2
0.012158 0.475528 2.048425 4
0.333333 -0.000000 2.077739 7
0.809017 0.587785 2.089137 3
-0.809017 0.587785 2.011450 5
0.012158 0.475528 2.048425 4
-0.309017 0.951057 2.031227 2
-0.809017 0.587785 2.011450 5
-1.000000 -0.000000 2.011010 9
-0.507514 0.097964 2.021377 8
-0.309017 -0.951057 2.027776 15
0.309017 -0.951057 2.053929 14
-0.206011 -0.391857 2.035460 12
0.321175 -0.475528 2.066264 11
0.809017 -0.587785 2.087061 10
0.333333 -0.000000 2.077739 7
0.333333 -0.000000 2.077739 7
0.809017 -0.587785 2.087061 10
1.000000 0.000000 2.101409 6
0.321175 -0.475528 2.066264 11
-0.206011 -0.391857 2.035460 12
0.309017 -0.951057 2.053929 14
0.809017 -0.587785 2.087061 10
0.321175 -0.475528 2.066264 11
0.309017 -0.951057 2.053929 14
0.333333 -0.000000 2.077739 7
-0.206011 -0.391857 2.035460 12
0.321175 -0.475528 2.066264 11
0.809017 0.587785 2.089137 3
0.333333 -0.000000 2.077739 7
1.000000 0.000000 2.101409 6
0.809017 0.587785 2.089137 3
0.309017 0.951057 2.055178 1
0.012158 0.475528 2.048425 4
-0.809017 -0.587785 2.012948 13
-0.309017 -0.951057 2.027776 15
-0.206011 -0.391857 2.035460 12
