-0.507514 0.097964 0.449104 8
-0.809017 -0.587785 0.406998 13
-0.206011 -0.391857 0.468858 12
-0.507514 0.097964 0.449104 8
-1.000000 -0.000000 0.417813 9
-0.809017 -0.587785 0.406998 13
0.333333 -0.000000 0.632344 7
-0.507514 0.097964 0.449104 8
-0.206011 -0.391857 0.468858 12
0.012158 0.475528 0.484438 4
-0.809017 0.587785 0.401260 5
-0.507514 0.097964 0.449104 8
0.333333 -0.000000 0.632344 7
0.012158 0.475528 0.484438 4
-0.507514 0.097964 0.449104 8
0.012158 0.475528 0.484438 4
0.309017 0.951057 0.421814 1
-0.309017 0.951057 0.416543 2
0.012158 0.475528 0.484438 4
0.333333 -0.000000 0.632344 7
0.809017 0.587785 0.508443 3
-0.809017 0.587785 0.401260 5
0.012158 0.475528 0.484438 4
-0.309017 0.951057 0.416543 2
-0.809017 0.587785 0.401260 5
-1.000000 -0.000000 0.417813 9
-0.507514 0.097964 0.449104 8
-0.309017 -0.951057 0.412764 15
0.309017 -0.951057 0.421049 14
-0.206011 -0.391857 0.468858 12
0.321175 -0.475528 0.510725 11
0.809017 -0.587785 0.498440 10
0.333333 -0.000000 0.632344 7
0.333333 -0.000000 0.632344 7
0.809017 -0.587785 0.498440 10
1.000000 0.000000 0.570349 6
0.321175 -0.475528 0.510725 11
-0.206011 -0.391857 0.468858 12
0.309017 -0.951057 0.421049 14
0.809017 -0.587785 0.498440 10
0.321175 -0.475528 0.510725 11
0.309017 -0.951057 0.421049 14
0.333333 -0.000000 0.632344 7
-0.206011 -0.391857 0.468858 12
0.321175 -0.475528 0.510725 11
0.809017 0.587785 0.508443 3
0.333333 -0.000000 0.632344 7
1.000000 0.000000 0.570349 6
0.809017 0.587785 0.508443 3
0.309017 0.951057 0.421814 1
0.012158 0.475528 0.484438 4
-0.809017 -0.587785 0.406998 13
-0.309017 -0.951057 0.412764 15
-0.206011 -0.391857 0.468858 12
