-0.507514 0.097964 1.764382 8
-0.809017 -0.587785 1.753839 13
-0.206011 -0.391857 1.779009 12
-0.507514 0.097964 1.764382 8
-1.000000 -0.000000 1.752674 9
-0.809017 -0.587785 1.753839 13
0.333333 -0.000000 1.827366 7
-0.507514 0.097964 1.764382 8
-0.206011 -0.391857 1.779009 12
0.012158 0.475528 1.792604 4
-0.809017 0.587785 1.751947 5
-0.507514 0.097964 1.764382 8
0.333333 -0.000000 1.827366 7
0.012158 0.475528 1.792604 4
-0.507514 0.097964 1.764382 8
0.012158 0.475528 1.792604 4
0.309017 0.951057 1.797950 1
-0.309017 0.951057 1.772027 2
0.012158 0.475528 1.792604 4
0.333333 -0.000000 1.827366 7
0.809017 0.587785 1.837421 3
-0.809017 0.587785 1.751947 5
0.012158 0.475528 1.792604 4
-0.309017 0.951057 1.772027 2
-0.809017 0.587785 1.751947 5
-1.000000 -0.000000 1.752674 9
-0.507514 0.097964 1.764382 8
-0.309017 -0.951057 1.768408 15
0.309017 -0.951057 1.796187 14
-0.206011 -0.391857 1.779009 12
0.321175 -0.475528 1.812295 11
0.809017 -0.587785 1.835200 10
0.333333 -0.000000 1.827366 7
0.333333 -0.000000 1.827366 7
0.809017 -0.587785 1.835200 10
1.000000 0.000000 1.852957 6
0.321175 -0.475528 1.812295 11
-0.206011 -0.391857 1.779009 12
0.309017 -0.951057 1.796187 14
0.809017 -0.587785 1.835200 10
0.321175 -0.475528 1.812295 11
0.309017 -0.951057 1.796187 14
0.333333 -0.000000 1.827366 7
-0.206011 -0.391857 1.779009 12
0.321175 -0.475528 1.812295 11
0.809017 0.587785 1.837421 3
0.333333 -0.000000 1.827366 7
1.000000 0.000000 1.852957 6
0.809017 0.587785 1.837421 3
0.309017 0.951057 1.797950 1
0.012158 0.475528 1.792604 4
-0.809017 -0.587785 1.753839 13
-0.309017 -0.951057 1.768408 15
-0.206011 -0.391857 1.779009 12
