-0.507514 0.097964 2.055987 8
-0.809017 -0.587785 2.047787 13
-0.206011 -0.391857 2.069988 12
-0.507514 0.097964 2.055987 8
-1.000000 -0.000000 2.045768 9
-0.809017 -0.587785 2.047787 13
0.333333 -0.000000 2.111541 7
-0.507514 0.097964 2.055987 8
-0.206011 -0.391857 2.069988 12
0.012158 0.475528 2.082857 4
-0.809017 0.587785 2.046337 5
-0.507514 0.097964 2.055987 8
0.333333 -0.000000 2.111541 7
0.012158 0.475528 2.082857 4
-0.507514 0.097964 2.055987 8
0.012158 0.475528 2.082857 4
0.309017 0.951057 2.089724 1
-0.309017 0.951057 2.066047 2
0.012158 0.475528 2.082857 4
0.333333 -0.000000 2.111541 7
0.809017 0.587785 2.123016 3
-0.809017 0.587785 2.046337 5
0.012158 0.475528 2.082857 4
-0.309017 0.951057 2.066047 2
-0.809017 0.587785 2.046337 5
-1.000000 -0.000000 2.045768 9
-0.507514 0.097964 2.055987 8
-0.309017 -0.951057 2.062619 15
0.309017 -0.951057 2.088533 14
-0.206011 -0.391857 2.069988 12
0.321175 -0.475528 2.100454 11
0.809017 -0.587785 2.120961 10
0.333333 -0.000000 2.111541 7
0.333333 -0.000000 2.111541 7
0.809017 -0.587785 2.120961 10
1.000000 0.000000 2.134922 6
0.321175 -0.475528 2.100454 11
-0.206011 -0.391857 2.069988 12
0.309017 -0.951057 2.088533 14
0.809017 -0.587785 2.120961 10
0.321175 -0.475528 2.100454 11
0.309017 -0.951057 2.088533 14
0.333333 -0.000000 2.111541 7
-0.206011 -0.391857 2.069988 12
0.321175 -0.475528 2.100454 11
0.809017 0.587785 2.123016 3
0.333333 -0.000000 2.111541 7
1.000000 0.000000 2.134922 6
0.809017 0.587785 2.123016 3
0.309017 0.951057 2.089724 1
0.012158 0.475528 2.082857 4
-0.809017 -0.587785 2.047787 13
-0.309017 -0.951057 2.062619 15
-0.206011 -0.391857 2.069988 12
