-0.507514 0.097964 1.484271 8
-0.809017 -0.587785 1.470259 13
-0.206011 -0.391857 1.499391 12
-0.507514 0.097964 1.484271 8
-1.000000 -0.000000 1.470341 9
-0.809017 -0.587785 1.470259 13
0.333333 -0.000000 1.556247 7
-0.507514 0.097964 1.484271 8
-0.206011 -0.391857 1.499391 12
0.012158 0.475528 1.513432 4
-0.809017 0.587785 1.467866 5
-0.507514 0.097964 1.484271 8
0.333333 -0.000000 1.556247 7
0.012158 0.475528 1.513432 4
-0.507514 0.097964 1.484271 8
0.012158 0.475528 1.513432 4
0.309017 0.951057 1.515465 1
-0.309017 0.951057 1.487807 2
0.012158 0.475528 1.513432 4
0.333333 -0.000000 1.556247 7
0.809017 0.587785 1.562283 3
-0.809017 0.587785 1.467866 5
0.012158 0.475528 1.513432 4
-0.309017 0.951057 1.487807 2
-0.809017 0.587785 1.467866 5
-1.000000 -0.000000 1.470341 9
-0.507514 0.097964 1.484271 8
-0.309017 -0.951057 1.483991 15
0.309017 -0.951057 1.512983 14
-0.206011 -0.391857 1.499391 12
0.321175 -0.475528 1.535141 11
0.809017 -0.587785 1.559904 10
0.333333 -0.000000 1.556247 7
0.333333 -0.000000 1.556247 7
0.809017 -0.587785 1.559904 10
1.000000 0.000000 1.582823 6
0.321175 -0.475528 1.535141 11
-0.206011 -0.391857 1.499391 12
0.309017 -0.951057 1.512983 14
0.809017 -0.587785 1.559904 10
0.321175 -0.475528 1.535141 11
0.309017 -0.951057 1.512983 14
0.333333 -0.000000 1.556247 7
-0.206011 -0.391857 1.499391 12
0.321175 -0.475528 1.535141 11
0.809017 0.587785 1.562283 3
0.333333 -0.000000 1.556247 7
1.000000 0.000000 1.582823 6
0.809017 0.587785 1.562283 3
0.309017 0.951057 1.515465 1
0.012158 0.475528 1.513432 4
-0.809017 -0.587785 1.470259 13
-0.309017 -0.951057 1.483991 15
-0.206011 -0.391857 1.499391 12
