-0.507514 0.097964 1.415252 8
-0.809017 -0.587785 1.400128 13
-0.206011 -0.391857 1.430488 12
-0.507514 0.097964 1.415252 8
-1.000000 -0.000000 1.400592 9
-0.809017 -0.587785 1.400128 13
0.333333 -0.000000 1.489864 7
-0.507514 0.097964 1.415252 8
-0.206011 -0.391857 1.430488 12
0.012158 0.475528 1.444588 4
-0.809017 0.587785 1.397600 5
-0.507514 0.097964 1.415252 8
0.333333 -0.000000 1.489864 7
0.012158 0.475528 1.444588 4
-0.507514 0.097964 1.415252 8
0.012158 0.475528 1.444588 4
0.309017 0.951057 1.445364 1
-0.309017 0.951057 1.417422 2
0.012158 0.475528 1.444588 4
0.333333 -0.000000 1.489864 7
0.809017 0.587785 1.494247 3
-0.809017 0.587785 1.397600 5
0.012158 0.475528 1.444588 4
-0.309017 0.951057 1.417422 2
-0.809017 0.587785 1.397600 5
-1.000000 -0.000000 1.400592 9
-0.507514 0.097964 1.415252 8
-0.309017 -0.951057 1.413549 15
0.309017 -0.951057 1.442689 14
-0.206011 -0.391857 1.430488 12
0.321175 -0.475528 1.466771 11
0.809017 -0.587785 1.491822 10
0.333333 -0.000000 1.489864 7
0.333333 -0.000000 1.489864 7
0.809017 -0.587785 1.491822 10
1.000000 0.000000 1.516329 6
0.321175 -0.475528 1.466771 11
-0.206011 -0.391857 1.430488 12
0.309017 -0.951057 1.442689 14
0.809017 -0.587785 1.491822 10
0.321175 -0.475528 1.466771 11
0.309017 -0.951057 1.442689 14
0.333333 -0.000000 1.489864 7
-0.206011 -0.391857 1.430488 12
0.321175 -0.475528 1.466771 11
0.809017 0.587785 1.494247 3
0.333333 -0.000000 1.489864 7
1.000000 0.000000 1.516329 6
0.809017 0.587785 1.494247 3
0.309017 0.951057 1.445364 1
0.012158 0.475528 1.444588 4
-0.809017 -0.587785 1.400128 13
-0.309017 -0.951057 1.413549 15
-0.206011 -0.391857 1.430488 12
