-0.507514 0.097964 1.897794 8
-0.809017 -0.587785 1.888447 13
-0.206011 -0.391857 1.912152 12
-0.507514 0.097964 1.897794 8
-1.000000 -0.000000 1.886842 9
-0.809017 -0.587785 1.888447 13
0.333333 -0.000000 1.957191 7
-0.507514 0.097964 1.897794 8
-0.206011 -0.391857 1.912152 12
0.012158 0.475528 1.925440 4
-0.809017 0.587785 1.886768 5
-0.507514 0.097964 1.897794 8
0.333333 -0.000000 1.957191 7
0.012158 0.475528 1.925440 4
-0.507514 0.097964 1.897794 8
0.012158 0.475528 1.925440 4
0.309017 0.951057 1.931656 1
-0.309017 0.951057 1.906737 2
0.012158 0.475528 1.925440 4
0.333333 -0.000000 1.957191 7
0.809017 0.587785 1.968136 3
-0.809017 0.587785 1.886768 5
0.012158 0.475528 1.925440 4
-0.309017 0.951057 1.906737 2
-0.809017 0.587785 1.886768 5
-1.000000 -0.000000 1.886842 9
-0.507514 0.097964 1.897794 8
-0.309017 -0.951057 1.903204 15
0.309017 -0.951057 1.930179 14
-0.206011 -0.391857 1.912152 12
0.321175 -0.475528 1.944161 11
0.809017 -0.587785 1.965989 10
0.333333 -0.000000 1.957191 7
0.333333 -0.000000 1.957191 7
0.809017 -0.587785 1.965989 10
1.000000 0.000000 1.981849 6
0.321175 -0.475528 1.944161 11
-0.206011 -0.391857 1.912152 12
0.309017 -0.951057 1.930179 14
0.809017 -0.587785 1.965989 10
0.321175 -0.475528 1.944161 11
0.309017 -0.951057 1.930179 14
0.333333 -0.000000 1.957191 7
-0.206011 -0.391857 1.912152 12
0.321175 -0.475528 1.944161 11
0.809017 0.587785 1.968136 3
0.333333 -0.000000 1.957191 7
1.000000 0.000000 1.981849 6
0.809017 0.587785 1.968136 3
0.309017 0.951057 1.931656 1
0.012158 0.475528 1.925440 4
-0.809017 -0.587785 1.888447 13
-0.309017 -0.951057 1.903204 15
-0.206011 -0.391857 1.912152 12
