-0.507514 0.097964 0.680044 8
-0.809017 -0.587785 0.644301 13
-0.206011 -0.391857 0.698123 12
-0.507514 0.097964 0.680044 8
-1.000000 -0.000000 0.651411 9
-0.809017 -0.587785 0.644301 13
0.333333 -0.000000 0.812165 7
-0.507514 0.097964 0.680044 8
-0.206011 -0.391857 0.698123 12
0.012158 0.475528 0.712223 4
-0.809017 0.587785 0.639720 5
-0.507514 0.097964 0.680044 8
0.333333 -0.000000 0.812165 7
0.012158 0.475528 0.712223 4
-0.507514 0.097964 0.680044 8
0.012158 0.475528 0.712223 4
0.309017 0.951057 0.674979 1
-0.309017 0.951057 0.656550 2
0.012158 0.475528 0.712223 4
0.333333 -0.000000 0.812165 7
0.809017 0.587785 0.753333 3
-0.809017 0.587785 0.639720 5
0.012158 0.475528 0.712223 4
-0.309017 0.951057 0.656550 2
-0.809017 0.587785 0.639720 5
-1.000000 -0.000000 0.651411 9
-0.507514 0.097964 0.680044 8
-0.309017 -0.951057 0.651677 15
0.309017 -0.951057 0.672298 14
-0.206011 -0.391857 0.698123 12
0.321175 -0.475528 0.737384 11
0.809017 -0.587785 0.747918 10
0.333333 -0.000000 0.812165 7
0.333333 -0.000000 0.812165 7
0.809017 -0.587785 0.747918 10
1.000000 0.000000 0.803528 6
0.321175 -0.475528 0.737384 11
-0.206011 -0.391857 0.698123 12
0.309017 -0.951057 0.672298 14
0.809017 -0.587785 0.747918 10
0.321175 -0.475528 0.737384 11
0.309017 -0.951057 0.672298 14
0.333333 -0.000000 0.812165 7
-0.206011 -0.391857 0.698123 12
0.321175 -0.475528 0.737384 11
0.809017 0.587785 0.753333 3
0.333333 -0.000000 0.812165 7
1.000000 0.000000 0.803528 6
0.809017 0.587785 0.753333 3
0.309017 0.951057 0.674979 1
0.012158 0.475528 0.712223 4
-0.809017 -0.587785 0.644301 13
-0.309017 -0.951057 0.651677 15
-0.206011 -0.391857 0.698123 12
