-1.000000 1.000000 0.000000 298
-1.000000 0.866667 0.000000 296
-0.866667 1.000000 0.000000 297
-0.840000 0.680000 -0.006964 285
-0.911111 0.822222 -0.003107 294
-1.000000 0.733333 0.000000 292
-0.680000 0.893333 0.001924 287
-0.800000 0.800000 0.011769 288
-0.666667 0.733333 -0.003791 280
-0.680000 0.893333 0.001924 287
-0.733333 1.000000 0.000000 295
-0.822222 0.911111 -0.016428 293
-0.911111 0.822222 -0.003107 294
-0.800000 0.800000 0.011769 288
-0.822222 0.911111 -0.016428 293
-1.000000 0.733333 0.000000 292
-0.911111 0.822222 -0.003107 294
-1.000000 0.866667 0.000000 296
-0.840000 0.680000 -0.006964 285
-1.000000 0.600000 0.000000 289
-0.888889 0.555556 0.008681 284
-1.000000 0.866667 0.000000 296
-0.911111 0.822222 -0.003107 294
-0.866667 1.000000 0.000000 297
-0.700000 0.583333 -0.001488 276
-0.800000 0.500000 -0.001308 275
-0.644444 0.481481 0.000929 262
-0.666667 0.733333 -0.003791 280
-0.700000 0.583333 -0.001488 276
-0.600000 0.600000 -0.000982 269
-0.840000 0.680000 -0.006964 285
-0.800000 0.500000 -0.001308 275
-0.700000 0.583333 -0.001488 276
-1.000000 0.733333 0.000000 292
-1.000000 0.600000 0.000000 289
-0.840000 0.680000 -0.006964 285
-1.000000 0.600000 0.000000 289
-1.000000 0.466667 0.000000 291
-0.888889 0.555556 0.008681 284
-0.566667 0.711111 -0.006288 270
-0.466667 0.688889 0.005222 265
-0.523810 0.809524 -0.007964 278
-0.600000 0.600000 -0.000982 269
-0.566667 0.711111 -0.006288 270
-0.666667 0.733333 -0.003791 280
-0.600000 0.600000 -0.000982 269
-0.466667 0.688889 0.005222 265
-0.566667 0.711111 -0.006288 270
-0.666667 0.733333 -0.003791 280
-0.840000 0.680000 -0.006964 285
-0.700000 0.583333 -0.001488 276
-0.840000 0.680000 -0.006964 285
-0.666667 0.733333 -0.003791 280
-0.800000 0.800000 0.011769 288
-0.911111 0.822222 -0.003107 294
-0.840000 0.680000 -0.006964 285
-0.800000 0.800000 0.011769 288
-0.888889 0.555556 0.008681 284
-0.800000 0.500000 -0.001308 275
-0.840000 0.680000 -0.006964 285
-1.000000 0.466667 0.000000 291
-0.900000 0.416667 -0.010368 283
-0.888889 0.555556 0.008681 284
-0.800000 0.400000 -0.003032 274
-0.644444 0.481481 0.000929 262
-0.800000 0.500000 -0.001308 275
-0.680000 0.893333 0.001924 287
-0.600000 1.000000 0.000000 286
-0.733333 1.000000 0.000000 295
-0.888889 0.555556 0.008681 284
-0.900000 0.416667 -0.010368 283
-0.800000 0.500000 -0.001308 275
-0.428571 0.904762 -0.005545 266
-0.333333 1.000000 0.000000 263
-0.466667 1.000000 0.000000 277
-0.555556 0.911111 0.002885 279
-0.428571 0.904762 -0.005545 266
-0.466667 1.000000 0.000000 277
-0.400000 0.800000 -0.006634 264
-0.288889 0.896296 -0.003234 253
-0.428571 0.904762 -0.005545 266
-0.600000 1.000000 0.000000 286
-0.555556 0.911111 0.002885 279
-0.466667 1.000000 0.000000 277
-0.900000 0.300000 0.010984 282
-1.000000 0.333333 0.000000 290
-1.000000 0.200000 0.000000 281
-0.800000 0.400000 -0.003032 274
-0.900000 0.300000 0.010984 282
-0.806061 0.236364 -0.012848 272
-0.900000 0.416667 -0.010368 283
-1.000000 0.466667 0.000000 291
-1.000000 0.333333 0.000000 290
-0.800000 0.400000 -0.003032 274
-0.900000 0.416667 -0.010368 283
-0.900000 0.300000 0.010984 282
-0.800000 0.400000 -0.003032 274
-0.800000 0.500000 -0.001308 275
-0.900000 0.416667 -0.010368 283
-0.555556 0.911111 0.002885 279
-0.523810 0.809524 -0.007964 278
-0.428571 0.904762 -0.005545 266
-0.906667 0.160000 -0.006948 273
-0.900000 0.300000 0.010984 282
-1.000000 0.200000 0.000000 281
-1.000000 0.066667 0.000000 271
-0.906667 0.160000 -0.006948 273
-1.000000 0.200000 0.000000 281
-0.680000 0.893333 0.001924 287
-0.555556 0.911111 0.002885 279
-0.600000 1.000000 0.000000 286
-0.822222 0.911111 -0.016428 293
-0.800000 0.800000 0.011769 288
-0.680000 0.893333 0.001924 287
-0.866667 1.000000 0.000000 297
-0.822222 0.911111 -0.016428 293
-0.733333 1.000000 0.000000 295
-0.866667 1.000000 0.000000 297
-0.911111 0.822222 -0.003107 294
-0.822222 0.911111 -0.016428 293
-0.666667 0.733333 -0.003791 280
-0.523810 0.809524 -0.007964 278
-0.680000 0.893333 0.001924 287
-0.533333 0.533333 0.005780 258
-0.600000 0.600000 -0.000982 269
-0.644444 0.481481 0.000929 262
-0.720000 0.346667 0.008943 267
-0.612121 0.321212 -0.001000 255
-0.644444 0.481481 0.000929 262
-0.418182 0.575758 0.000241 251
-0.466667 0.688889 0.005222 265
-0.533333 0.533333 0.005780 258
-0.523810 0.809524 -0.007964 278
-0.555556 0.911111 0.002885 279
-0.680000 0.893333 0.001924 287
-0.566667 0.711111 -0.006288 270
-0.523810 0.809524 -0.007964 278
-0.666667 0.733333 -0.003791 280
-0.466667 0.688889 0.005222 265
-0.400000 0.800000 -0.006634 264
-0.523810 0.809524 -0.007964 278
-0.533333 0.533333 0.005780 258
-0.466667 0.688889 0.005222 265
-0.600000 0.600000 -0.000982 269
-0.418182 0.575758 0.000241 251
-0.321212 0.612121 0.008176 234
-0.346667 0.720000 0.005369 252
-0.903030 0.030303 0.001706 260
-0.806061 0.127273 0.009137 261
-0.906667 0.160000 -0.006948 273
-1.000000 -0.066667 0.000000 268
-0.903030 0.030303 0.001706 260
-1.000000 0.066667 0.000000 271
-1.000000 -0.066667 0.000000 268
-0.903030 -0.151515 0.002237 257
-0.903030 0.030303 0.001706 260
-1.000000 -0.200000 0.000000 256
-0.903030 -0.151515 0.002237 257
-1.000000 -0.066667 0.000000 268
-0.810909 -0.126465 0.004378 243
-0.709091 -0.048485 0.009418 230
-0.808485 0.000404 -0.008125 247
-0.813333 -0.253333 0.000553 244
-0.810909 -0.126465 0.004378 243
-0.903030 -0.151515 0.002237 257
-0.813333 -0.253333 0.000553 244
-0.709091 -0.321212 -0.000613 227
-0.650909 -0.153939 -0.007599 225
-1.000000 -0.200000 0.000000 256
-1.000000 -0.333333 0.000000 254
-0.900000 -0.300000 -0.000052 242
0.183333 -0.483333 0.009490 78
0.066667 -0.333333 -0.063980 102
0.066667 -0.466667 0.043113 101
0.206667 -0.660000 -0.012091 74
0.315556 -0.573333 -0.011682 55
0.183333 -0.483333 0.009490 78
0.304242 -0.248485 -0.029303 93
0.338182 -0.129697 -0.079622 100
0.185455 -0.224242 0.088306 112
0.745455 -0.224242 -0.019592 41
0.632323 -0.175758 0.021595 62
0.660606 -0.321212 0.012669 40
0.185455 -0.224242 0.088306 112
0.066667 -0.333333 -0.063980 102
0.215152 -0.330303 -0.021165 94
-0.282424 -0.374545 0.013061 159
-0.385859 -0.292929 -0.004357 180
-0.398788 -0.432727 -0.006814 174
-0.166061 -0.396364 0.012435 136
-0.282424 -0.374545 0.013061 159
-0.224242 -0.478788 0.009502 138
-0.166061 -0.396364 0.012435 136
-0.162828 -0.288081 -0.051850 145
-0.282424 -0.374545 0.013061 159
-0.147677 -0.559394 0.061227 139
-0.078788 -0.472727 -0.047303 115
-0.224242 -0.478788 0.009502 138
-0.321061 -0.544697 -0.003800 160
-0.147677 -0.559394 0.061227 139
-0.224242 -0.478788 0.009502 138
-0.071111 -0.640000 0.024700 116
-0.078788 -0.472727 -0.047303 115
-0.147677 -0.559394 0.061227 139
-0.049697 -0.258182 0.094928 122
-0.159596 -0.179798 -0.062577 144
-0.162828 -0.288081 -0.051850 145
0.066667 0.066667 -0.075857 154
-0.069091 0.117576 0.330584 175
-0.046465 -0.002020 0.041636 163
-0.366465 0.202424 0.092971 224
-0.498990 0.256566 -0.016268 241
-0.450505 0.127273 -0.002031 228
-0.272727 0.127273 0.145256 206
-0.366465 0.202424 0.092971 224
-0.450505 0.127273 -0.002031 228
-0.282424 0.277576 0.162603 217
-0.398788 0.347879 -0.037835 231
-0.366465 0.202424 0.092971 224
0.066667 -0.066667 -0.033858 143
-0.046465 -0.123232 0.009978 142
0.066667 -0.200000 -0.039935 119
-0.288889 0.896296 -0.003234 253
-0.200000 1.000000 0.000000 250
-0.333333 1.000000 0.000000 263
-0.900000 -0.300000 -0.000052 242
-0.813333 -0.253333 0.000553 244
-0.903030 -0.151515 0.002237 257
-0.900000 -0.416667 -0.005492 240
-0.900000 -0.300000 -0.000052 242
-1.000000 -0.333333 0.000000 254
-0.900000 -0.416667 -0.005492 240
-0.800000 -0.400000 0.006490 226
-0.900000 -0.300000 -0.000052 242
-1.000000 -0.600000 0.000000 237
-0.888889 -0.555556 -0.002611 222
-1.000000 -0.466667 0.000000 239
-0.800000 -0.400000 0.006490 226
-0.709091 -0.321212 -0.000613 227
-0.813333 -0.253333 0.000553 244
-0.888889 -0.555556 -0.002611 222
-0.800000 -0.500000 0.007591 223
-0.900000 -0.416667 -0.005492 240
-0.688889 -0.466667 -0.009810 204
-0.709091 -0.321212 -0.000613 227
-0.800000 -0.400000 0.006490 226
-0.127273 0.806061 -0.005631 215
-0.160000 0.906667 0.001539 235
-0.224242 0.745455 -0.005974 236
0.066667 0.866667 0.008896 190
-0.030303 0.903030 0.002215 213
-0.030303 0.769697 -0.010488 194
0.160000 0.773333 0.011127 173
0.066667 0.866667 0.008896 190
0.066667 0.733333 -0.019336 193
0.160000 0.906667 -0.005892 188
0.066667 1.000000 0.000000 210
0.066667 0.866667 0.008896 190
-0.066667 1.000000 0.000000 232
-0.160000 0.906667 0.001539 235
-0.030303 0.903030 0.002215 213
-0.160000 0.906667 0.001539 235
-0.200000 1.000000 0.000000 250
-0.288889 0.896296 -0.003234 253
-0.127273 0.806061 -0.005631 215
-0.030303 0.903030 0.002215 213
-0.160000 0.906667 0.001539 235
-0.191919 0.608081 0.014947 214
-0.078788 0.672727 0.013639 216
-0.224242 0.745455 -0.005974 236
-0.030303 0.769697 -0.010488 194
-0.030303 0.903030 0.002215 213
-0.127273 0.806061 -0.005631 215
-0.066667 1.000000 0.000000 232
-0.200000 1.000000 0.000000 250
-0.160000 0.906667 0.001539 235
-0.906667 0.160000 -0.006948 273
-0.806061 0.236364 -0.012848 272
-0.900000 0.300000 0.010984 282
-0.808485 0.000404 -0.008125 247
-0.903030 -0.151515 0.002237 257
-0.810909 -0.126465 0.004378 243
-0.700000 0.583333 -0.001488 276
-0.644444 0.481481 0.000929 262
-0.600000 0.600000 -0.000982 269
-1.000000 0.333333 0.000000 290
-0.900000 0.300000 0.010984 282
-0.900000 0.416667 -0.010368 283
-0.720000 0.346667 0.008943 267
-0.644444 0.481481 0.000929 262
-0.800000 0.400000 -0.003032 274
-0.806061 0.236364 -0.012848 272
-0.720000 0.346667 0.008943 267
-0.800000 0.400000 -0.003032 274
-1.000000 0.066667 0.000000 271
-0.903030 0.030303 0.001706 260
-0.906667 0.160000 -0.006948 273
-0.709091 0.224242 0.009822 259
-0.612121 0.321212 -0.001000 255
-0.720000 0.346667 0.008943 267
-0.806061 0.127273 0.009137 261
-0.709091 0.224242 0.009822 259
-0.806061 0.236364 -0.012848 272
-0.563636 -0.259394 0.010529 203
-0.650909 -0.153939 -0.007599 225
-0.709091 -0.321212 -0.000613 227
-0.476364 -0.364848 -0.005598 195
-0.563636 -0.259394 0.010529 203
-0.612121 -0.406061 -0.004481 205
-0.476364 -0.364848 -0.005598 195
-0.385859 -0.292929 -0.004357 180
-0.563636 -0.259394 0.010529 203
-0.579798 0.175758 -0.013260 246
-0.709091 0.087879 0.000501 248
-0.579798 0.039394 -0.014295 229
-0.806061 0.127273 0.009137 261
-0.709091 0.087879 0.000501 248
-0.709091 0.224242 0.009822 259
-0.806061 0.127273 0.009137 261
-0.808485 0.000404 -0.008125 247
-0.709091 0.087879 0.000501 248
-0.808485 0.000404 -0.008125 247
-0.903030 0.030303 0.001706 260
-0.903030 -0.151515 0.002237 257
-0.709091 0.087879 0.000501 248
-0.808485 0.000404 -0.008125 247
-0.709091 -0.048485 0.009418 230
-0.806061 0.127273 0.009137 261
-0.903030 0.030303 0.001706 260
-0.808485 0.000404 -0.008125 247
-0.321061 -0.544697 -0.003800 160
-0.515152 -0.490909 0.015811 182
-0.481481 -0.644444 -0.016248 161
0.066667 -0.200000 -0.039935 119
-0.046465 -0.123232 0.009978 142
-0.049697 -0.258182 0.094928 122
-0.476364 -0.364848 -0.005598 195
-0.515152 -0.490909 0.015811 182
-0.398788 -0.432727 -0.006814 174
-0.579798 0.175758 -0.013260 246
-0.498990 0.256566 -0.016268 241
-0.612121 0.321212 -0.001000 255
-0.709091 -0.048485 0.009418 230
-0.579798 0.039394 -0.014295 229
-0.709091 0.087879 0.000501 248
-0.450505 0.127273 -0.002031 228
-0.498990 0.256566 -0.016268 241
-0.579798 0.175758 -0.013260 246
-0.709091 -0.321212 -0.000613 227
-0.688889 -0.466667 -0.009810 204
-0.612121 -0.406061 -0.004481 205
-0.900000 -0.416667 -0.005492 240
-1.000000 -0.333333 0.000000 254
-1.000000 -0.466667 0.000000 239
-0.650909 -0.153939 -0.007599 225
-0.810909 -0.126465 0.004378 243
-0.813333 -0.253333 0.000553 244
-0.046465 -0.002020 0.041636 163
-0.046465 -0.123232 0.009978 142
0.066667 -0.066667 -0.033858 143
0.066667 0.066667 -0.075857 154
-0.046465 -0.002020 0.041636 163
0.066667 -0.066667 -0.033858 143
-0.170909 0.122424 0.342297 196
-0.166061 0.287273 0.304128 197
-0.282424 0.277576 0.162603 217
0.066667 0.200000 0.078018 155
-0.069091 0.117576 0.330584 175
0.066667 0.066667 -0.075857 154
-0.272727 0.127273 0.145256 206
-0.450505 0.127273 -0.002031 228
-0.391246 0.006061 0.074416 207
-0.170909 0.122424 0.342297 196
-0.272727 0.127273 0.145256 206
-0.191919 0.030303 0.162627 183
-0.069091 0.117576 0.330584 175
-0.170909 0.122424 0.342297 196
-0.191919 0.030303 0.162627 183
-0.069091 0.117576 0.330584 175
-0.049697 0.243636 0.401503 176
-0.170909 0.122424 0.342297 196
-0.282424 0.277576 0.162603 217
-0.366465 0.202424 0.092971 224
-0.272727 0.127273 0.145256 206
-0.806061 0.236364 -0.012848 272
-0.906667 0.160000 -0.006948 273
-0.806061 0.127273 0.009137 261
-0.903030 -0.151515 0.002237 257
-1.000000 -0.200000 0.000000 256
-0.900000 -0.300000 -0.000052 242
-0.030303 -0.781818 -0.017538 97
0.066667 -0.866667 0.006419 76
0.066667 -0.733333 -0.008207 96
-0.071111 -0.640000 0.024700 116
-0.030303 -0.781818 -0.017538 97
0.066667 -0.733333 -0.008207 96
-0.127273 -0.830303 0.000742 99
0.066667 -0.866667 0.006419 76
-0.030303 -0.781818 -0.017538 97
0.066667 -0.600000 0.007432 95
-0.071111 -0.640000 0.024700 116
0.066667 -0.733333 -0.008207 96
-0.274074 -0.822222 0.002993 118
-0.200000 -1.000000 0.000000 98
-0.127273 -0.830303 0.000742 99
0.066667 -1.000000 0.000000 54
0.066667 -0.866667 0.006419 76
-0.066667 -1.000000 0.000000 75
0.178667 0.248000 -0.077474 149
0.160000 0.406667 -0.023845 151
0.066667 0.333333 0.020581 169
-1.000000 -1.000000 0.000000 218
-0.866667 -1.000000 0.000000 198
-1.000000 -0.866667 0.000000 219
-0.911111 -0.822222 -0.015226 220
-1.000000 -0.866667 0.000000 219
-0.866667 -1.000000 0.000000 198
-0.800000 -0.866667 -0.000167 199
-0.866667 -1.000000 0.000000 198
-0.733333 -1.000000 0.000000 177
-0.680000 -0.840000 -0.007722 178
-0.600000 -1.000000 0.000000 156
-0.555556 -0.911111 0.005683 157
-0.680000 -0.840000 -0.007722 178
-0.733333 -1.000000 0.000000 177
-0.600000 -1.000000 0.000000 156
-0.800000 -0.866667 -0.000167 199
-0.911111 -0.822222 -0.015226 220
-0.866667 -1.000000 0.000000 198
-0.680000 -0.840000 -0.007722 178
-0.800000 -0.866667 -0.000167 199
-0.733333 -1.000000 0.000000 177
-0.680000 -0.840000 -0.007722 178
-0.666667 -0.733333 -0.002586 179
-0.786667 -0.760000 0.010604 200
-0.523810 -0.809524 0.020572 158
-0.680000 -0.840000 -0.007722 178
-0.555556 -0.911111 0.005683 157
-0.666667 -0.733333 -0.002586 179
-0.481481 -0.644444 -0.016248 161
-0.600000 -0.600000 0.010738 181
-1.000000 -0.733333 0.000000 238
-1.000000 -0.866667 0.000000 219
-0.911111 -0.822222 -0.015226 220
-0.600000 -1.000000 0.000000 156
-0.466667 -1.000000 0.000000 134
-0.555556 -0.911111 0.005683 157
-0.786667 -0.760000 0.010604 200
-0.800000 -0.866667 -0.000167 199
-0.680000 -0.840000 -0.007722 178
-0.700000 -0.583333 -0.013376 201
-0.777778 -0.644444 0.010303 202
-0.666667 -0.733333 -0.002586 179
-0.893333 -0.680000 -0.008544 221
-0.911111 -0.822222 -0.015226 220
-0.786667 -0.760000 0.010604 200
-0.428571 -0.904762 0.001585 135
-0.274074 -0.822222 0.002993 118
-0.400000 -0.800000 -0.028618 141
-0.911111 -0.822222 -0.015226 220
-0.893333 -0.680000 -0.008544 221
-1.000000 -0.733333 0.000000 238
-0.127273 -0.830303 0.000742 99
-0.200000 -1.000000 0.000000 98
-0.066667 -1.000000 0.000000 75
-0.688889 -0.466667 -0.009810 204
-0.515152 -0.490909 0.015811 182
-0.612121 -0.406061 -0.004481 205
-0.813333 -0.253333 0.000553 244
-0.900000 -0.300000 -0.000052 242
-0.800000 -0.400000 0.006490 226
-0.666667 -0.733333 -0.002586 179
-0.680000 -0.840000 -0.007722 178
-0.523810 -0.809524 0.020572 158
-0.481481 -0.644444 -0.016248 161
-0.666667 -0.733333 -0.002586 179
-0.523810 -0.809524 0.020572 158
-0.777778 -0.644444 0.010303 202
-0.893333 -0.680000 -0.008544 221
-0.786667 -0.760000 0.010604 200
-0.666667 -0.733333 -0.002586 179
-0.777778 -0.644444 0.010303 202
-0.786667 -0.760000 0.010604 200
-0.700000 -0.583333 -0.013376 201
-0.800000 -0.500000 0.007591 223
-0.777778 -0.644444 0.010303 202
-0.800000 -0.500000 0.007591 223
-0.888889 -0.555556 -0.002611 222
-0.777778 -0.644444 0.010303 202
-0.800000 -0.400000 0.006490 226
-0.800000 -0.500000 0.007591 223
-0.688889 -0.466667 -0.009810 204
-0.800000 -0.400000 0.006490 226
-0.900000 -0.416667 -0.005492 240
-0.800000 -0.500000 0.007591 223
-0.786667 -0.760000 0.010604 200
-0.911111 -0.822222 -0.015226 220
-0.800000 -0.866667 -0.000167 199
-1.000000 -0.733333 0.000000 238
-0.893333 -0.680000 -0.008544 221
-1.000000 -0.600000 0.000000 237
-0.600000 -0.600000 0.010738 181
-0.481481 -0.644444 -0.016248 161
-0.515152 -0.490909 0.015811 182
-0.688889 -0.466667 -0.009810 204
-0.600000 -0.600000 0.010738 181
-0.515152 -0.490909 0.015811 182
-0.700000 -0.583333 -0.013376 201
-0.666667 -0.733333 -0.002586 179
-0.600000 -0.600000 0.010738 181
-0.466667 -1.000000 0.000000 134
-0.428571 -0.904762 0.001585 135
-0.555556 -0.911111 0.005683 157
-0.700000 -0.583333 -0.013376 201
-0.600000 -0.600000 0.010738 181
-0.688889 -0.466667 -0.009810 204
-0.400000 -0.800000 -0.028618 141
-0.481481 -0.644444 -0.016248 161
-0.523810 -0.809524 0.020572 158
-0.555556 -0.911111 0.005683 157
-0.428571 -0.904762 0.001585 135
-0.523810 -0.809524 0.020572 158
-0.274074 -0.822222 0.002993 118
-0.346667 -0.720000 0.039659 140
-0.400000 -0.800000 -0.028618 141
-0.049697 -0.364848 -0.005948 121
-0.078788 -0.472727 -0.047303 115
0.066667 -0.466667 0.043113 101
-0.400000 -0.800000 -0.028618 141
-0.346667 -0.720000 0.039659 140
-0.481481 -0.644444 -0.016248 161
-0.243333 -0.656667 -0.068150 137
-0.185303 -0.743485 -0.006697 117
-0.071111 -0.640000 0.024700 116
-0.274074 -0.822222 0.002993 118
-0.333333 -1.000000 0.000000 114
-0.200000 -1.000000 0.000000 98
-0.800000 -0.500000 0.007591 223
-0.700000 -0.583333 -0.013376 201
-0.688889 -0.466667 -0.009810 204
-1.000000 -0.466667 0.000000 239
-0.888889 -0.555556 -0.002611 222
-0.900000 -0.416667 -0.005492 240
-0.893333 -0.680000 -0.008544 221
-0.777778 -0.644444 0.010303 202
-0.888889 -0.555556 -0.002611 222
-0.127273 -0.830303 0.000742 99
-0.066667 -1.000000 0.000000 75
0.066667 -0.866667 0.006419 76
-0.888889 -0.555556 -0.002611 222
-1.000000 -0.600000 0.000000 237
-0.893333 -0.680000 -0.008544 221
-0.428571 -0.904762 0.001585 135
-0.333333 -1.000000 0.000000 114
-0.274074 -0.822222 0.002993 118
-0.523810 -0.809524 0.020572 158
-0.428571 -0.904762 0.001585 135
-0.400000 -0.800000 -0.028618 141
-0.466667 -1.000000 0.000000 134
-0.333333 -1.000000 0.000000 114
-0.428571 -0.904762 0.001585 135
0.896296 -0.288889 -0.000760 30
0.745455 -0.224242 -0.019592 41
0.833333 -0.400000 -0.008997 29
-0.321061 -0.544697 -0.003800 160
-0.398788 -0.432727 -0.006814 174
-0.515152 -0.490909 0.015811 182
-0.346667 -0.720000 0.039659 140
-0.321061 -0.544697 -0.003800 160
-0.481481 -0.644444 -0.016248 161
-0.243333 -0.656667 -0.068150 137
-0.147677 -0.559394 0.061227 139
-0.321061 -0.544697 -0.003800 160
-0.078788 -0.472727 -0.047303 115
-0.166061 -0.396364 0.012435 136
-0.224242 -0.478788 0.009502 138
0.066667 -0.600000 0.007432 95
-0.078788 -0.472727 -0.047303 115
-0.071111 -0.640000 0.024700 116
-0.049697 -0.364848 -0.005948 121
-0.166061 -0.396364 0.012435 136
-0.078788 -0.472727 -0.047303 115
-0.191919 0.030303 0.162627 183
-0.232323 -0.103030 0.063838 164
-0.139394 -0.052525 0.056182 162
-0.282424 -0.374545 0.013061 159
-0.272727 -0.236364 0.016878 165
-0.385859 -0.292929 -0.004357 180
-0.139394 -0.052525 0.056182 162
-0.046465 -0.123232 0.009978 142
-0.046465 -0.002020 0.041636 163
-0.191919 0.030303 0.162627 183
-0.139394 -0.052525 0.056182 162
-0.046465 -0.002020 0.041636 163
-0.232323 -0.103030 0.063838 164
-0.159596 -0.179798 -0.062577 144
-0.139394 -0.052525 0.056182 162
-0.162828 -0.288081 -0.051850 145
-0.159596 -0.179798 -0.062577 144
-0.272727 -0.236364 0.016878 165
-0.282424 -0.374545 0.013061 159
-0.162828 -0.288081 -0.051850 145
-0.272727 -0.236364 0.016878 165
-0.166061 -0.396364 0.012435 136
-0.049697 -0.364848 -0.005948 121
-0.162828 -0.288081 -0.051850 145
-0.049697 -0.258182 0.094928 122
-0.046465 -0.123232 0.009978 142
-0.159596 -0.179798 -0.062577 144
-0.049697 -0.364848 -0.005948 121
-0.049697 -0.258182 0.094928 122
-0.162828 -0.288081 -0.051850 145
-0.049697 -0.364848 -0.005948 121
0.066667 -0.333333 -0.063980 102
-0.049697 -0.258182 0.094928 122
0.416667 -0.900000 -0.033998 21
0.333333 -1.000000 0.000000 22
0.466667 -1.000000 0.000000 13
0.555556 -0.888889 -0.017539 14
0.416667 -0.900000 -0.033998 21
0.466667 -1.000000 0.000000 13
0.400000 -0.800000 0.009829 33
0.253333 -0.813333 0.013850 52
0.300000 -0.900000 -0.007250 34
0.300000 -0.900000 -0.007250 34
0.160000 -0.906667 -0.016967 53
0.200000 -1.000000 0.000000 35
0.206667 -0.660000 -0.012091 74
0.253333 -0.813333 0.013850 52
0.346667 -0.720000 0.011563 51
0.160000 -0.773333 0.018493 73
0.066667 -0.866667 0.006419 76
0.160000 -0.906667 -0.016967 53
0.206667 -0.660000 -0.012091 74
0.160000 -0.773333 0.018493 73
0.253333 -0.813333 0.013850 52
0.066667 -0.733333 -0.008207 96
0.066667 -0.866667 0.006419 76
0.160000 -0.773333 0.018493 73
0.066667 -0.866667 0.006419 76
0.066667 -1.000000 0.000000 54
0.160000 -0.906667 -0.016967 53
0.160000 -0.906667 -0.016967 53
0.066667 -1.000000 0.000000 54
0.200000 -1.000000 0.000000 35
-0.346667 -0.720000 0.039659 140
-0.243333 -0.656667 -0.068150 137
-0.321061 -0.544697 -0.003800 160
-0.346667 0.720000 0.005369 252
-0.466667 0.688889 0.005222 265
-0.418182 0.575758 0.000241 251
-0.288889 0.896296 -0.003234 253
-0.346667 0.720000 0.005369 252
-0.224242 0.745455 -0.005974 236
-0.400000 0.800000 -0.006634 264
-0.466667 0.688889 0.005222 265
-0.346667 0.720000 0.005369 252
-0.288889 0.896296 -0.003234 253
-0.400000 0.800000 -0.006634 264
-0.346667 0.720000 0.005369 252
-0.160000 0.906667 0.001539 235
-0.288889 0.896296 -0.003234 253
-0.224242 0.745455 -0.005974 236
-0.333333 1.000000 0.000000 263
-0.428571 0.904762 -0.005545 266
-0.288889 0.896296 -0.003234 253
-0.428571 0.904762 -0.005545 266
-0.523810 0.809524 -0.007964 278
-0.400000 0.800000 -0.006634 264
-0.709091 0.224242 0.009822 259
-0.720000 0.346667 0.008943 267
-0.806061 0.236364 -0.012848 272
-0.476364 -0.364848 -0.005598 195
-0.612121 -0.406061 -0.004481 205
-0.515152 -0.490909 0.015811 182
-0.385859 -0.292929 -0.004357 180
-0.476364 -0.364848 -0.005598 195
-0.398788 -0.432727 -0.006814 174
-0.447811 -0.187273 -0.006656 186
-0.331987 -0.115152 -0.014338 185
-0.487677 -0.027071 0.016489 208
-0.385859 -0.292929 -0.004357 180
-0.447811 -0.187273 -0.006656 186
-0.563636 -0.259394 0.010529 203
-0.385859 -0.292929 -0.004357 180
-0.272727 -0.236364 0.016878 165
-0.447811 -0.187273 -0.006656 186
-0.515152 0.418182 0.007629 249
-0.418182 0.446970 0.000409 245
-0.533333 0.533333 0.005780 258
-0.498990 0.256566 -0.016268 241
-0.515152 0.418182 0.007629 249
-0.612121 0.321212 -0.001000 255
-0.398788 0.347879 -0.037835 231
-0.282424 0.277576 0.162603 217
-0.224242 0.375758 0.044011 211
-0.498990 0.256566 -0.016268 241
-0.398788 0.347879 -0.037835 231
-0.515152 0.418182 0.007629 249
-0.498990 0.256566 -0.016268 241
-0.366465 0.202424 0.092971 224
-0.398788 0.347879 -0.037835 231
-0.709091 0.224242 0.009822 259
-0.579798 0.175758 -0.013260 246
-0.612121 0.321212 -0.001000 255
-0.232323 -0.103030 0.063838 164
-0.331987 -0.115152 -0.014338 185
-0.272727 -0.236364 0.016878 165
-0.046465 -0.123232 0.009978 142
-0.139394 -0.052525 0.056182 162
-0.159596 -0.179798 -0.062577 144
-0.291582 0.018182 -0.027139 184
-0.391246 0.006061 0.074416 207
-0.331987 -0.115152 -0.014338 185
-0.191919 0.030303 0.162627 183
-0.291582 0.018182 -0.027139 184
-0.232323 -0.103030 0.063838 164
-0.191919 0.030303 0.162627 183
-0.272727 0.127273 0.145256 206
-0.291582 0.018182 -0.027139 184
-0.069091 0.117576 0.330584 175
-0.191919 0.030303 0.162627 183
-0.046465 -0.002020 0.041636 163
-0.272727 0.127273 0.145256 206
-0.391246 0.006061 0.074416 207
-0.291582 0.018182 -0.027139 184
-0.709091 0.224242 0.009822 259
-0.709091 0.087879 0.000501 248
-0.579798 0.175758 -0.013260 246
-0.563636 -0.259394 0.010529 203
-0.709091 -0.321212 -0.000613 227
-0.612121 -0.406061 -0.004481 205
-0.447811 -0.187273 -0.006656 186
-0.487677 -0.027071 0.016489 208
-0.584108 -0.060202 -0.012561 209
-0.709091 -0.048485 0.009418 230
-0.810909 -0.126465 0.004378 243
-0.650909 -0.153939 -0.007599 225
-0.049697 0.243636 0.401503 176
0.066667 0.200000 0.078018 155
0.066667 0.333333 0.020581 169
-0.166061 0.287273 0.304128 197
-0.049697 0.243636 0.401503 176
-0.078788 0.354545 0.119432 189
-0.069091 0.117576 0.330584 175
0.066667 0.200000 0.078018 155
-0.049697 0.243636 0.401503 176
-0.078788 0.354545 0.119432 189
0.066667 0.333333 0.020581 169
0.066667 0.466667 -0.041643 171
-0.062626 0.515152 -0.021478 191
-0.078788 0.354545 0.119432 189
0.066667 0.466667 -0.041643 171
0.066667 0.600000 0.031726 192
-0.062626 0.515152 -0.021478 191
0.066667 0.466667 -0.041643 171
-0.191919 0.608081 0.014947 214
-0.208081 0.491919 -0.026902 212
-0.062626 0.515152 -0.021478 191
-0.166061 0.287273 0.304128 197
-0.170909 0.122424 0.342297 196
-0.049697 0.243636 0.401503 176
-0.062626 0.515152 -0.021478 191
-0.208081 0.491919 -0.026902 212
-0.078788 0.354545 0.119432 189
-0.282424 0.277576 0.162603 217
-0.272727 0.127273 0.145256 206
-0.170909 0.122424 0.342297 196
0.477333 0.509333 0.002830 130
0.585185 0.555556 -0.005265 111
0.440000 0.626667 0.007482 131
0.741683 0.030707 0.006213 59
0.830303 -0.127273 -0.006388 39
0.868485 0.016364 -0.023326 37
0.653064 0.110909 0.031363 63
0.564444 0.191111 -0.024860 87
0.534276 0.073670 -0.033450 86
0.610640 0.000572 0.012081 83
0.653064 0.110909 0.031363 63
0.534276 0.073670 -0.033450 86
0.741683 0.030707 0.006213 59
0.796364 0.133939 0.005424 42
0.653064 0.110909 0.031363 63
0.185455 -0.117576 0.021932 120
0.185455 -0.224242 0.088306 112
0.338182 -0.129697 -0.079622 100
0.179798 0.018182 0.058910 132
0.185455 -0.117576 0.021932 120
0.292929 -0.030303 0.044961 113
0.315556 0.128889 0.022448 127
0.179798 0.018182 0.058910 132
0.292929 -0.030303 0.044961 113
0.066667 0.066667 -0.075857 154
0.066667 -0.066667 -0.033858 143
0.179798 0.018182 0.058910 132
0.185455 -0.224242 0.088306 112
0.215152 -0.330303 -0.021165 94
0.304242 -0.248485 -0.029303 93
0.066667 -0.200000 -0.039935 119
0.185455 -0.224242 0.088306 112
0.185455 -0.117576 0.021932 120
0.066667 -0.200000 -0.039935 119
0.066667 -0.333333 -0.063980 102
0.185455 -0.224242 0.088306 112
0.626667 -0.440000 0.003484 38
0.666667 -0.600000 -0.019314 25
0.750000 -0.500000 0.001900 28
0.315556 -0.573333 -0.011682 55
0.206667 -0.660000 -0.012091 74
0.346667 -0.720000 0.011563 51
0.300000 -0.433333 0.052656 72
0.183333 -0.483333 0.009490 78
0.315556 -0.573333 -0.011682 55
0.522727 -0.428788 0.017102 49
0.406061 -0.378788 -0.011994 71
0.416667 -0.516667 -0.025690 50
0.215152 -0.330303 -0.021165 94
0.183333 -0.483333 0.009490 78
0.300000 -0.433333 0.052656 72
0.183333 -0.483333 0.009490 78
0.066667 -0.466667 0.043113 101
0.066667 -0.600000 0.007432 95
0.416667 -0.516667 -0.025690 50
0.300000 -0.433333 0.052656 72
0.315556 -0.573333 -0.011682 55
0.215152 -0.330303 -0.021165 94
0.066667 -0.333333 -0.063980 102
0.183333 -0.483333 0.009490 78
-0.049697 -0.364848 -0.005948 121
0.066667 -0.466667 0.043113 101
0.066667 -0.333333 -0.063980 102
0.066667 -0.200000 -0.039935 119
-0.049697 -0.258182 0.094928 122
0.066667 -0.333333 -0.063980 102
-0.185303 -0.743485 -0.006697 117
-0.346667 -0.720000 0.039659 140
-0.274074 -0.822222 0.002993 118
-0.147677 -0.559394 0.061227 139
-0.243333 -0.656667 -0.068150 137
-0.071111 -0.640000 0.024700 116
-0.224242 -0.478788 0.009502 138
-0.282424 -0.374545 0.013061 159
-0.321061 -0.544697 -0.003800 160
0.416667 -0.516667 -0.025690 50
0.315556 -0.573333 -0.011682 55
0.440000 -0.626667 -0.003284 36
0.626667 -0.440000 0.003484 38
0.750000 -0.500000 0.001900 28
0.660606 -0.321212 0.012669 40
0.632323 -0.175758 0.021595 62
0.473939 -0.161212 0.004371 84
0.512121 -0.324242 -0.032573 60
0.533333 -0.533333 0.015185 32
0.666667 -0.600000 -0.019314 25
0.626667 -0.440000 0.003484 38
0.896296 -0.288889 -0.000760 30
1.000000 -0.200000 0.000000 27
0.830303 -0.127273 -0.006388 39
0.792593 0.377778 -0.022711 90
0.800000 0.500000 -0.019995 68
0.700000 0.500000 0.009911 91
0.900000 0.300000 -0.020550 66
0.904762 0.428571 0.009186 67
0.792593 0.377778 -0.022711 90
0.906667 0.160000 -0.018983 44
0.900000 0.300000 -0.020550 66
0.813333 0.253333 -0.008558 65
1.000000 0.333333 0.000000 45
0.904762 0.428571 0.009186 67
0.900000 0.300000 -0.020550 66
0.904762 0.428571 0.009186 67
0.911111 0.555556 0.018084 70
0.800000 0.500000 -0.019995 68
0.745455 -0.224242 -0.019592 41
0.660606 -0.321212 0.012669 40
0.833333 -0.400000 -0.008997 29
0.830303 -0.127273 -0.006388 39
0.745455 -0.224242 -0.019592 41
0.896296 -0.288889 -0.000760 30
0.657778 0.331111 0.038364 89
0.813333 0.253333 -0.008558 65
0.792593 0.377778 -0.022711 90
0.539556 0.291556 -0.005269 88
0.688889 0.222222 0.014339 64
0.657778 0.331111 0.038364 89
0.402667 0.290667 -0.020685 108
0.440000 0.160000 0.011736 107
0.539556 0.291556 -0.005269 88
0.632323 -0.175758 0.021595 62
0.687003 -0.072525 0.007462 61
0.542290 -0.080320 0.010850 85
0.440000 0.160000 0.011736 107
0.534276 0.073670 -0.033450 86
0.564444 0.191111 -0.024860 87
0.440000 0.160000 0.011736 107
0.315556 0.128889 0.022448 127
0.456970 -0.000606 -0.018585 106
0.688889 0.222222 0.014339 64
0.564444 0.191111 -0.024860 87
0.653064 0.110909 0.031363 63
0.688889 0.222222 0.014339 64
0.796364 0.133939 0.005424 42
0.813333 0.253333 -0.008558 65
0.160000 0.406667 -0.023845 151
0.066667 0.466667 -0.041643 171
0.066667 0.333333 0.020581 169
0.346667 0.386667 0.012758 129
0.160000 0.406667 -0.023845 151
0.290667 0.296000 0.055566 128
0.160000 0.540000 0.033532 170
0.170370 0.644444 -0.020433 172
0.066667 0.600000 0.031726 192
0.346667 0.386667 0.012758 129
0.253333 0.480000 0.016782 150
0.160000 0.406667 -0.023845 151
0.346667 0.553333 -0.018431 152
0.170370 0.644444 -0.020433 172
0.160000 0.540000 0.033532 170
0.687003 -0.072525 0.007462 61
0.745455 -0.224242 -0.019592 41
0.830303 -0.127273 -0.006388 39
0.741683 0.030707 0.006213 59
0.687003 -0.072525 0.007462 61
0.830303 -0.127273 -0.006388 39
0.688889 0.222222 0.014339 64
0.653064 0.110909 0.031363 63
0.796364 0.133939 0.005424 42
0.687003 -0.072525 0.007462 61
0.632323 -0.175758 0.021595 62
0.745455 -0.224242 -0.019592 41
0.653064 0.110909 0.031363 63
0.610640 0.000572 0.012081 83
0.741683 0.030707 0.006213 59
0.542290 -0.080320 0.010850 85
0.456970 -0.000606 -0.018585 106
0.473939 -0.161212 0.004371 84
0.632323 -0.175758 0.021595 62
0.542290 -0.080320 0.010850 85
0.473939 -0.161212 0.004371 84
0.610640 0.000572 0.012081 83
0.456970 -0.000606 -0.018585 106
0.542290 -0.080320 0.010850 85
0.741683 0.030707 0.006213 59
0.610640 0.000572 0.012081 83
0.687003 -0.072525 0.007462 61
0.534276 0.073670 -0.033450 86
0.456970 -0.000606 -0.018585 106
0.610640 0.000572 0.012081 83
0.687003 -0.072525 0.007462 61
0.610640 0.000572 0.012081 83
0.542290 -0.080320 0.010850 85
0.440000 0.160000 0.011736 107
0.456970 -0.000606 -0.018585 106
0.534276 0.073670 -0.033450 86
0.292929 -0.030303 0.044961 113
0.338182 -0.129697 -0.079622 100
0.456970 -0.000606 -0.018585 106
0.522727 -0.428788 0.017102 49
0.416667 -0.516667 -0.025690 50
0.533333 -0.533333 0.015185 32
0.626667 -0.440000 0.003484 38
0.522727 -0.428788 0.017102 49
0.533333 -0.533333 0.015185 32
0.512121 -0.324242 -0.032573 60
0.423030 -0.272727 0.080000 77
0.406061 -0.378788 -0.011994 71
0.338182 -0.129697 -0.079622 100
0.423030 -0.272727 0.080000 77
0.473939 -0.161212 0.004371 84
0.304242 -0.248485 -0.029303 93
0.215152 -0.330303 -0.021165 94
0.300000 -0.433333 0.052656 72
0.473939 -0.161212 0.004371 84
0.423030 -0.272727 0.080000 77
0.512121 -0.324242 -0.032573 60
0.868485 0.016364 -0.023326 37
1.000000 0.066667 0.000000 31
0.906667 0.160000 -0.018983 44
0.741683 0.030707 0.006213 59
0.868485 0.016364 -0.023326 37
0.796364 0.133939 0.005424 42
0.830303 -0.127273 -0.006388 39
1.000000 -0.066667 0.000000 26
0.868485 0.016364 -0.023326 37
0.440000 0.626667 0.007482 131
0.500000 0.700000 -0.001698 124
0.377778 0.733333 -0.004224 147
0.657778 0.331111 0.038364 89
0.792593 0.377778 -0.022711 90
0.626667 0.440000 0.021158 110
0.868485 0.016364 -0.023326 37
0.906667 0.160000 -0.018983 44
0.796364 0.133939 0.005424 42
0.906667 0.160000 -0.018983 44
1.000000 0.200000 0.000000 43
0.900000 0.300000 -0.020550 66
0.796364 0.133939 0.005424 42
0.906667 0.160000 -0.018983 44
0.813333 0.253333 -0.008558 65
1.000000 0.066667 0.000000 31
1.000000 0.200000 0.000000 43
0.906667 0.160000 -0.018983 44
0.900000 0.300000 -0.020550 66
1.000000 0.200000 0.000000 43
1.000000 0.333333 0.000000 45
0.300000 -0.900000 -0.007250 34
0.200000 -1.000000 0.000000 35
0.333333 -1.000000 0.000000 22
1.000000 -1.000000 0.000000 1
1.000000 -0.866667 0.000000 3
0.866667 -1.000000 0.000000 2
0.911111 -0.822222 -0.012035 6
1.000000 -0.733333 0.000000 7
0.900000 -0.700000 -0.027350 11
0.800000 -0.900000 -0.013264 5
0.911111 -0.822222 -0.012035 6
0.760000 -0.786667 -0.005128 10
1.000000 -0.866667 0.000000 3
1.000000 -0.733333 0.000000 7
0.911111 -0.822222 -0.012035 6
0.911111 -0.822222 -0.012035 6
0.866667 -1.000000 0.000000 2
1.000000 -0.866667 0.000000 3
0.900000 -0.700000 -0.027350 11
0.760000 -0.786667 -0.005128 10
0.911111 -0.822222 -0.012035 6
0.911111 -0.555556 -0.022705 18
0.822222 -0.611111 -0.000198 17
0.900000 -0.700000 -0.027350 11
0.666667 -0.600000 -0.019314 25
0.583333 -0.700000 0.004153 23
0.733333 -0.666667 -0.007548 16
0.800000 -0.900000 -0.013264 5
0.733333 -1.000000 0.000000 4
0.866667 -1.000000 0.000000 2
0.911111 -0.822222 -0.012035 6
0.800000 -0.900000 -0.013264 5
0.866667 -1.000000 0.000000 2
0.644444 -0.777778 -0.022238 15
0.583333 -0.700000 0.004153 23
0.500000 -0.800000 0.006650 24
0.760000 -0.786667 -0.005128 10
0.644444 -0.777778 -0.022238 15
0.700000 -0.900000 -0.018849 9
0.760000 -0.786667 -0.005128 10
0.733333 -0.666667 -0.007548 16
0.644444 -0.777778 -0.022238 15
0.900000 -0.700000 -0.027350 11
0.733333 -0.666667 -0.007548 16
0.760000 -0.786667 -0.005128 10
1.000000 -0.600000 0.000000 12
0.900000 -0.700000 -0.027350 11
1.000000 -0.733333 0.000000 7
0.750000 -0.500000 0.001900 28
0.833333 -0.400000 -0.008997 29
0.660606 -0.321212 0.012669 40
0.733333 -0.666667 -0.007548 16
0.822222 -0.611111 -0.000198 17
0.666667 -0.600000 -0.019314 25
0.911111 -0.555556 -0.022705 18
0.833333 -0.400000 -0.008997 29
0.750000 -0.500000 0.001900 28
1.000000 -0.600000 0.000000 12
0.911111 -0.555556 -0.022705 18
0.900000 -0.700000 -0.027350 11
1.000000 -0.600000 0.000000 12
1.000000 -0.466667 0.000000 19
0.911111 -0.555556 -0.022705 18
0.555556 -0.888889 -0.017539 14
0.466667 -1.000000 0.000000 13
0.600000 -1.000000 0.000000 8
0.733333 -0.666667 -0.007548 16
0.583333 -0.700000 0.004153 23
0.644444 -0.777778 -0.022238 15
-0.078788 -0.472727 -0.047303 115
0.066667 -0.600000 0.007432 95
0.066667 -0.466667 0.043113 101
-0.185303 -0.743485 -0.006697 117
-0.127273 -0.830303 0.000742 99
-0.030303 -0.781818 -0.017538 97
-0.346667 -0.720000 0.039659 140
-0.185303 -0.743485 -0.006697 117
-0.243333 -0.656667 -0.068150 137
-0.274074 -0.822222 0.002993 118
-0.127273 -0.830303 0.000742 99
-0.185303 -0.743485 -0.006697 117
-0.185303 -0.743485 -0.006697 117
-0.030303 -0.781818 -0.017538 97
-0.071111 -0.640000 0.024700 116
0.160000 -0.906667 -0.016967 53
0.253333 -0.813333 0.013850 52
0.160000 -0.773333 0.018493 73
0.206667 -0.660000 -0.012091 74
0.066667 -0.600000 0.007432 95
0.066667 -0.733333 -0.008207 96
0.160000 -0.773333 0.018493 73
0.206667 -0.660000 -0.012091 74
0.066667 -0.733333 -0.008207 96
0.346667 -0.720000 0.011563 51
0.440000 -0.626667 -0.003284 36
0.315556 -0.573333 -0.011682 55
0.512121 -0.324242 -0.032573 60
0.522727 -0.428788 0.017102 49
0.626667 -0.440000 0.003484 38
0.304242 -0.248485 -0.029303 93
0.300000 -0.433333 0.052656 72
0.406061 -0.378788 -0.011994 71
0.440000 -0.626667 -0.003284 36
0.533333 -0.533333 0.015185 32
0.416667 -0.516667 -0.025690 50
0.400000 -0.800000 0.009829 33
0.440000 -0.626667 -0.003284 36
0.346667 -0.720000 0.011563 51
0.583333 -0.700000 0.004153 23
0.533333 -0.533333 0.015185 32
0.440000 -0.626667 -0.003284 36
0.400000 -0.800000 0.009829 33
0.500000 -0.800000 0.006650 24
0.440000 -0.626667 -0.003284 36
0.833333 -0.400000 -0.008997 29
0.911111 -0.555556 -0.022705 18
1.000000 -0.466667 0.000000 19
0.700000 -0.900000 -0.018849 9
0.555556 -0.888889 -0.017539 14
0.600000 -1.000000 0.000000 8
0.800000 -0.900000 -0.013264 5
0.700000 -0.900000 -0.018849 9
0.733333 -1.000000 0.000000 4
0.800000 -0.900000 -0.013264 5
0.760000 -0.786667 -0.005128 10
0.700000 -0.900000 -0.018849 9
0.833333 -0.400000 -0.008997 29
1.000000 -0.333333 0.000000 20
0.896296 -0.288889 -0.000760 30
0.733333 -1.000000 0.000000 4
0.700000 -0.900000 -0.018849 9
0.600000 -1.000000 0.000000 8
0.830303 -0.127273 -0.006388 39
1.000000 -0.200000 0.000000 27
1.000000 -0.066667 0.000000 26
1.000000 0.066667 0.000000 31
0.868485 0.016364 -0.023326 37
1.000000 -0.066667 0.000000 26
0.833333 -0.400000 -0.008997 29
1.000000 -0.466667 0.000000 19
1.000000 -0.333333 0.000000 20
0.477333 0.509333 0.002830 130
0.626667 0.440000 0.021158 110
0.585185 0.555556 -0.005265 111
0.315556 0.128889 0.022448 127
0.292929 -0.030303 0.044961 113
0.456970 -0.000606 -0.018585 106
0.402667 0.290667 -0.020685 108
0.315556 0.128889 0.022448 127
0.440000 0.160000 0.011736 107
0.178667 0.141333 -0.107155 133
0.179798 0.018182 0.058910 132
0.315556 0.128889 0.022448 127
0.066667 0.200000 0.078018 155
0.178667 0.141333 -0.107155 133
0.178667 0.248000 -0.077474 149
0.066667 0.066667 -0.075857 154
0.179798 0.018182 0.058910 132
0.178667 0.141333 -0.107155 133
0.179798 0.018182 0.058910 132
0.066667 -0.066667 -0.033858 143
0.185455 -0.117576 0.021932 120
0.822222 -0.611111 -0.000198 17
0.733333 -0.666667 -0.007548 16
0.900000 -0.700000 -0.027350 11
0.750000 -0.500000 0.001900 28
0.822222 -0.611111 -0.000198 17
0.911111 -0.555556 -0.022705 18
0.750000 -0.500000 0.001900 28
0.666667 -0.600000 -0.019314 25
0.822222 -0.611111 -0.000198 17
0.644444 -0.777778 -0.022238 15
0.555556 -0.888889 -0.017539 14
0.700000 -0.900000 -0.018849 9
0.533333 -0.533333 0.015185 32
0.583333 -0.700000 0.004153 23
0.666667 -0.600000 -0.019314 25
0.500000 -0.800000 0.006650 24
0.555556 -0.888889 -0.017539 14
0.644444 -0.777778 -0.022238 15
0.440000 -0.626667 -0.003284 36
0.500000 -0.800000 0.006650 24
0.583333 -0.700000 0.004153 23
0.400000 -0.800000 0.009829 33
0.416667 -0.900000 -0.033998 21
0.500000 -0.800000 0.006650 24
0.253333 -0.813333 0.013850 52
0.400000 -0.800000 0.009829 33
0.346667 -0.720000 0.011563 51
0.416667 -0.900000 -0.033998 21
0.555556 -0.888889 -0.017539 14
0.500000 -0.800000 0.006650 24
1.000000 -0.333333 0.000000 20
1.000000 -0.200000 0.000000 27
0.896296 -0.288889 -0.000760 30
0.300000 -0.900000 -0.007250 34
0.253333 -0.813333 0.013850 52
0.160000 -0.906667 -0.016967 53
0.416667 -0.900000 -0.033998 21
0.300000 -0.900000 -0.007250 34
0.333333 -1.000000 0.000000 22
0.416667 -0.900000 -0.033998 21
0.400000 -0.800000 0.009829 33
0.300000 -0.900000 -0.007250 34
1.000000 0.866667 0.000000 57
1.000000 1.000000 0.000000 56
0.866667 1.000000 0.000000 79
0.733333 1.000000 0.000000 103
0.600000 1.000000 0.000000 123
0.680000 0.840000 0.012546 105
0.800000 0.900000 0.004877 80
0.911111 0.822222 -0.003359 58
0.866667 1.000000 0.000000 79
0.800000 0.900000 0.004877 80
0.800000 0.800000 0.015550 82
0.911111 0.822222 -0.003359 58
0.733333 1.000000 0.000000 103
0.800000 0.900000 0.004877 80
0.866667 1.000000 0.000000 79
0.733333 1.000000 0.000000 103
0.680000 0.840000 0.012546 105
0.800000 0.900000 0.004877 80
0.733333 0.733333 0.007894 81
0.714286 0.619048 -0.002537 92
0.893333 0.680000 0.016389 69
0.911111 0.822222 -0.003359 58
1.000000 0.733333 0.000000 46
1.000000 0.866667 0.000000 57
0.866667 1.000000 0.000000 79
0.911111 0.822222 -0.003359 58
1.000000 0.866667 0.000000 57
0.800000 0.800000 0.015550 82
0.893333 0.680000 0.016389 69
0.911111 0.822222 -0.003359 58
0.555556 0.911111 0.026912 125
0.600000 1.000000 0.000000 123
0.466667 1.000000 0.000000 146
0.333333 1.000000 0.000000 166
0.400000 0.833333 0.013650 148
0.466667 1.000000 0.000000 146
0.523810 0.809524 0.007053 126
0.600000 0.666667 0.012653 104
0.680000 0.840000 0.012546 105
0.400000 0.833333 0.013650 148
0.555556 0.911111 0.026912 125
0.466667 1.000000 0.000000 146
0.500000 0.700000 -0.001698 124
0.523810 0.809524 0.007053 126
0.377778 0.733333 -0.004224 147
0.500000 0.700000 -0.001698 124
0.600000 0.666667 0.012653 104
0.523810 0.809524 0.007053 126
0.893333 0.680000 0.016389 69
1.000000 0.600000 0.000000 48
1.000000 0.733333 0.000000 46
0.333333 1.000000 0.000000 166
0.300000 0.900000 0.037922 168
0.400000 0.833333 0.013650 148
1.000000 0.466667 0.000000 47
1.000000 0.600000 0.000000 48
0.911111 0.555556 0.018084 70
-0.533333 0.533333 0.005780 258
-0.644444 0.481481 0.000929 262
-0.515152 0.418182 0.007629 249
0.274074 0.688889 0.006926 153
0.170370 0.644444 -0.020433 172
0.346667 0.553333 -0.018431 152
0.160000 0.906667 -0.005892 188
0.160000 0.773333 0.011127 173
0.253333 0.813333 -0.015941 167
0.066667 0.733333 -0.019336 193
0.066667 0.600000 0.031726 192
0.170370 0.644444 -0.020433 172
0.253333 0.813333 -0.015941 167
0.160000 0.773333 0.011127 173
0.274074 0.688889 0.006926 153
-0.321212 0.475758 0.001554 233
-0.208081 0.491919 -0.026902 212
-0.321212 0.612121 0.008176 234
-0.533333 0.533333 0.005780 258
-0.418182 0.446970 0.000409 245
-0.418182 0.575758 0.000241 251
-0.398788 0.347879 -0.037835 231
-0.224242 0.375758 0.044011 211
-0.321212 0.475758 0.001554 233
0.657778 0.331111 0.038364 89
0.688889 0.222222 0.014339 64
0.813333 0.253333 -0.008558 65
0.514667 0.392000 -0.022221 109
0.657778 0.331111 0.038364 89
0.626667 0.440000 0.021158 110
0.539556 0.291556 -0.005269 88
0.564444 0.191111 -0.024860 87
0.688889 0.222222 0.014339 64
0.514667 0.392000 -0.022221 109
0.539556 0.291556 -0.005269 88
0.657778 0.331111 0.038364 89
0.514667 0.392000 -0.022221 109
0.402667 0.290667 -0.020685 108
0.539556 0.291556 -0.005269 88
-0.515152 0.418182 0.007629 249
-0.644444 0.481481 0.000929 262
-0.612121 0.321212 -0.001000 255
0.406061 -0.378788 -0.011994 71
0.423030 -0.272727 0.080000 77
0.304242 -0.248485 -0.029303 93
0.416667 -0.516667 -0.025690 50
0.406061 -0.378788 -0.011994 71
0.300000 -0.433333 0.052656 72
0.522727 -0.428788 0.017102 49
0.512121 -0.324242 -0.032573 60
0.406061 -0.378788 -0.011994 71
0.660606 -0.321212 0.012669 40
0.512121 -0.324242 -0.032573 60
0.626667 -0.440000 0.003484 38
0.660606 -0.321212 0.012669 40
0.632323 -0.175758 0.021595 62
0.512121 -0.324242 -0.032573 60
-0.291582 0.018182 -0.027139 184
-0.331987 -0.115152 -0.014338 185
-0.232323 -0.103030 0.063838 164
-0.579798 0.039394 -0.014295 229
-0.487677 -0.027071 0.016489 208
-0.450505 0.127273 -0.002031 228
-0.579798 0.175758 -0.013260 246
-0.579798 0.039394 -0.014295 229
-0.450505 0.127273 -0.002031 228
-0.709091 -0.048485 0.009418 230
-0.650909 -0.153939 -0.007599 225
-0.584108 -0.060202 -0.012561 209
-0.232323 -0.103030 0.063838 164
-0.272727 -0.236364 0.016878 165
-0.159596 -0.179798 -0.062577 144
-0.487677 -0.027071 0.016489 208
-0.331987 -0.115152 -0.014338 185
-0.391246 0.006061 0.074416 207
-0.450505 0.127273 -0.002031 228
-0.487677 -0.027071 0.016489 208
-0.391246 0.006061 0.074416 207
-0.584108 -0.060202 -0.012561 209
-0.563636 -0.259394 0.010529 203
-0.447811 -0.187273 -0.006656 186
-0.447811 -0.187273 -0.006656 186
-0.272727 -0.236364 0.016878 165
-0.331987 -0.115152 -0.014338 185
-0.584108 -0.060202 -0.012561 209
-0.650909 -0.153939 -0.007599 225
-0.563636 -0.259394 0.010529 203
-0.579798 0.039394 -0.014295 229
-0.584108 -0.060202 -0.012561 209
-0.487677 -0.027071 0.016489 208
-0.579798 0.039394 -0.014295 229
-0.709091 -0.048485 0.009418 230
-0.584108 -0.060202 -0.012561 209
-0.398788 -0.432727 -0.006814 174
-0.321061 -0.544697 -0.003800 160
-0.282424 -0.374545 0.013061 159
0.178667 0.141333 -0.107155 133
0.315556 0.128889 0.022448 127
0.178667 0.248000 -0.077474 149
0.066667 -0.200000 -0.039935 119
0.185455 -0.117576 0.021932 120
0.066667 -0.066667 -0.033858 143
0.338182 -0.129697 -0.079622 100
0.473939 -0.161212 0.004371 84
0.456970 -0.000606 -0.018585 106
0.185455 -0.117576 0.021932 120
0.338182 -0.129697 -0.079622 100
0.292929 -0.030303 0.044961 113
0.304242 -0.248485 -0.029303 93
0.423030 -0.272727 0.080000 77
0.338182 -0.129697 -0.079622 100
-0.049697 0.243636 0.401503 176
0.066667 0.333333 0.020581 169
-0.078788 0.354545 0.119432 189
0.183333 -0.483333 0.009490 78
0.066667 -0.600000 0.007432 95
0.206667 -0.660000 -0.012091 74
0.585185 0.555556 -0.005265 111
0.500000 0.700000 -0.001698 124
0.440000 0.626667 0.007482 131
0.714286 0.619048 -0.002537 92
0.600000 0.666667 0.012653 104
0.585185 0.555556 -0.005265 111
0.893333 0.680000 0.016389 69
0.800000 0.800000 0.015550 82
0.733333 0.733333 0.007894 81
1.000000 0.600000 0.000000 48
0.893333 0.680000 0.016389 69
0.911111 0.555556 0.018084 70
1.000000 0.733333 0.000000 46
0.911111 0.822222 -0.003359 58
0.893333 0.680000 0.016389 69
0.680000 0.840000 0.012546 105
0.600000 1.000000 0.000000 123
0.555556 0.911111 0.026912 125
0.680000 0.840000 0.012546 105
0.800000 0.800000 0.015550 82
0.800000 0.900000 0.004877 80
0.523810 0.809524 0.007053 126
0.680000 0.840000 0.012546 105
0.555556 0.911111 0.026912 125
0.733333 0.733333 0.007894 81
0.800000 0.800000 0.015550 82
0.680000 0.840000 0.012546 105
0.300000 0.900000 0.037922 168
0.200000 1.000000 0.000000 187
0.160000 0.906667 -0.005892 188
0.911111 0.555556 0.018084 70
0.904762 0.428571 0.009186 67
1.000000 0.466667 0.000000 47
0.160000 0.906667 -0.005892 188
0.200000 1.000000 0.000000 187
0.066667 1.000000 0.000000 210
0.900000 0.300000 -0.020550 66
0.792593 0.377778 -0.022711 90
0.813333 0.253333 -0.008558 65
-0.030303 0.903030 0.002215 213
0.066667 1.000000 0.000000 210
-0.066667 1.000000 0.000000 232
0.160000 0.906667 -0.005892 188
0.253333 0.813333 -0.015941 167
0.300000 0.900000 0.037922 168
-0.030303 0.903030 0.002215 213
0.066667 0.866667 0.008896 190
0.066667 1.000000 0.000000 210
0.066667 0.866667 0.008896 190
0.160000 0.773333 0.011127 173
0.160000 0.906667 -0.005892 188
-0.321212 0.612121 0.008176 234
-0.191919 0.608081 0.014947 214
-0.224242 0.745455 -0.005974 236
0.274074 0.688889 0.006926 153
0.346667 0.553333 -0.018431 152
0.440000 0.626667 0.007482 131
0.253333 0.813333 -0.015941 167
0.274074 0.688889 0.006926 153
0.377778 0.733333 -0.004224 147
0.160000 0.540000 0.033532 170
0.066667 0.600000 0.031726 192
0.066667 0.466667 -0.041643 171
0.160000 0.406667 -0.023845 151
0.160000 0.540000 0.033532 170
0.066667 0.466667 -0.041643 171
0.253333 0.480000 0.016782 150
0.346667 0.553333 -0.018431 152
0.160000 0.540000 0.033532 170
0.160000 0.773333 0.011127 173
0.170370 0.644444 -0.020433 172
0.274074 0.688889 0.006926 153
0.160000 0.773333 0.011127 173
0.066667 0.733333 -0.019336 193
0.170370 0.644444 -0.020433 172
-0.078788 0.672727 0.013639 216
-0.191919 0.608081 0.014947 214
-0.062626 0.515152 -0.021478 191
-0.030303 0.769697 -0.010488 194
-0.078788 0.672727 0.013639 216
0.066667 0.733333 -0.019336 193
0.066667 0.866667 0.008896 190
-0.030303 0.769697 -0.010488 194
0.066667 0.733333 -0.019336 193
-0.127273 0.806061 -0.005631 215
-0.078788 0.672727 0.013639 216
-0.030303 0.769697 -0.010488 194
-0.127273 0.806061 -0.005631 215
-0.224242 0.745455 -0.005974 236
-0.078788 0.672727 0.013639 216
0.160000 0.540000 0.033532 170
0.160000 0.406667 -0.023845 151
0.253333 0.480000 0.016782 150
-0.078788 0.672727 0.013639 216
-0.062626 0.515152 -0.021478 191
0.066667 0.600000 0.031726 192
0.066667 0.733333 -0.019336 193
-0.078788 0.672727 0.013639 216
0.066667 0.600000 0.031726 192
-0.224242 0.375758 0.044011 211
-0.208081 0.491919 -0.026902 212
-0.321212 0.475758 0.001554 233
-0.346667 0.720000 0.005369 252
-0.321212 0.612121 0.008176 234
-0.224242 0.745455 -0.005974 236
-0.418182 0.446970 0.000409 245
-0.515152 0.418182 0.007629 249
-0.398788 0.347879 -0.037835 231
-0.321212 0.475758 0.001554 233
-0.418182 0.446970 0.000409 245
-0.398788 0.347879 -0.037835 231
-0.321212 0.475758 0.001554 233
-0.418182 0.575758 0.000241 251
-0.418182 0.446970 0.000409 245
0.477333 0.509333 0.002830 130
0.514667 0.392000 -0.022221 109
0.626667 0.440000 0.021158 110
0.346667 0.553333 -0.018431 152
0.477333 0.509333 0.002830 130
0.440000 0.626667 0.007482 131
0.346667 0.553333 -0.018431 152
0.346667 0.386667 0.012758 129
0.477333 0.509333 0.002830 130
0.377778 0.733333 -0.004224 147
0.274074 0.688889 0.006926 153
0.440000 0.626667 0.007482 131
0.290667 0.296000 0.055566 128
0.160000 0.406667 -0.023845 151
0.178667 0.248000 -0.077474 149
-0.224242 0.375758 0.044011 211
-0.282424 0.277576 0.162603 217
-0.166061 0.287273 0.304128 197
-0.078788 0.354545 0.119432 189
-0.224242 0.375758 0.044011 211
-0.166061 0.287273 0.304128 197
-0.321212 0.475758 0.001554 233
-0.321212 0.612121 0.008176 234
-0.418182 0.575758 0.000241 251
-0.078788 0.354545 0.119432 189
-0.208081 0.491919 -0.026902 212
-0.224242 0.375758 0.044011 211
-0.191919 0.608081 0.014947 214
-0.321212 0.612121 0.008176 234
-0.208081 0.491919 -0.026902 212
0.539556 0.291556 -0.005269 88
0.440000 0.160000 0.011736 107
0.564444 0.191111 -0.024860 87
0.346667 0.386667 0.012758 129
0.402667 0.290667 -0.020685 108
0.514667 0.392000 -0.022221 109
0.346667 0.386667 0.012758 129
0.290667 0.296000 0.055566 128
0.402667 0.290667 -0.020685 108
0.402667 0.290667 -0.020685 108
0.290667 0.296000 0.055566 128
0.315556 0.128889 0.022448 127
0.477333 0.509333 0.002830 130
0.346667 0.386667 0.012758 129
0.514667 0.392000 -0.022221 109
0.346667 0.553333 -0.018431 152
0.253333 0.480000 0.016782 150
0.346667 0.386667 0.012758 129
0.178667 0.248000 -0.077474 149
0.315556 0.128889 0.022448 127
0.290667 0.296000 0.055566 128
0.066667 0.200000 0.078018 155
0.178667 0.248000 -0.077474 149
0.066667 0.333333 0.020581 169
0.066667 0.200000 0.078018 155
0.066667 0.066667 -0.075857 154
0.178667 0.141333 -0.107155 133
0.300000 0.900000 0.037922 168
0.333333 1.000000 0.000000 166
0.200000 1.000000 0.000000 187
0.377778 0.733333 -0.004224 147
0.400000 0.833333 0.013650 148
0.253333 0.813333 -0.015941 167
0.400000 0.833333 0.013650 148
0.523810 0.809524 0.007053 126
0.555556 0.911111 0.026912 125
0.253333 0.813333 -0.015941 167
0.400000 0.833333 0.013650 148
0.300000 0.900000 0.037922 168
0.377778 0.733333 -0.004224 147
0.523810 0.809524 0.007053 126
0.400000 0.833333 0.013650 148
0.800000 0.500000 -0.019995 68
0.911111 0.555556 0.018084 70
0.714286 0.619048 -0.002537 92
0.700000 0.500000 0.009911 91
0.800000 0.500000 -0.019995 68
0.714286 0.619048 -0.002537 92
0.585185 0.555556 -0.005265 111
0.700000 0.500000 0.009911 91
0.714286 0.619048 -0.002537 92
0.626667 0.440000 0.021158 110
0.792593 0.377778 -0.022711 90
0.700000 0.500000 0.009911 91
0.792593 0.377778 -0.022711 90
0.904762 0.428571 0.009186 67
0.800000 0.500000 -0.019995 68
1.000000 0.466667 0.000000 47
0.904762 0.428571 0.009186 67
1.000000 0.333333 0.000000 45
0.600000 0.666667 0.012653 104
0.733333 0.733333 0.007894 81
0.680000 0.840000 0.012546 105
0.585185 0.555556 -0.005265 111
0.600000 0.666667 0.012653 104
0.500000 0.700000 -0.001698 124
0.714286 0.619048 -0.002537 92
0.733333 0.733333 0.007894 81
0.600000 0.666667 0.012653 104
0.626667 0.440000 0.021158 110
0.700000 0.500000 0.009911 91
0.585185 0.555556 -0.005265 111
0.911111 0.555556 0.018084 70
0.893333 0.680000 0.016389 69
0.714286 0.619048 -0.002537 92
