-0.507514 0.097964 1.920035 8
-0.809017 -0.587785 1.910866 13
-0.206011 -0.391857 1.934346 12
-0.507514 0.097964 1.920035 8
-1.000000 -0.000000 1.909196 9
-0.809017 -0.587785 1.910866 13
0.333333 -0.000000 1.978868 7
-0.507514 0.097964 1.920035 8
-0.206011 -0.391857 1.934346 12
0.012158 0.475528 1.947578 4
-0.809017 0.587785 1.909221 5
-0.507514 0.097964 1.920035 8
0.333333 -0.000000 1.978868 7
0.012158 0.475528 1.947578 4
-0.507514 0.097964 1.920035 8
0.012158 0.475528 1.947578 4
0.309017 0.951057 1.953908 1
-0.309017 0.951057 1.929161 2
0.012158 0.475528 1.947578 4
0.333333 -0.000000 1.978868 7
0.809017 0.587785 1.989917 3
-0.809017 0.587785 1.909221 5
0.012158 0.475528 1.947578 4
-0.309017 0.951057 1.929161 2
-0.809017 0.587785 1.909221 5
-1.000000 -0.000000 1.909196 9
-0.507514 0.097964 1.920035 8
-0.309017 -0.951057 1.925643 15
0.309017 -0.951057 1.952475 14
-0.206011 -0.391857 1.934346 12
0.321175 -0.475528 1.966139 11
0.809017 -0.587785 1.987782 10
0.333333 -0.000000 1.978868 7
0.333333 -0.000000 1.978868 7
0.809017 -0.587785 1.987782 10
1.000000 0.000000 2.003354 6
0.321175 -0.475528 1.966139 11
-0.206011 -0.391857 1.934346 12
0.309017 -0.951057 1.952475 14
0.809017 -0.587785 1.987782 10
0.321175 -0.475528 1.966139 11
0.309017 -0.951057 1.952475 14
0.333333 -0.000000 1.978868 7
-0.206011 -0.391857 1.934346 12
0.321175 -0.475528 1.966139 11
0.809017 0.587785 1.989917 3
0.333333 -0.000000 1.978868 7
1.000000 0.000000 2.003354 6
0.809017 0.587785 1.989917 3
0.309017 0.951057 1.953908 1
0.012158 0.475528 1.947578 4
-0.809017 -0.587785 1.910866 13
-0.309017 -0.951057 1.925643 15
-0.206011 -0.391857 1.934346 12
