-0.507514 0.097964 1.996657 8
-0.809017 -0.587785 1.988057 13
-0.206011 -0.391857 2.010797 12
-0.507514 0.097964 1.996657 8
-1.000000 -0.000000 1.986180 9
-0.809017 -0.587785 1.988057 13
0.333333 -0.000000 2.053607 7
-0.507514 0.097964 1.996657 8
-0.206011 -0.391857 2.010797 12
0.012158 0.475528 2.023829 4
-0.809017 0.587785 1.986524 5
-0.507514 0.097964 1.996657 8
0.333333 -0.000000 2.053607 7
0.012158 0.475528 2.023829 4
-0.507514 0.097964 1.996657 8
0.012158 0.475528 2.023829 4
0.309017 0.951057 2.030493 1
-0.309017 0.951057 2.006346 2
0.012158 0.475528 2.023829 4
0.333333 -0.000000 2.053607 7
0.809017 0.587785 2.064937 3
-0.809017 0.587785 1.986524 5
0.012158 0.475528 2.023829 4
-0.309017 0.951057 2.006346 2
-0.809017 0.587785 1.986524 5
-1.000000 -0.000000 1.986180 9
-0.507514 0.097964 1.996657 8
-0.309017 -0.951057 2.002878 15
0.309017 -0.951057 2.029200 14
-0.206011 -0.391857 2.010797 12
0.321175 -0.475528 2.041843 11
0.809017 -0.587785 2.062847 10
0.333333 -0.000000 2.053607 7
0.333333 -0.000000 2.053607 7
0.809017 -0.587785 2.062847 10
1.000000 0.000000 2.077480 6
0.321175 -0.475528 2.041843 11
-0.206011 -0.391857 2.010797 12
0.309017 -0.951057 2.029200 14
0.809017 -0.587785 2.062847 10
0.321175 -0.475528 2.041843 11
0.309017 -0.951057 2.029200 14
0.333333 -0.000000 2.053607 7
-0.206011 -0.391857 2.010797 12
0.321175 -0.475528 2.041843 11
0.809017 0.587785 2.064937 3
0.333333 -0.000000 2.053607 7
1.000000 0.000000 2.077480 6
0.809017 0.587785 2.064937 3
0.309017 0.951057 2.030493 1
0.012158 0.475528 2.023829 4
-0.809017 -0.587785 1.988057 13
-0.309017 -0.951057 2.002878 15
-0.206011 -0.391857 2.010797 12
