-0.507514 0.097964 2.268635 8
-0.809017 -0.587785 2.261631 13
-0.206011 -0.391857 2.282097 12
-0.507514 0.097964 2.268635 8
-1.000000 -0.000000 2.259213 9
-0.809017 -0.587785 2.261631 13
0.333333 -0.000000 2.319570 7
-0.507514 0.097964 2.268635 8
-0.206011 -0.391857 2.282097 12
0.012158 0.475528 2.294338 4
-0.809017 0.587785 2.260451 5
-0.507514 0.097964 2.268635 8
0.333333 -0.000000 2.319570 7
0.012158 0.475528 2.294338 4
-0.507514 0.097964 2.268635 8
0.012158 0.475528 2.294338 4
0.309017 0.951057 2.301627 1
-0.309017 0.951057 2.279633 2
0.012158 0.475528 2.294338 4
0.333333 -0.000000 2.319570 7
0.809017 0.587785 2.331168 3
-0.809017 0.587785 2.260451 5
0.012158 0.475528 2.294338 4
-0.309017 0.951057 2.279633 2
-0.809017 0.587785 2.260451 5
-1.000000 -0.000000 2.259213 9
-0.507514 0.097964 2.268635 8
-0.309017 -0.951057 2.276348 15
0.309017 -0.951057 2.300737 14
-0.206011 -0.391857 2.282097 12
0.321175 -0.475528 2.310491 11
0.809017 -0.587785 2.329244 10
0.333333 -0.000000 2.319570 7
0.333333 -0.000000 2.319570 7
0.809017 -0.587785 2.329244 10
1.000000 0.000000 2.341121 6
0.321175 -0.475528 2.310491 11
-0.206011 -0.391857 2.282097 12
0.309017 -0.951057 2.300737 14
0.809017 -0.587785 2.329244 10
0.321175 -0.475528 2.310491 11
0.309017 -0.951057 2.300737 14
0.333333 -0.000000 2.319570 7
-0.206011 -0.391857 2.282097 12
0.321175 -0.475528 2.310491 11
0.809017 0.587785 2.331168 3
0.333333 -0.000000 2.319570 7
1.000000 0.000000 2.341121 6
0.809017 0.587785 2.331168 3
0.309017 0.951057 2.301627 1
0.012158 0.475528 2.294338 4
-0.809017 -0.587785 2.261631 13
-0.309017 -0.951057 2.276348 15
-0.206011 -0.391857 2.282097 12
