-0.507514 0.097964 1.132220 8
-0.809017 -0.587785 1.111103 13
-0.206011 -0.391857 1.148028 12
-0.507514 0.097964 1.132220 8
-1.000000 -0.000000 1.113495 9
-0.809017 -0.587785 1.111103 13
0.333333 -0.000000 1.220515 7
-0.507514 0.097964 1.132220 8
-0.206011 -0.391857 1.148028 12
0.012158 0.475528 1.162138 4
-0.809017 0.587785 1.107968 5
-0.507514 0.097964 1.132220 8
0.333333 -0.000000 1.220515 7
0.012158 0.475528 1.162138 4
-0.507514 0.097964 1.132220 8
0.012158 0.475528 1.162138 4
0.309017 0.951057 1.154846 1
-0.309017 0.951057 1.126955 2
0.012158 0.475528 1.162138 4
0.333333 -0.000000 1.220515 7
0.809017 0.587785 1.213444 3
-0.809017 0.587785 1.107968 5
0.012158 0.475528 1.162138 4
-0.309017 0.951057 1.126955 2
-0.809017 0.587785 1.107968 5
-1.000000 -0.000000 1.113495 9
-0.507514 0.097964 1.132220 8
-0.309017 -0.951057 1.122767 15
0.309017 -0.951057 1.151456 14
-0.206011 -0.391857 1.148028 12
0.321175 -0.475528 1.186003 11
0.809017 -0.587785 1.210688 10
0.333333 -0.000000 1.220515 7
0.333333 -0.000000 1.220515 7
0.809017 -0.587785 1.210688 10
1.000000 0.000000 1.243557 6
0.321175 -0.475528 1.186003 11
-0.206011 -0.391857 1.148028 12
0.309017 -0.951057 1.151456 14
0.809017 -0.587785 1.210688 10
0.321175 -0.475528 1.186003 11
0.309017 -0.951057 1.151456 14
0.333333 -0.000000 1.220515 7
-0.206011 -0.391857 1.148028 12
0.321175 -0.475528 1.186003 11
0.809017 0.587785 1.213444 3
0.333333 -0.000000 1.220515 7
1.000000 0.000000 1.243557 6
0.809017 0.587785 1.213444 3
0.309017 0.951057 1.154846 1
0.012158 0.475528 1.162138 4
-0.809017 -0.587785 1.111103 13
-0.309017 -0.951057 1.122767 15
-0.206011 -0.391857 1.148028 12
