-0.507514 0.097964 1.768087 8
-0.809017 -0.587785 1.757581 13
-0.206011 -0.391857 1.782707 12
-0.507514 0.097964 1.768087 8
-1.000000 -0.000000 1.756402 9
-0.809017 -0.587785 1.757581 13
0.333333 -0.000000 1.830966 7
-0.507514 0.097964 1.768087 8
-0.206011 -0.391857 1.782707 12
0.012158 0.475528 1.796294 4
-0.809017 0.587785 1.755694 5
-0.507514 0.097964 1.768087 8
0.333333 -0.000000 1.830966 7
0.012158 0.475528 1.796294 4
-0.507514 0.097964 1.768087 8
0.012158 0.475528 1.796294 4
0.309017 0.951057 1.801669 1
-0.309017 0.951057 1.775773 2
0.012158 0.475528 1.796294 4
0.333333 -0.000000 1.830966 7
0.809017 0.587785 1.841053 3
-0.809017 0.587785 1.755694 5
0.012158 0.475528 1.796294 4
-0.309017 0.951057 1.775773 2
-0.809017 0.587785 1.755694 5
-1.000000 -0.000000 1.756402 9
-0.507514 0.097964 1.768087 8
-0.309017 -0.951057 1.772156 15
0.309017 -0.951057 1.799915 14
-0.206011 -0.391857 1.782707 12
0.321175 -0.475528 1.815958 11
0.809017 -0.587785 1.838834 10
0.333333 -0.000000 1.830966 7
0.333333 -0.000000 1.830966 7
0.809017 -0.587785 1.838834 10
1.000000 0.000000 1.856534 6
0.321175 -0.475528 1.815958 11
-0.206011 -0.391857 1.782707 12
0.309017 -0.951057 1.799915 14
0.809017 -0.587785 1.838834 10
0.321175 -0.475528 1.815958 11
0.309017 -0.951057 1.799915 14
0.333333 -0.000000 1.830966 7
-0.206011 -0.391857 1.782707 12
0.321175 -0.475528 1.815958 11
0.809017 0.587785 1.841053 3
0.333333 -0.000000 1.830966 7
1.000000 0.000000 1.856534 6
0.809017 0.587785 1.841053 3
0.309017 0.951057 1.801669 1
0.012158 0.475528 1.796294 4
-0.809017 -0.587785 1.757581 13
-0.309017 -0.951057 1.772156 15
-0.206011 -0.391857 1.782707 12
