-1.000000 1.000000 0.000000 298
-1.000000 0.866667 0.000000 296
-0.866667 1.000000 0.000000 297
-0.840000 0.680000 -0.006982 285
-0.911111 0.822222 -0.008115 294
-1.000000 0.733333 0.000000 292
-0.680000 0.893333 0.000152 287
-0.800000 0.800000 0.017090 288
-0.666667 0.733333 -0.004495 280
-0.680000 0.893333 0.000152 287
-0.733333 1.000000 0.000000 295
-0.822222 0.911111 -0.021612 293
-0.911111 0.822222 -0.008115 294
-0.800000 0.800000 0.017090 288
-0.822222 0.911111 -0.021612 293
-1.000000 0.733333 0.000000 292
-0.911111 0.822222 -0.008115 294
-1.000000 0.866667 0.000000 296
-0.840000 0.680000 -0.006982 285
-1.000000 0.600000 0.000000 289
-0.888889 0.555556 0.004844 284
-1.000000 0.866667 0.000000 296
-0.911111 0.822222 -0.008115 294
-0.866667 1.000000 0.000000 297
-0.700000 0.583333 -0.002449 276
-0.800000 0.500000 0.002370 275
-0.644444 0.481481 -0.007174 262
-0.666667 0.733333 -0.004495 280
-0.700000 0.583333 -0.002449 276
-0.600000 0.600000 0.004445 269
-0.840000 0.680000 -0.006982 285
-0.800000 0.500000 0.002370 275
-0.700000 0.583333 -0.002449 276
-1.000000 0.733333 0.000000 292
-1.000000 0.600000 0.000000 289
-0.840000 0.680000 -0.006982 285
-1.000000 0.600000 0.000000 289
-1.000000 0.466667 0.000000 291
-0.888889 0.555556 0.004844 284
-0.566667 0.711111 -0.008058 270
-0.466667 0.688889 0.001234 265
-0.523810 0.809524 0.001795 278
-0.600000 0.600000 0.004445 269
-0.566667 0.711111 -0.008058 270
-0.666667 0.733333 -0.004495 280
-0.600000 0.600000 0.004445 269
-0.466667 0.688889 0.001234 265
-0.566667 0.711111 -0.008058 270
-0.666667 0.733333 -0.004495 280
-0.840000 0.680000 -0.006982 285
-0.700000 0.583333 -0.002449 276
-0.840000 0.680000 -0.006982 285
-0.666667 0.733333 -0.004495 280
-0.800000 0.800000 0.017090 288
-0.911111 0.822222 -0.008115 294
-0.840000 0.680000 -0.006982 285
-0.800000 0.800000 0.017090 288
-0.888889 0.555556 0.004844 284
-0.800000 0.500000 0.002370 275
-0.840000 0.680000 -0.006982 285
-1.000000 0.466667 0.000000 291
-0.900000 0.416667 -0.007304 283
-0.888889 0.555556 0.004844 284
-0.800000 0.400000 -0.010779 274
-0.644444 0.481481 -0.007174 262
-0.800000 0.500000 0.002370 275
-0.680000 0.893333 0.000152 287
-0.600000 1.000000 0.000000 286
-0.733333 1.000000 0.000000 295
-0.888889 0.555556 0.004844 284
-0.900000 0.416667 -0.007304 283
-0.800000 0.500000 0.002370 275
-0.428571 0.904762 0.001972 266
-0.333333 1.000000 0.000000 263
-0.466667 1.000000 0.000000 277
-0.555556 0.911111 -0.000659 279
-0.428571 0.904762 0.001972 266
-0.466667 1.000000 0.000000 277
-0.400000 0.800000 -0.003139 264
-0.288889 0.896296 0.012612 253
-0.428571 0.904762 0.001972 266
-0.600000 1.000000 0.000000 286
-0.555556 0.911111 -0.000659 279
-0.466667 1.000000 0.000000 277
-0.900000 0.300000 0.005104 282
-1.000000 0.333333 0.000000 290
-1.000000 0.200000 0.000000 281
-0.800000 0.400000 -0.010779 274
-0.900000 0.300000 0.005104 282
-0.806061 0.236364 -0.002261 272
-0.900000 0.416667 -0.007304 283
-1.000000 0.466667 0.000000 291
-1.000000 0.333333 0.000000 290
-0.800000 0.400000 -0.010779 274
-0.900000 0.416667 -0.007304 283
-0.900000 0.300000 0.005104 282
-0.800000 0.400000 -0.010779 274
-0.800000 0.500000 0.002370 275
-0.900000 0.416667 -0.007304 283
-0.555556 0.911111 -0.000659 279
-0.523810 0.809524 0.001795 278
-0.428571 0.904762 0.001972 266
-0.906667 0.160000 -0.011681 273
-0.900000 0.300000 0.005104 282
-1.000000 0.200000 0.000000 281
-1.000000 0.066667 0.000000 271
-0.906667 0.160000 -0.011681 273
-1.000000 0.200000 0.000000 281
-0.680000 0.893333 0.000152 287
-0.555556 0.911111 -0.000659 279
-0.600000 1.000000 0.000000 286
-0.822222 0.911111 -0.021612 293
-0.800000 0.800000 0.017090 288
-0.680000 0.893333 0.000152 287
-0.866667 1.000000 0.000000 297
-0.822222 0.911111 -0.021612 293
-0.733333 1.000000 0.000000 295
-0.866667 1.000000 0.000000 297
-0.911111 0.822222 -0.008115 294
-0.822222 0.911111 -0.021612 293
-0.666667 0.733333 -0.004495 280
-0.523810 0.809524 0.001795 278
-0.680000 0.893333 0.000152 287
-0.533333 0.533333 -0.010044 258
-0.600000 0.600000 0.004445 269
-0.644444 0.481481 -0.007174 262
-0.720000 0.346667 0.006225 267
-0.612121 0.321212 0.014649 255
-0.644444 0.481481 -0.007174 262
-0.418182 0.575758 0.008382 251
-0.466667 0.688889 0.001234 265
-0.533333 0.533333 -0.010044 258
-0.523810 0.809524 0.001795 278
-0.555556 0.911111 -0.000659 279
-0.680000 0.893333 0.000152 287
-0.566667 0.711111 -0.008058 270
-0.523810 0.809524 0.001795 278
-0.666667 0.733333 -0.004495 280
-0.466667 0.688889 0.001234 265
-0.400000 0.800000 -0.003139 264
-0.523810 0.809524 0.001795 278
-0.533333 0.533333 -0.010044 258
-0.466667 0.688889 0.001234 265
-0.600000 0.600000 0.004445 269
-0.418182 0.575758 0.008382 251
-0.321212 0.612121 0.006833 234
-0.346667 0.720000 -0.013260 252
-0.903030 0.030303 0.007217 260
-0.806061 0.127273 0.002002 261
-0.906667 0.160000 -0.011681 273
-1.000000 -0.066667 0.000000 268
-0.903030 0.030303 0.007217 260
-1.000000 0.066667 0.000000 271
-1.000000 -0.066667 0.000000 268
-0.903030 -0.151515 -0.005089 257
-0.903030 0.030303 0.007217 260
-1.000000 -0.200000 0.000000 256
-0.903030 -0.151515 -0.005089 257
-1.000000 -0.066667 0.000000 268
-0.810909 -0.126465 0.016578 243
-0.709091 -0.048485 0.005609 230
-0.808485 0.000404 -0.012999 247
-0.813333 -0.253333 -0.013737 244
-0.810909 -0.126465 0.016578 243
-0.903030 -0.151515 -0.005089 257
-0.813333 -0.253333 -0.013737 244
-0.709091 -0.321212 0.014737 227
-0.650909 -0.153939 -0.002275 225
-1.000000 -0.200000 0.000000 256
-1.000000 -0.333333 0.000000 254
-0.900000 -0.300000 0.010295 242
0.183333 -0.483333 0.010511 78
0.066667 -0.333333 0.000837 102
0.066667 -0.466667 -0.012002 101
0.206667 -0.660000 0.003697 74
0.315556 -0.573333 -0.006950 55
0.183333 -0.483333 0.010511 78
0.304242 -0.248485 -0.011372 93
0.338182 -0.129697 -0.012132 100
0.185455 -0.224242 0.047681 112
0.745455 -0.224242 0.008217 41
0.632323 -0.175758 -0.023634 62
0.660606 -0.321212 0.012202 40
0.185455 -0.224242 0.047681 112
0.066667 -0.333333 0.000837 102
0.215152 -0.330303 -0.090901 94
-0.282424 -0.374545 0.009111 159
-0.385859 -0.292929 -0.015457 180
-0.398788 -0.432727 -0.020689 174
-0.166061 -0.396364 0.020908 136
-0.282424 -0.374545 0.009111 159
-0.224242 -0.478788 0.008112 138
-0.166061 -0.396364 0.020908 136
-0.162828 -0.288081 -0.062621 145
-0.282424 -0.374545 0.009111 159
-0.147677 -0.559394 0.016548 139
-0.078788 -0.472727 -0.004896 115
-0.224242 -0.478788 0.008112 138
-0.321061 -0.544697 0.002100 160
-0.147677 -0.559394 0.016548 139
-0.224242 -0.478788 0.008112 138
-0.071111 -0.640000 0.018027 116
-0.078788 -0.472727 -0.004896 115
-0.147677 -0.559394 0.016548 139
-0.049697 -0.258182 0.051952 122
-0.159596 -0.179798 -0.027897 144
-0.162828 -0.288081 -0.062621 145
0.066667 0.066667 -0.080895 154
-0.069091 0.117576 0.236458 175
-0.046465 -0.002020 0.044676 163
-0.366465 0.202424 0.145079 224
-0.498990 0.256566 -0.039972 241
-0.450505 0.127273 -0.002991 228
-0.272727 0.127273 0.273486 206
-0.366465 0.202424 0.145079 224
-0.450505 0.127273 -0.002991 228
-0.282424 0.277576 0.127407 217
-0.398788 0.347879 -0.052559 231
-0.366465 0.202424 0.145079 224
0.066667 -0.066667 -0.039913 143
-0.046465 -0.123232 0.030578 142
0.066667 -0.200000 -0.020104 119
-0.288889 0.896296 0.012612 253
-0.200000 1.000000 0.000000 250
-0.333333 1.000000 0.000000 263
-0.900000 -0.300000 0.010295 242
-0.813333 -0.253333 -0.013737 244
-0.903030 -0.151515 -0.005089 257
-0.900000 -0.416667 -0.012034 240
-0.900000 -0.300000 0.010295 242
-1.000000 -0.333333 0.000000 254
-0.900000 -0.416667 -0.012034 240
-0.800000 -0.400000 0.005254 226
-0.900000 -0.300000 0.010295 242
-1.000000 -0.600000 0.000000 237
-0.888889 -0.555556 -0.006015 222
-1.000000 -0.466667 0.000000 239
-0.800000 -0.400000 0.005254 226
-0.709091 -0.321212 0.014737 227
-0.813333 -0.253333 -0.013737 244
-0.888889 -0.555556 -0.006015 222
-0.800000 -0.500000 0.021383 223
-0.900000 -0.416667 -0.012034 240
-0.688889 -0.466667 -0.029080 204
-0.709091 -0.321212 0.014737 227
-0.800000 -0.400000 0.005254 226
-0.127273 0.806061 -0.005118 215
-0.160000 0.906667 0.008714 235
-0.224242 0.745455 -0.012490 236
0.066667 0.866667 0.014296 190
-0.030303 0.903030 0.024452 213
-0.030303 0.769697 -0.020521 194
0.160000 0.773333 0.003969 173
0.066667 0.866667 0.014296 190
0.066667 0.733333 -0.014883 193
0.160000 0.906667 0.013284 188
0.066667 1.000000 0.000000 210
0.066667 0.866667 0.014296 190
-0.066667 1.000000 0.000000 232
-0.160000 0.906667 0.008714 235
-0.030303 0.903030 0.024452 213
-0.160000 0.906667 0.008714 235
-0.200000 1.000000 0.000000 250
-0.288889 0.896296 0.012612 253
-0.127273 0.806061 -0.005118 215
-0.030303 0.903030 0.024452 213
-0.160000 0.906667 0.008714 235
-0.191919 0.608081 0.028916 214
-0.078788 0.672727 -0.003297 216
-0.224242 0.745455 -0.012490 236
-0.030303 0.769697 -0.020521 194
-0.030303 0.903030 0.024452 213
-0.127273 0.806061 -0.005118 215
-0.066667 1.000000 0.000000 232
-0.200000 1.000000 0.000000 250
-0.160000 0.906667 0.008714 235
-0.906667 0.160000 -0.011681 273
-0.806061 0.236364 -0.002261 272
-0.900000 0.300000 0.005104 282
-0.808485 0.000404 -0.012999 247
-0.903030 -0.151515 -0.005089 257
-0.810909 -0.126465 0.016578 243
-0.700000 0.583333 -0.002449 276
-0.644444 0.481481 -0.007174 262
-0.600000 0.600000 0.004445 269
-1.000000 0.333333 0.000000 290
-0.900000 0.300000 0.005104 282
-0.900000 0.416667 -0.007304 283
-0.720000 0.346667 0.006225 267
-0.644444 0.481481 -0.007174 262
-0.800000 0.400000 -0.010779 274
-0.806061 0.236364 -0.002261 272
-0.720000 0.346667 0.006225 267
-0.800000 0.400000 -0.010779 274
-1.000000 0.066667 0.000000 271
-0.903030 0.030303 0.007217 260
-0.906667 0.160000 -0.011681 273
-0.709091 0.224242 -0.000188 259
-0.612121 0.321212 0.014649 255
-0.720000 0.346667 0.006225 267
-0.806061 0.127273 0.002002 261
-0.709091 0.224242 -0.000188 259
-0.806061 0.236364 -0.002261 272
-0.563636 -0.259394 -0.004023 203
-0.650909 -0.153939 -0.002275 225
-0.709091 -0.321212 0.014737 227
-0.476364 -0.364848 0.005961 195
-0.563636 -0.259394 -0.004023 203
-0.612121 -0.406061 -0.002667 205
-0.476364 -0.364848 0.005961 195
-0.385859 -0.292929 -0.015457 180
-0.563636 -0.259394 -0.004023 203
-0.579798 0.175758 -0.003767 246
-0.709091 0.087879 0.020079 248
-0.579798 0.039394 -0.040699 229
-0.806061 0.127273 0.002002 261
-0.709091 0.087879 0.020079 248
-0.709091 0.224242 -0.000188 259
-0.806061 0.127273 0.002002 261
-0.808485 0.000404 -0.012999 247
-0.709091 0.087879 0.020079 248
-0.808485 0.000404 -0.012999 247
-0.903030 0.030303 0.007217 260
-0.903030 -0.151515 -0.005089 257
-0.709091 0.087879 0.020079 248
-0.808485 0.000404 -0.012999 247
-0.709091 -0.048485 0.005609 230
-0.806061 0.127273 0.002002 261
-0.903030 0.030303 0.007217 260
-0.808485 0.000404 -0.012999 247
-0.321061 -0.544697 0.002100 160
-0.515152 -0.490909 0.018466 182
-0.481481 -0.644444 -0.019943 161
0.066667 -0.200000 -0.020104 119
-0.046465 -0.123232 0.030578 142
-0.049697 -0.258182 0.051952 122
-0.476364 -0.364848 0.005961 195
-0.515152 -0.490909 0.018466 182
-0.398788 -0.432727 -0.020689 174
-0.579798 0.175758 -0.003767 246
-0.498990 0.256566 -0.039972 241
-0.612121 0.321212 0.014649 255
-0.709091 -0.048485 0.005609 230
-0.579798 0.039394 -0.040699 229
-0.709091 0.087879 0.020079 248
-0.450505 0.127273 -0.002991 228
-0.498990 0.256566 -0.039972 241
-0.579798 0.175758 -0.003767 246
-0.709091 -0.321212 0.014737 227
-0.688889 -0.466667 -0.029080 204
-0.612121 -0.406061 -0.002667 205
-0.900000 -0.416667 -0.012034 240
-1.000000 -0.333333 0.000000 254
-1.000000 -0.466667 0.000000 239
-0.650909 -0.153939 -0.002275 225
-0.810909 -0.126465 0.016578 243
-0.813333 -0.253333 -0.013737 244
-0.046465 -0.002020 0.044676 163
-0.046465 -0.123232 0.030578 142
0.066667 -0.066667 -0.039913 143
0.066667 0.066667 -0.080895 154
-0.046465 -0.002020 0.044676 163
0.066667 -0.066667 -0.039913 143
-0.170909 0.122424 0.443735 196
-0.166061 0.287273 0.196754 197
-0.282424 0.277576 0.127407 217
0.066667 0.200000 -0.112460 155
-0.069091 0.117576 0.236458 175
0.066667 0.066667 -0.080895 154
-0.272727 0.127273 0.273486 206
-0.450505 0.127273 -0.002991 228
-0.391246 0.006061 0.149714 207
-0.170909 0.122424 0.443735 196
-0.272727 0.127273 0.273486 206
-0.191919 0.030303 0.313591 183
-0.069091 0.117576 0.236458 175
-0.170909 0.122424 0.443735 196
-0.191919 0.030303 0.313591 183
-0.069091 0.117576 0.236458 175
-0.049697 0.243636 0.174787 176
-0.170909 0.122424 0.443735 196
-0.282424 0.277576 0.127407 217
-0.366465 0.202424 0.145079 224
-0.272727 0.127273 0.273486 206
-0.806061 0.236364 -0.002261 272
-0.906667 0.160000 -0.011681 273
-0.806061 0.127273 0.002002 261
-0.903030 -0.151515 -0.005089 257
-1.000000 -0.200000 0.000000 256
-0.900000 -0.300000 0.010295 242
-0.030303 -0.781818 -0.001744 97
0.066667 -0.866667 -0.000677 76
0.066667 -0.733333 -0.015384 96
-0.071111 -0.640000 0.018027 116
-0.030303 -0.781818 -0.001744 97
0.066667 -0.733333 -0.015384 96
-0.127273 -0.830303 -0.001771 99
0.066667 -0.866667 -0.000677 76
-0.030303 -0.781818 -0.001744 97
0.066667 -0.600000 0.005583 95
-0.071111 -0.640000 0.018027 116
0.066667 -0.733333 -0.015384 96
-0.274074 -0.822222 -0.003900 118
-0.200000 -1.000000 0.000000 98
-0.127273 -0.830303 -0.001771 99
0.066667 -1.000000 0.000000 54
0.066667 -0.866667 -0.000677 76
-0.066667 -1.000000 0.000000 75
0.178667 0.248000 -0.008918 149
0.160000 0.406667 0.059290 151
0.066667 0.333333 -0.083013 169
-1.000000 -1.000000 0.000000 218
-0.866667 -1.000000 0.000000 198
-1.000000 -0.866667 0.000000 219
-0.911111 -0.822222 -0.029293 220
-1.000000 -0.866667 0.000000 219
-0.866667 -1.000000 0.000000 198
-0.800000 -0.866667 -0.012281 199
-0.866667 -1.000000 0.000000 198
-0.733333 -1.000000 0.000000 177
-0.680000 -0.840000 -0.015668 178
-0.600000 -1.000000 0.000000 156
-0.555556 -0.911111 -0.005483 157
-0.680000 -0.840000 -0.015668 178
-0.733333 -1.000000 0.000000 177
-0.600000 -1.000000 0.000000 156
-0.800000 -0.866667 -0.012281 199
-0.911111 -0.822222 -0.029293 220
-0.866667 -1.000000 0.000000 198
-0.680000 -0.840000 -0.015668 178
-0.800000 -0.866667 -0.012281 199
-0.733333 -1.000000 0.000000 177
-0.680000 -0.840000 -0.015668 178
-0.666667 -0.733333 -0.009465 179
-0.786667 -0.760000 0.019294 200
-0.523810 -0.809524 0.034353 158
-0.680000 -0.840000 -0.015668 178
-0.555556 -0.911111 -0.005483 157
-0.666667 -0.733333 -0.009465 179
-0.481481 -0.644444 -0.019943 161
-0.600000 -0.600000 0.018074 181
-1.000000 -0.733333 0.000000 238
-1.000000 -0.866667 0.000000 219
-0.911111 -0.822222 -0.029293 220
-0.600000 -1.000000 0.000000 156
-0.466667 -1.000000 0.000000 134
-0.555556 -0.911111 -0.005483 157
-0.786667 -0.760000 0.019294 200
-0.800000 -0.866667 -0.012281 199
-0.680000 -0.840000 -0.015668 178
-0.700000 -0.583333 -0.009260 201
-0.777778 -0.644444 0.005238 202
-0.666667 -0.733333 -0.009465 179
-0.893333 -0.680000 -0.020507 221
-0.911111 -0.822222 -0.029293 220
-0.786667 -0.760000 0.019294 200
-0.428571 -0.904762 0.013136 135
-0.274074 -0.822222 -0.003900 118
-0.400000 -0.800000 -0.044355 141
-0.911111 -0.822222 -0.029293 220
-0.893333 -0.680000 -0.020507 221
-1.000000 -0.733333 0.000000 238
-0.127273 -0.830303 -0.001771 99
-0.200000 -1.000000 0.000000 98
-0.066667 -1.000000 0.000000 75
-0.688889 -0.466667 -0.029080 204
-0.515152 -0.490909 0.018466 182
-0.612121 -0.406061 -0.002667 205
-0.813333 -0.253333 -0.013737 244
-0.900000 -0.300000 0.010295 242
-0.800000 -0.400000 0.005254 226
-0.666667 -0.733333 -0.009465 179
-0.680000 -0.840000 -0.015668 178
-0.523810 -0.809524 0.034353 158
-0.481481 -0.644444 -0.019943 161
-0.666667 -0.733333 -0.009465 179
-0.523810 -0.809524 0.034353 158
-0.777778 -0.644444 0.005238 202
-0.893333 -0.680000 -0.020507 221
-0.786667 -0.760000 0.019294 200
-0.666667 -0.733333 -0.009465 179
-0.777778 -0.644444 0.005238 202
-0.786667 -0.760000 0.019294 200
-0.700000 -0.583333 -0.009260 201
-0.800000 -0.500000 0.021383 223
-0.777778 -0.644444 0.005238 202
-0.800000 -0.500000 0.021383 223
-0.888889 -0.555556 -0.006015 222
-0.777778 -0.644444 0.005238 202
-0.800000 -0.400000 0.005254 226
-0.800000 -0.500000 0.021383 223
-0.688889 -0.466667 -0.029080 204
-0.800000 -0.400000 0.005254 226
-0.900000 -0.416667 -0.012034 240
-0.800000 -0.500000 0.021383 223
-0.786667 -0.760000 0.019294 200
-0.911111 -0.822222 -0.029293 220
-0.800000 -0.866667 -0.012281 199
-1.000000 -0.733333 0.000000 238
-0.893333 -0.680000 -0.020507 221
-1.000000 -0.600000 0.000000 237
-0.600000 -0.600000 0.018074 181
-0.481481 -0.644444 -0.019943 161
-0.515152 -0.490909 0.018466 182
-0.688889 -0.466667 -0.029080 204
-0.600000 -0.600000 0.018074 181
-0.515152 -0.490909 0.018466 182
-0.700000 -0.583333 -0.009260 201
-0.666667 -0.733333 -0.009465 179
-0.600000 -0.600000 0.018074 181
-0.466667 -1.000000 0.000000 134
-0.428571 -0.904762 0.013136 135
-0.555556 -0.911111 -0.005483 157
-0.700000 -0.583333 -0.009260 201
-0.600000 -0.600000 0.018074 181
-0.688889 -0.466667 -0.029080 204
-0.400000 -0.800000 -0.044355 141
-0.481481 -0.644444 -0.019943 161
-0.523810 -0.809524 0.034353 158
-0.555556 -0.911111 -0.005483 157
-0.428571 -0.904762 0.013136 135
-0.523810 -0.809524 0.034353 158
-0.274074 -0.822222 -0.003900 118
-0.346667 -0.720000 0.040261 140
-0.400000 -0.800000 -0.044355 141
-0.049697 -0.364848 -0.021920 121
-0.078788 -0.472727 -0.004896 115
0.066667 -0.466667 -0.012002 101
-0.400000 -0.800000 -0.044355 141
-0.346667 -0.720000 0.040261 140
-0.481481 -0.644444 -0.019943 161
-0.243333 -0.656667 -0.039713 137
-0.185303 -0.743485 -0.007655 117
-0.071111 -0.640000 0.018027 116
-0.274074 -0.822222 -0.003900 118
-0.333333 -1.000000 0.000000 114
-0.200000 -1.000000 0.000000 98
-0.800000 -0.500000 0.021383 223
-0.700000 -0.583333 -0.009260 201
-0.688889 -0.466667 -0.029080 204
-1.000000 -0.466667 0.000000 239
-0.888889 -0.555556 -0.006015 222
-0.900000 -0.416667 -0.012034 240
-0.893333 -0.680000 -0.020507 221
-0.777778 -0.644444 0.005238 202
-0.888889 -0.555556 -0.006015 222
-0.127273 -0.830303 -0.001771 99
-0.066667 -1.000000 0.000000 75
0.066667 -0.866667 -0.000677 76
-0.888889 -0.555556 -0.006015 222
-1.000000 -0.600000 0.000000 237
-0.893333 -0.680000 -0.020507 221
-0.428571 -0.904762 0.013136 135
-0.333333 -1.000000 0.000000 114
-0.274074 -0.822222 -0.003900 118
-0.523810 -0.809524 0.034353 158
-0.428571 -0.904762 0.013136 135
-0.400000 -0.800000 -0.044355 141
-0.466667 -1.000000 0.000000 134
-0.333333 -1.000000 0.000000 114
-0.428571 -0.904762 0.013136 135
0.896296 -0.288889 -0.024423 30
0.745455 -0.224242 0.008217 41
0.833333 -0.400000 -0.006022 29
-0.321061 -0.544697 0.002100 160
-0.398788 -0.432727 -0.020689 174
-0.515152 -0.490909 0.018466 182
-0.346667 -0.720000 0.040261 140
-0.321061 -0.544697 0.002100 160
-0.481481 -0.644444 -0.019943 161
-0.243333 -0.656667 -0.039713 137
-0.147677 -0.559394 0.016548 139
-0.321061 -0.544697 0.002100 160
-0.078788 -0.472727 -0.004896 115
-0.166061 -0.396364 0.020908 136
-0.224242 -0.478788 0.008112 138
0.066667 -0.600000 0.005583 95
-0.078788 -0.472727 -0.004896 115
-0.071111 -0.640000 0.018027 116
-0.049697 -0.364848 -0.021920 121
-0.166061 -0.396364 0.020908 136
-0.078788 -0.472727 -0.004896 115
-0.191919 0.030303 0.313591 183
-0.232323 -0.103030 0.092588 164
-0.139394 -0.052525 0.151988 162
-0.282424 -0.374545 0.009111 159
-0.272727 -0.236364 0.059662 165
-0.385859 -0.292929 -0.015457 180
-0.139394 -0.052525 0.151988 162
-0.046465 -0.123232 0.030578 142
-0.046465 -0.002020 0.044676 163
-0.191919 0.030303 0.313591 183
-0.139394 -0.052525 0.151988 162
-0.046465 -0.002020 0.044676 163
-0.232323 -0.103030 0.092588 164
-0.159596 -0.179798 -0.027897 144
-0.139394 -0.052525 0.151988 162
-0.162828 -0.288081 -0.062621 145
-0.159596 -0.179798 -0.027897 144
-0.272727 -0.236364 0.059662 165
-0.282424 -0.374545 0.009111 159
-0.162828 -0.288081 -0.062621 145
-0.272727 -0.236364 0.059662 165
-0.166061 -0.396364 0.020908 136
-0.049697 -0.364848 -0.021920 121
-0.162828 -0.288081 -0.062621 145
-0.049697 -0.258182 0.051952 122
-0.046465 -0.123232 0.030578 142
-0.159596 -0.179798 -0.027897 144
-0.049697 -0.364848 -0.021920 121
-0.049697 -0.258182 0.051952 122
-0.162828 -0.288081 -0.062621 145
-0.049697 -0.364848 -0.021920 121
0.066667 -0.333333 0.000837 102
-0.049697 -0.258182 0.051952 122
0.416667 -0.900000 -0.022091 21
0.333333 -1.000000 0.000000 22
0.466667 -1.000000 0.000000 13
0.555556 -0.888889 -0.003625 14
0.416667 -0.900000 -0.022091 21
0.466667 -1.000000 0.000000 13
0.400000 -0.800000 0.012028 33
0.253333 -0.813333 -0.011661 52
0.300000 -0.900000 0.010825 34
0.300000 -0.900000 0.010825 34
0.160000 -0.906667 -0.005481 53
0.200000 -1.000000 0.000000 35
0.206667 -0.660000 0.003697 74
0.253333 -0.813333 -0.011661 52
0.346667 -0.720000 0.003052 51
0.160000 -0.773333 0.009541 73
0.066667 -0.866667 -0.000677 76
0.160000 -0.906667 -0.005481 53
0.206667 -0.660000 0.003697 74
0.160000 -0.773333 0.009541 73
0.253333 -0.813333 -0.011661 52
0.066667 -0.733333 -0.015384 96
0.066667 -0.866667 -0.000677 76
0.160000 -0.773333 0.009541 73
0.066667 -0.866667 -0.000677 76
0.066667 -1.000000 0.000000 54
0.160000 -0.906667 -0.005481 53
0.160000 -0.906667 -0.005481 53
0.066667 -1.000000 0.000000 54
0.200000 -1.000000 0.000000 35
-0.346667 -0.720000 0.040261 140
-0.243333 -0.656667 -0.039713 137
-0.321061 -0.544697 0.002100 160
-0.346667 0.720000 -0.013260 252
-0.466667 0.688889 0.001234 265
-0.418182 0.575758 0.008382 251
-0.288889 0.896296 0.012612 253
-0.346667 0.720000 -0.013260 252
-0.224242 0.745455 -0.012490 236
-0.400000 0.800000 -0.003139 264
-0.466667 0.688889 0.001234 265
-0.346667 0.720000 -0.013260 252
-0.288889 0.896296 0.012612 253
-0.400000 0.800000 -0.003139 264
-0.346667 0.720000 -0.013260 252
-0.160000 0.906667 0.008714 235
-0.288889 0.896296 0.012612 253
-0.224242 0.745455 -0.012490 236
-0.333333 1.000000 0.000000 263
-0.428571 0.904762 0.001972 266
-0.288889 0.896296 0.012612 253
-0.428571 0.904762 0.001972 266
-0.523810 0.809524 0.001795 278
-0.400000 0.800000 -0.003139 264
-0.709091 0.224242 -0.000188 259
-0.720000 0.346667 0.006225 267
-0.806061 0.236364 -0.002261 272
-0.476364 -0.364848 0.005961 195
-0.612121 -0.406061 -0.002667 205
-0.515152 -0.490909 0.018466 182
-0.385859 -0.292929 -0.015457 180
-0.476364 -0.364848 0.005961 195
-0.398788 -0.432727 -0.020689 174
-0.447811 -0.187273 -0.004549 186
-0.331987 -0.115152 -0.004344 185
-0.487677 -0.027071 0.066089 208
-0.385859 -0.292929 -0.015457 180
-0.447811 -0.187273 -0.004549 186
-0.563636 -0.259394 -0.004023 203
-0.385859 -0.292929 -0.015457 180
-0.272727 -0.236364 0.059662 165
-0.447811 -0.187273 -0.004549 186
-0.515152 0.418182 0.030000 249
-0.418182 0.446970 0.017652 245
-0.533333 0.533333 -0.010044 258
-0.498990 0.256566 -0.039972 241
-0.515152 0.418182 0.030000 249
-0.612121 0.321212 0.014649 255
-0.398788 0.347879 -0.052559 231
-0.282424 0.277576 0.127407 217
-0.224242 0.375758 0.010958 211
-0.498990 0.256566 -0.039972 241
-0.398788 0.347879 -0.052559 231
-0.515152 0.418182 0.030000 249
-0.498990 0.256566 -0.039972 241
-0.366465 0.202424 0.145079 224
-0.398788 0.347879 -0.052559 231
-0.709091 0.224242 -0.000188 259
-0.579798 0.175758 -0.003767 246
-0.612121 0.321212 0.014649 255
-0.232323 -0.103030 0.092588 164
-0.331987 -0.115152 -0.004344 185
-0.272727 -0.236364 0.059662 165
-0.046465 -0.123232 0.030578 142
-0.139394 -0.052525 0.151988 162
-0.159596 -0.179798 -0.027897 144
-0.291582 0.018182 0.103183 184
-0.391246 0.006061 0.149714 207
-0.331987 -0.115152 -0.004344 185
-0.191919 0.030303 0.313591 183
-0.291582 0.018182 0.103183 184
-0.232323 -0.103030 0.092588 164
-0.191919 0.030303 0.313591 183
-0.272727 0.127273 0.273486 206
-0.291582 0.018182 0.103183 184
-0.069091 0.117576 0.236458 175
-0.191919 0.030303 0.313591 183
-0.046465 -0.002020 0.044676 163
-0.272727 0.127273 0.273486 206
-0.391246 0.006061 0.149714 207
-0.291582 0.018182 0.103183 184
-0.709091 0.224242 -0.000188 259
-0.709091 0.087879 0.020079 248
-0.579798 0.175758 -0.003767 246
-0.563636 -0.259394 -0.004023 203
-0.709091 -0.321212 0.014737 227
-0.612121 -0.406061 -0.002667 205
-0.447811 -0.187273 -0.004549 186
-0.487677 -0.027071 0.066089 208
-0.584108 -0.060202 -0.024275 209
-0.709091 -0.048485 0.005609 230
-0.810909 -0.126465 0.016578 243
-0.650909 -0.153939 -0.002275 225
-0.049697 0.243636 0.174787 176
0.066667 0.200000 -0.112460 155
0.066667 0.333333 -0.083013 169
-0.166061 0.287273 0.196754 197
-0.049697 0.243636 0.174787 176
-0.078788 0.354545 0.004822 189
-0.069091 0.117576 0.236458 175
0.066667 0.200000 -0.112460 155
-0.049697 0.243636 0.174787 176
-0.078788 0.354545 0.004822 189
0.066667 0.333333 -0.083013 169
0.066667 0.466667 -0.015026 171
-0.062626 0.515152 -0.005737 191
-0.078788 0.354545 0.004822 189
0.066667 0.466667 -0.015026 171
0.066667 0.600000 0.026952 192
-0.062626 0.515152 -0.005737 191
0.066667 0.466667 -0.015026 171
-0.191919 0.608081 0.028916 214
-0.208081 0.491919 -0.021964 212
-0.062626 0.515152 -0.005737 191
-0.166061 0.287273 0.196754 197
-0.170909 0.122424 0.443735 196
-0.049697 0.243636 0.174787 176
-0.062626 0.515152 -0.005737 191
-0.208081 0.491919 -0.021964 212
-0.078788 0.354545 0.004822 189
-0.282424 0.277576 0.127407 217
-0.272727 0.127273 0.273486 206
-0.170909 0.122424 0.443735 196
0.477333 0.509333 0.015138 130
0.585185 0.555556 0.015239 111
0.440000 0.626667 -0.013969 131
0.741683 0.030707 -0.024885 59
0.830303 -0.127273 -0.001814 39
0.868485 0.016364 -0.001162 37
0.653064 0.110909 0.043719 63
0.564444 0.191111 -0.009356 87
0.534276 0.073670 -0.016508 86
0.610640 0.000572 0.020993 83
0.653064 0.110909 0.043719 63
0.534276 0.073670 -0.016508 86
0.741683 0.030707 -0.024885 59
0.796364 0.133939 -0.025147 42
0.653064 0.110909 0.043719 63
0.185455 -0.117576 0.006378 120
0.185455 -0.224242 0.047681 112
0.338182 -0.129697 -0.012132 100
0.179798 0.018182 0.088073 132
0.185455 -0.117576 0.006378 120
0.292929 -0.030303 -0.035656 113
0.315556 0.128889 0.021983 127
0.179798 0.018182 0.088073 132
0.292929 -0.030303 -0.035656 113
0.066667 0.066667 -0.080895 154
0.066667 -0.066667 -0.039913 143
0.179798 0.018182 0.088073 132
0.185455 -0.224242 0.047681 112
0.215152 -0.330303 -0.090901 94
0.304242 -0.248485 -0.011372 93
0.066667 -0.200000 -0.020104 119
0.185455 -0.224242 0.047681 112
0.185455 -0.117576 0.006378 120
0.066667 -0.200000 -0.020104 119
0.066667 -0.333333 0.000837 102
0.185455 -0.224242 0.047681 112
0.626667 -0.440000 -0.010897 38
0.666667 -0.600000 -0.004053 25
0.750000 -0.500000 0.012415 28
0.315556 -0.573333 -0.006950 55
0.206667 -0.660000 0.003697 74
0.346667 -0.720000 0.003052 51
0.300000 -0.433333 0.068341 72
0.183333 -0.483333 0.010511 78
0.315556 -0.573333 -0.006950 55
0.522727 -0.428788 0.014298 49
0.406061 -0.378788 0.001213 71
0.416667 -0.516667 -0.034234 50
0.215152 -0.330303 -0.090901 94
0.183333 -0.483333 0.010511 78
0.300000 -0.433333 0.068341 72
0.183333 -0.483333 0.010511 78
0.066667 -0.466667 -0.012002 101
0.066667 -0.600000 0.005583 95
0.416667 -0.516667 -0.034234 50
0.300000 -0.433333 0.068341 72
0.315556 -0.573333 -0.006950 55
0.215152 -0.330303 -0.090901 94
0.066667 -0.333333 0.000837 102
0.183333 -0.483333 0.010511 78
-0.049697 -0.364848 -0.021920 121
0.066667 -0.466667 -0.012002 101
0.066667 -0.333333 0.000837 102
0.066667 -0.200000 -0.020104 119
-0.049697 -0.258182 0.051952 122
0.066667 -0.333333 0.000837 102
-0.185303 -0.743485 -0.007655 117
-0.346667 -0.720000 0.040261 140
-0.274074 -0.822222 -0.003900 118
-0.147677 -0.559394 0.016548 139
-0.243333 -0.656667 -0.039713 137
-0.071111 -0.640000 0.018027 116
-0.224242 -0.478788 0.008112 138
-0.282424 -0.374545 0.009111 159
-0.321061 -0.544697 0.002100 160
0.416667 -0.516667 -0.034234 50
0.315556 -0.573333 -0.006950 55
0.440000 -0.626667 -0.002191 36
0.626667 -0.440000 -0.010897 38
0.750000 -0.500000 0.012415 28
0.660606 -0.321212 0.012202 40
0.632323 -0.175758 -0.023634 62
0.473939 -0.161212 0.029664 84
0.512121 -0.324242 -0.011507 60
0.533333 -0.533333 0.014185 32
0.666667 -0.600000 -0.004053 25
0.626667 -0.440000 -0.010897 38
0.896296 -0.288889 -0.024423 30
1.000000 -0.200000 0.000000 27
0.830303 -0.127273 -0.001814 39
0.792593 0.377778 -0.026374 90
0.800000 0.500000 -0.007439 68
0.700000 0.500000 -0.032498 91
0.900000 0.300000 -0.007469 66
0.904762 0.428571 0.001340 67
0.792593 0.377778 -0.026374 90
0.906667 0.160000 0.002607 44
0.900000 0.300000 -0.007469 66
0.813333 0.253333 -0.017564 65
1.000000 0.333333 0.000000 45
0.904762 0.428571 0.001340 67
0.900000 0.300000 -0.007469 66
0.904762 0.428571 0.001340 67
0.911111 0.555556 -0.005172 70
0.800000 0.500000 -0.007439 68
0.745455 -0.224242 0.008217 41
0.660606 -0.321212 0.012202 40
0.833333 -0.400000 -0.006022 29
0.830303 -0.127273 -0.001814 39
0.745455 -0.224242 0.008217 41
0.896296 -0.288889 -0.024423 30
0.657778 0.331111 0.022205 89
0.813333 0.253333 -0.017564 65
0.792593 0.377778 -0.026374 90
0.539556 0.291556 0.011268 88
0.688889 0.222222 0.009401 64
0.657778 0.331111 0.022205 89
0.402667 0.290667 -0.022208 108
0.440000 0.160000 -0.010520 107
0.539556 0.291556 0.011268 88
0.632323 -0.175758 -0.023634 62
0.687003 -0.072525 0.004226 61
0.542290 -0.080320 0.017209 85
0.440000 0.160000 -0.010520 107
0.534276 0.073670 -0.016508 86
0.564444 0.191111 -0.009356 87
0.440000 0.160000 -0.010520 107
0.315556 0.128889 0.021983 127
0.456970 -0.000606 -0.023517 106
0.688889 0.222222 0.009401 64
0.564444 0.191111 -0.009356 87
0.653064 0.110909 0.043719 63
0.688889 0.222222 0.009401 64
0.796364 0.133939 -0.025147 42
0.813333 0.253333 -0.017564 65
0.160000 0.406667 0.059290 151
0.066667 0.466667 -0.015026 171
0.066667 0.333333 -0.083013 169
0.346667 0.386667 -0.019962 129
0.160000 0.406667 0.059290 151
0.290667 0.296000 0.019226 128
0.160000 0.540000 -0.007449 170
0.170370 0.644444 -0.013686 172
0.066667 0.600000 0.026952 192
0.346667 0.386667 -0.019962 129
0.253333 0.480000 -0.036873 150
0.160000 0.406667 0.059290 151
0.346667 0.553333 0.013939 152
0.170370 0.644444 -0.013686 172
0.160000 0.540000 -0.007449 170
0.687003 -0.072525 0.004226 61
0.745455 -0.224242 0.008217 41
0.830303 -0.127273 -0.001814 39
0.741683 0.030707 -0.024885 59
0.687003 -0.072525 0.004226 61
0.830303 -0.127273 -0.001814 39
0.688889 0.222222 0.009401 64
0.653064 0.110909 0.043719 63
0.796364 0.133939 -0.025147 42
0.687003 -0.072525 0.004226 61
0.632323 -0.175758 -0.023634 62
0.745455 -0.224242 0.008217 41
0.653064 0.110909 0.043719 63
0.610640 0.000572 0.020993 83
0.741683 0.030707 -0.024885 59
0.542290 -0.080320 0.017209 85
0.456970 -0.000606 -0.023517 106
0.473939 -0.161212 0.029664 84
0.632323 -0.175758 -0.023634 62
0.542290 -0.080320 0.017209 85
0.473939 -0.161212 0.029664 84
0.610640 0.000572 0.020993 83
0.456970 -0.000606 -0.023517 106
0.542290 -0.080320 0.017209 85
0.741683 0.030707 -0.024885 59
0.610640 0.000572 0.020993 83
0.687003 -0.072525 0.004226 61
0.534276 0.073670 -0.016508 86
0.456970 -0.000606 -0.023517 106
0.610640 0.000572 0.020993 83
0.687003 -0.072525 0.004226 61
0.610640 0.000572 0.020993 83
0.542290 -0.080320 0.017209 85
0.440000 0.160000 -0.010520 107
0.456970 -0.000606 -0.023517 106
0.534276 0.073670 -0.016508 86
0.292929 -0.030303 -0.035656 113
0.338182 -0.129697 -0.012132 100
0.456970 -0.000606 -0.023517 106
0.522727 -0.428788 0.014298 49
0.416667 -0.516667 -0.034234 50
0.533333 -0.533333 0.014185 32
0.626667 -0.440000 -0.010897 38
0.522727 -0.428788 0.014298 49
0.533333 -0.533333 0.014185 32
0.512121 -0.324242 -0.011507 60
0.423030 -0.272727 0.021165 77
0.406061 -0.378788 0.001213 71
0.338182 -0.129697 -0.012132 100
0.423030 -0.272727 0.021165 77
0.473939 -0.161212 0.029664 84
0.304242 -0.248485 -0.011372 93
0.215152 -0.330303 -0.090901 94
0.300000 -0.433333 0.068341 72
0.473939 -0.161212 0.029664 84
0.423030 -0.272727 0.021165 77
0.512121 -0.324242 -0.011507 60
0.868485 0.016364 -0.001162 37
1.000000 0.066667 0.000000 31
0.906667 0.160000 0.002607 44
0.741683 0.030707 -0.024885 59
0.868485 0.016364 -0.001162 37
0.796364 0.133939 -0.025147 42
0.830303 -0.127273 -0.001814 39
1.000000 -0.066667 0.000000 26
0.868485 0.016364 -0.001162 37
0.440000 0.626667 -0.013969 131
0.500000 0.700000 0.011782 124
0.377778 0.733333 0.020566 147
0.657778 0.331111 0.022205 89
0.792593 0.377778 -0.026374 90
0.626667 0.440000 0.034654 110
0.868485 0.016364 -0.001162 37
0.906667 0.160000 0.002607 44
0.796364 0.133939 -0.025147 42
0.906667 0.160000 0.002607 44
1.000000 0.200000 0.000000 43
0.900000 0.300000 -0.007469 66
0.796364 0.133939 -0.025147 42
0.906667 0.160000 0.002607 44
0.813333 0.253333 -0.017564 65
1.000000 0.066667 0.000000 31
1.000000 0.200000 0.000000 43
0.906667 0.160000 0.002607 44
0.900000 0.300000 -0.007469 66
1.000000 0.200000 0.000000 43
1.000000 0.333333 0.000000 45
0.300000 -0.900000 0.010825 34
0.200000 -1.000000 0.000000 35
0.333333 -1.000000 0.000000 22
1.000000 -1.000000 0.000000 1
1.000000 -0.866667 0.000000 3
0.866667 -1.000000 0.000000 2
0.911111 -0.822222 -0.009233 6
1.000000 -0.733333 0.000000 7
0.900000 -0.700000 -0.010767 11
0.800000 -0.900000 -0.001955 5
0.911111 -0.822222 -0.009233 6
0.760000 -0.786667 -0.001622 10
1.000000 -0.866667 0.000000 3
1.000000 -0.733333 0.000000 7
0.911111 -0.822222 -0.009233 6
0.911111 -0.822222 -0.009233 6
0.866667 -1.000000 0.000000 2
1.000000 -0.866667 0.000000 3
0.900000 -0.700000 -0.010767 11
0.760000 -0.786667 -0.001622 10
0.911111 -0.822222 -0.009233 6
0.911111 -0.555556 -0.035979 18
0.822222 -0.611111 -0.007939 17
0.900000 -0.700000 -0.010767 11
0.666667 -0.600000 -0.004053 25
0.583333 -0.700000 0.009817 23
0.733333 -0.666667 -0.018462 16
0.800000 -0.900000 -0.001955 5
0.733333 -1.000000 0.000000 4
0.866667 -1.000000 0.000000 2
0.911111 -0.822222 -0.009233 6
0.800000 -0.900000 -0.001955 5
0.866667 -1.000000 0.000000 2
0.644444 -0.777778 -0.019051 15
0.583333 -0.700000 0.009817 23
0.500000 -0.800000 0.002170 24
0.760000 -0.786667 -0.001622 10
0.644444 -0.777778 -0.019051 15
0.700000 -0.900000 -0.008155 9
0.760000 -0.786667 -0.001622 10
0.733333 -0.666667 -0.018462 16
0.644444 -0.777778 -0.019051 15
0.900000 -0.700000 -0.010767 11
0.733333 -0.666667 -0.018462 16
0.760000 -0.786667 -0.001622 10
1.000000 -0.600000 0.000000 12
0.900000 -0.700000 -0.010767 11
1.000000 -0.733333 0.000000 7
0.750000 -0.500000 0.012415 28
0.833333 -0.400000 -0.006022 29
0.660606 -0.321212 0.012202 40
0.733333 -0.666667 -0.018462 16
0.822222 -0.611111 -0.007939 17
0.666667 -0.600000 -0.004053 25
0.911111 -0.555556 -0.035979 18
0.833333 -0.400000 -0.006022 29
0.750000 -0.500000 0.012415 28
1.000000 -0.600000 0.000000 12
0.911111 -0.555556 -0.035979 18
0.900000 -0.700000 -0.010767 11
1.000000 -0.600000 0.000000 12
1.000000 -0.466667 0.000000 19
0.911111 -0.555556 -0.035979 18
0.555556 -0.888889 -0.003625 14
0.466667 -1.000000 0.000000 13
0.600000 -1.000000 0.000000 8
0.733333 -0.666667 -0.018462 16
0.583333 -0.700000 0.009817 23
0.644444 -0.777778 -0.019051 15
-0.078788 -0.472727 -0.004896 115
0.066667 -0.600000 0.005583 95
0.066667 -0.466667 -0.012002 101
-0.185303 -0.743485 -0.007655 117
-0.127273 -0.830303 -0.001771 99
-0.030303 -0.781818 -0.001744 97
-0.346667 -0.720000 0.040261 140
-0.185303 -0.743485 -0.007655 117
-0.243333 -0.656667 -0.039713 137
-0.274074 -0.822222 -0.003900 118
-0.127273 -0.830303 -0.001771 99
-0.185303 -0.743485 -0.007655 117
-0.185303 -0.743485 -0.007655 117
-0.030303 -0.781818 -0.001744 97
-0.071111 -0.640000 0.018027 116
0.160000 -0.906667 -0.005481 53
0.253333 -0.813333 -0.011661 52
0.160000 -0.773333 0.009541 73
0.206667 -0.660000 0.003697 74
0.066667 -0.600000 0.005583 95
0.066667 -0.733333 -0.015384 96
0.160000 -0.773333 0.009541 73
0.206667 -0.660000 0.003697 74
0.066667 -0.733333 -0.015384 96
0.346667 -0.720000 0.003052 51
0.440000 -0.626667 -0.002191 36
0.315556 -0.573333 -0.006950 55
0.512121 -0.324242 -0.011507 60
0.522727 -0.428788 0.014298 49
0.626667 -0.440000 -0.010897 38
0.304242 -0.248485 -0.011372 93
0.300000 -0.433333 0.068341 72
0.406061 -0.378788 0.001213 71
0.440000 -0.626667 -0.002191 36
0.533333 -0.533333 0.014185 32
0.416667 -0.516667 -0.034234 50
0.400000 -0.800000 0.012028 33
0.440000 -0.626667 -0.002191 36
0.346667 -0.720000 0.003052 51
0.583333 -0.700000 0.009817 23
0.533333 -0.533333 0.014185 32
0.440000 -0.626667 -0.002191 36
0.400000 -0.800000 0.012028 33
0.500000 -0.800000 0.002170 24
0.440000 -0.626667 -0.002191 36
0.833333 -0.400000 -0.006022 29
0.911111 -0.555556 -0.035979 18
1.000000 -0.466667 0.000000 19
0.700000 -0.900000 -0.008155 9
0.555556 -0.888889 -0.003625 14
0.600000 -1.000000 0.000000 8
0.800000 -0.900000 -0.001955 5
0.700000 -0.900000 -0.008155 9
0.733333 -1.000000 0.000000 4
0.800000 -0.900000 -0.001955 5
0.760000 -0.786667 -0.001622 10
0.700000 -0.900000 -0.008155 9
0.833333 -0.400000 -0.006022 29
1.000000 -0.333333 0.000000 20
0.896296 -0.288889 -0.024423 30
0.733333 -1.000000 0.000000 4
0.700000 -0.900000 -0.008155 9
0.600000 -1.000000 0.000000 8
0.830303 -0.127273 -0.001814 39
1.000000 -0.200000 0.000000 27
1.000000 -0.066667 0.000000 26
1.000000 0.066667 0.000000 31
0.868485 0.016364 -0.001162 37
1.000000 -0.066667 0.000000 26
0.833333 -0.400000 -0.006022 29
1.000000 -0.466667 0.000000 19
1.000000 -0.333333 0.000000 20
0.477333 0.509333 0.015138 130
0.626667 0.440000 0.034654 110
0.585185 0.555556 0.015239 111
0.315556 0.128889 0.021983 127
0.292929 -0.030303 -0.035656 113
0.456970 -0.000606 -0.023517 106
0.402667 0.290667 -0.022208 108
0.315556 0.128889 0.021983 127
0.440000 0.160000 -0.010520 107
0.178667 0.141333 0.013356 133
0.179798 0.018182 0.088073 132
0.315556 0.128889 0.021983 127
0.066667 0.200000 -0.112460 155
0.178667 0.141333 0.013356 133
0.178667 0.248000 -0.008918 149
0.066667 0.066667 -0.080895 154
0.179798 0.018182 0.088073 132
0.178667 0.141333 0.013356 133
0.179798 0.018182 0.088073 132
0.066667 -0.066667 -0.039913 143
0.185455 -0.117576 0.006378 120
0.822222 -0.611111 -0.007939 17
0.733333 -0.666667 -0.018462 16
0.900000 -0.700000 -0.010767 11
0.750000 -0.500000 0.012415 28
0.822222 -0.611111 -0.007939 17
0.911111 -0.555556 -0.035979 18
0.750000 -0.500000 0.012415 28
0.666667 -0.600000 -0.004053 25
0.822222 -0.611111 -0.007939 17
0.644444 -0.777778 -0.019051 15
0.555556 -0.888889 -0.003625 14
0.700000 -0.900000 -0.008155 9
0.533333 -0.533333 0.014185 32
0.583333 -0.700000 0.009817 23
0.666667 -0.600000 -0.004053 25
0.500000 -0.800000 0.002170 24
0.555556 -0.888889 -0.003625 14
0.644444 -0.777778 -0.019051 15
0.440000 -0.626667 -0.002191 36
0.500000 -0.800000 0.002170 24
0.583333 -0.700000 0.009817 23
0.400000 -0.800000 0.012028 33
0.416667 -0.900000 -0.022091 21
0.500000 -0.800000 0.002170 24
0.253333 -0.813333 -0.011661 52
0.400000 -0.800000 0.012028 33
0.346667 -0.720000 0.003052 51
0.416667 -0.900000 -0.022091 21
0.555556 -0.888889 -0.003625 14
0.500000 -0.800000 0.002170 24
1.000000 -0.333333 0.000000 20
1.000000 -0.200000 0.000000 27
0.896296 -0.288889 -0.024423 30
0.300000 -0.900000 0.010825 34
0.253333 -0.813333 -0.011661 52
0.160000 -0.906667 -0.005481 53
0.416667 -0.900000 -0.022091 21
0.300000 -0.900000 0.010825 34
0.333333 -1.000000 0.000000 22
0.416667 -0.900000 -0.022091 21
0.400000 -0.800000 0.012028 33
0.300000 -0.900000 0.010825 34
1.000000 0.866667 0.000000 57
1.000000 1.000000 0.000000 56
0.866667 1.000000 0.000000 79
0.733333 1.000000 0.000000 103
0.600000 1.000000 0.000000 123
0.680000 0.840000 0.012217 105
0.800000 0.900000 0.002640 80
0.911111 0.822222 -0.012042 58
0.866667 1.000000 0.000000 79
0.800000 0.900000 0.002640 80
0.800000 0.800000 0.024223 82
0.911111 0.822222 -0.012042 58
0.733333 1.000000 0.000000 103
0.800000 0.900000 0.002640 80
0.866667 1.000000 0.000000 79
0.733333 1.000000 0.000000 103
0.680000 0.840000 0.012217 105
0.800000 0.900000 0.002640 80
0.733333 0.733333 -0.022196 81
0.714286 0.619048 -0.014422 92
0.893333 0.680000 0.017804 69
0.911111 0.822222 -0.012042 58
1.000000 0.733333 0.000000 46
1.000000 0.866667 0.000000 57
0.866667 1.000000 0.000000 79
0.911111 0.822222 -0.012042 58
1.000000 0.866667 0.000000 57
0.800000 0.800000 0.024223 82
0.893333 0.680000 0.017804 69
0.911111 0.822222 -0.012042 58
0.555556 0.911111 0.032121 125
0.600000 1.000000 0.000000 123
0.466667 1.000000 0.000000 146
0.333333 1.000000 0.000000 166
0.400000 0.833333 -0.001331 148
0.466667 1.000000 0.000000 146
0.523810 0.809524 -0.027514 126
0.600000 0.666667 -0.004217 104
0.680000 0.840000 0.012217 105
0.400000 0.833333 -0.001331 148
0.555556 0.911111 0.032121 125
0.466667 1.000000 0.000000 146
0.500000 0.700000 0.011782 124
0.523810 0.809524 -0.027514 126
0.377778 0.733333 0.020566 147
0.500000 0.700000 0.011782 124
0.600000 0.666667 -0.004217 104
0.523810 0.809524 -0.027514 126
0.893333 0.680000 0.017804 69
1.000000 0.600000 0.000000 48
1.000000 0.733333 0.000000 46
0.333333 1.000000 0.000000 166
0.300000 0.900000 0.038602 168
0.400000 0.833333 -0.001331 148
1.000000 0.466667 0.000000 47
1.000000 0.600000 0.000000 48
0.911111 0.555556 -0.005172 70
-0.533333 0.533333 -0.010044 258
-0.644444 0.481481 -0.007174 262
-0.515152 0.418182 0.030000 249
0.274074 0.688889 0.012978 153
0.170370 0.644444 -0.013686 172
0.346667 0.553333 0.013939 152
0.160000 0.906667 0.013284 188
0.160000 0.773333 0.003969 173
0.253333 0.813333 -0.017437 167
0.066667 0.733333 -0.014883 193
0.066667 0.600000 0.026952 192
0.170370 0.644444 -0.013686 172
0.253333 0.813333 -0.017437 167
0.160000 0.773333 0.003969 173
0.274074 0.688889 0.012978 153
-0.321212 0.475758 0.016513 233
-0.208081 0.491919 -0.021964 212
-0.321212 0.612121 0.006833 234
-0.533333 0.533333 -0.010044 258
-0.418182 0.446970 0.017652 245
-0.418182 0.575758 0.008382 251
-0.398788 0.347879 -0.052559 231
-0.224242 0.375758 0.010958 211
-0.321212 0.475758 0.016513 233
0.657778 0.331111 0.022205 89
0.688889 0.222222 0.009401 64
0.813333 0.253333 -0.017564 65
0.514667 0.392000 -0.009069 109
0.657778 0.331111 0.022205 89
0.626667 0.440000 0.034654 110
0.539556 0.291556 0.011268 88
0.564444 0.191111 -0.009356 87
0.688889 0.222222 0.009401 64
0.514667 0.392000 -0.009069 109
0.539556 0.291556 0.011268 88
0.657778 0.331111 0.022205 89
0.514667 0.392000 -0.009069 109
0.402667 0.290667 -0.022208 108
0.539556 0.291556 0.011268 88
-0.515152 0.418182 0.030000 249
-0.644444 0.481481 -0.007174 262
-0.612121 0.321212 0.014649 255
0.406061 -0.378788 0.001213 71
0.423030 -0.272727 0.021165 77
0.304242 -0.248485 -0.011372 93
0.416667 -0.516667 -0.034234 50
0.406061 -0.378788 0.001213 71
0.300000 -0.433333 0.068341 72
0.522727 -0.428788 0.014298 49
0.512121 -0.324242 -0.011507 60
0.406061 -0.378788 0.001213 71
0.660606 -0.321212 0.012202 40
0.512121 -0.324242 -0.011507 60
0.626667 -0.440000 -0.010897 38
0.660606 -0.321212 0.012202 40
0.632323 -0.175758 -0.023634 62
0.512121 -0.324242 -0.011507 60
-0.291582 0.018182 0.103183 184
-0.331987 -0.115152 -0.004344 185
-0.232323 -0.103030 0.092588 164
-0.579798 0.039394 -0.040699 229
-0.487677 -0.027071 0.066089 208
-0.450505 0.127273 -0.002991 228
-0.579798 0.175758 -0.003767 246
-0.579798 0.039394 -0.040699 229
-0.450505 0.127273 -0.002991 228
-0.709091 -0.048485 0.005609 230
-0.650909 -0.153939 -0.002275 225
-0.584108 -0.060202 -0.024275 209
-0.232323 -0.103030 0.092588 164
-0.272727 -0.236364 0.059662 165
-0.159596 -0.179798 -0.027897 144
-0.487677 -0.027071 0.066089 208
-0.331987 -0.115152 -0.004344 185
-0.391246 0.006061 0.149714 207
-0.450505 0.127273 -0.002991 228
-0.487677 -0.027071 0.066089 208
-0.391246 0.006061 0.149714 207
-0.584108 -0.060202 -0.024275 209
-0.563636 -0.259394 -0.004023 203
-0.447811 -0.187273 -0.004549 186
-0.447811 -0.187273 -0.004549 186
-0.272727 -0.236364 0.059662 165
-0.331987 -0.115152 -0.004344 185
-0.584108 -0.060202 -0.024275 209
-0.650909 -0.153939 -0.002275 225
-0.563636 -0.259394 -0.004023 203
-0.579798 0.039394 -0.040699 229
-0.584108 -0.060202 -0.024275 209
-0.487677 -0.027071 0.066089 208
-0.579798 0.039394 -0.040699 229
-0.709091 -0.048485 0.005609 230
-0.584108 -0.060202 -0.024275 209
-0.398788 -0.432727 -0.020689 174
-0.321061 -0.544697 0.002100 160
-0.282424 -0.374545 0.009111 159
0.178667 0.141333 0.013356 133
0.315556 0.128889 0.021983 127
0.178667 0.248000 -0.008918 149
0.066667 -0.200000 -0.020104 119
0.185455 -0.117576 0.006378 120
0.066667 -0.066667 -0.039913 143
0.338182 -0.129697 -0.012132 100
0.473939 -0.161212 0.029664 84
0.456970 -0.000606 -0.023517 106
0.185455 -0.117576 0.006378 120
0.338182 -0.129697 -0.012132 100
0.292929 -0.030303 -0.035656 113
0.304242 -0.248485 -0.011372 93
0.423030 -0.272727 0.021165 77
0.338182 -0.129697 -0.012132 100
-0.049697 0.243636 0.174787 176
0.066667 0.333333 -0.083013 169
-0.078788 0.354545 0.004822 189
0.183333 -0.483333 0.010511 78
0.066667 -0.600000 0.005583 95
0.206667 -0.660000 0.003697 74
0.585185 0.555556 0.015239 111
0.500000 0.700000 0.011782 124
0.440000 0.626667 -0.013969 131
0.714286 0.619048 -0.014422 92
0.600000 0.666667 -0.004217 104
0.585185 0.555556 0.015239 111
0.893333 0.680000 0.017804 69
0.800000 0.800000 0.024223 82
0.733333 0.733333 -0.022196 81
1.000000 0.600000 0.000000 48
0.893333 0.680000 0.017804 69
0.911111 0.555556 -0.005172 70
1.000000 0.733333 0.000000 46
0.911111 0.822222 -0.012042 58
0.893333 0.680000 0.017804 69
0.680000 0.840000 0.012217 105
0.600000 1.000000 0.000000 123
0.555556 0.911111 0.032121 125
0.680000 0.840000 0.012217 105
0.800000 0.800000 0.024223 82
0.800000 0.900000 0.002640 80
0.523810 0.809524 -0.027514 126
0.680000 0.840000 0.012217 105
0.555556 0.911111 0.032121 125
0.733333 0.733333 -0.022196 81
0.800000 0.800000 0.024223 82
0.680000 0.840000 0.012217 105
0.300000 0.900000 0.038602 168
0.200000 1.000000 0.000000 187
0.160000 0.906667 0.013284 188
0.911111 0.555556 -0.005172 70
0.904762 0.428571 0.001340 67
1.000000 0.466667 0.000000 47
0.160000 0.906667 0.013284 188
0.200000 1.000000 0.000000 187
0.066667 1.000000 0.000000 210
0.900000 0.300000 -0.007469 66
0.792593 0.377778 -0.026374 90
0.813333 0.253333 -0.017564 65
-0.030303 0.903030 0.024452 213
0.066667 1.000000 0.000000 210
-0.066667 1.000000 0.000000 232
0.160000 0.906667 0.013284 188
0.253333 0.813333 -0.017437 167
0.300000 0.900000 0.038602 168
-0.030303 0.903030 0.024452 213
0.066667 0.866667 0.014296 190
0.066667 1.000000 0.000000 210
0.066667 0.866667 0.014296 190
0.160000 0.773333 0.003969 173
0.160000 0.906667 0.013284 188
-0.321212 0.612121 0.006833 234
-0.191919 0.608081 0.028916 214
-0.224242 0.745455 -0.012490 236
0.274074 0.688889 0.012978 153
0.346667 0.553333 0.013939 152
0.440000 0.626667 -0.013969 131
0.253333 0.813333 -0.017437 167
0.274074 0.688889 0.012978 153
0.377778 0.733333 0.020566 147
0.160000 0.540000 -0.007449 170
0.066667 0.600000 0.026952 192
0.066667 0.466667 -0.015026 171
0.160000 0.406667 0.059290 151
0.160000 0.540000 -0.007449 170
0.066667 0.466667 -0.015026 171
0.253333 0.480000 -0.036873 150
0.346667 0.553333 0.013939 152
0.160000 0.540000 -0.007449 170
0.160000 0.773333 0.003969 173
0.170370 0.644444 -0.013686 172
0.274074 0.688889 0.012978 153
0.160000 0.773333 0.003969 173
0.066667 0.733333 -0.014883 193
0.170370 0.644444 -0.013686 172
-0.078788 0.672727 -0.003297 216
-0.191919 0.608081 0.028916 214
-0.062626 0.515152 -0.005737 191
-0.030303 0.769697 -0.020521 194
-0.078788 0.672727 -0.003297 216
0.066667 0.733333 -0.014883 193
0.066667 0.866667 0.014296 190
-0.030303 0.769697 -0.020521 194
0.066667 0.733333 -0.014883 193
-0.127273 0.806061 -0.005118 215
-0.078788 0.672727 -0.003297 216
-0.030303 0.769697 -0.020521 194
-0.127273 0.806061 -0.005118 215
-0.224242 0.745455 -0.012490 236
-0.078788 0.672727 -0.003297 216
0.160000 0.540000 -0.007449 170
0.160000 0.406667 0.059290 151
0.253333 0.480000 -0.036873 150
-0.078788 0.672727 -0.003297 216
-0.062626 0.515152 -0.005737 191
0.066667 0.600000 0.026952 192
0.066667 0.733333 -0.014883 193
-0.078788 0.672727 -0.003297 216
0.066667 0.600000 0.026952 192
-0.224242 0.375758 0.010958 211
-0.208081 0.491919 -0.021964 212
-0.321212 0.475758 0.016513 233
-0.346667 0.720000 -0.013260 252
-0.321212 0.612121 0.006833 234
-0.224242 0.745455 -0.012490 236
-0.418182 0.446970 0.017652 245
-0.515152 0.418182 0.030000 249
-0.398788 0.347879 -0.052559 231
-0.321212 0.475758 0.016513 233
-0.418182 0.446970 0.017652 245
-0.398788 0.347879 -0.052559 231
-0.321212 0.475758 0.016513 233
-0.418182 0.575758 0.008382 251
-0.418182 0.446970 0.017652 245
0.477333 0.509333 0.015138 130
0.514667 0.392000 -0.009069 109
0.626667 0.440000 0.034654 110
0.346667 0.553333 0.013939 152
0.477333 0.509333 0.015138 130
0.440000 0.626667 -0.013969 131
0.346667 0.553333 0.013939 152
0.346667 0.386667 -0.019962 129
0.477333 0.509333 0.015138 130
0.377778 0.733333 0.020566 147
0.274074 0.688889 0.012978 153
0.440000 0.626667 -0.013969 131
0.290667 0.296000 0.019226 128
0.160000 0.406667 0.059290 151
0.178667 0.248000 -0.008918 149
-0.224242 0.375758 0.010958 211
-0.282424 0.277576 0.127407 217
-0.166061 0.287273 0.196754 197
-0.078788 0.354545 0.004822 189
-0.224242 0.375758 0.010958 211
-0.166061 0.287273 0.196754 197
-0.321212 0.475758 0.016513 233
-0.321212 0.612121 0.006833 234
-0.418182 0.575758 0.008382 251
-0.078788 0.354545 0.004822 189
-0.208081 0.491919 -0.021964 212
-0.224242 0.375758 0.010958 211
-0.191919 0.608081 0.028916 214
-0.321212 0.612121 0.006833 234
-0.208081 0.491919 -0.021964 212
0.539556 0.291556 0.011268 88
0.440000 0.160000 -0.010520 107
0.564444 0.191111 -0.009356 87
0.346667 0.386667 -0.019962 129
0.402667 0.290667 -0.022208 108
0.514667 0.392000 -0.009069 109
0.346667 0.386667 -0.019962 129
0.290667 0.296000 0.019226 128
0.402667 0.290667 -0.022208 108
0.402667 0.290667 -0.022208 108
0.290667 0.296000 0.019226 128
0.315556 0.128889 0.021983 127
0.477333 0.509333 0.015138 130
0.346667 0.386667 -0.019962 129
0.514667 0.392000 -0.009069 109
0.346667 0.553333 0.013939 152
0.253333 0.480000 -0.036873 150
0.346667 0.386667 -0.019962 129
0.178667 0.248000 -0.008918 149
0.315556 0.128889 0.021983 127
0.290667 0.296000 0.019226 128
0.066667 0.200000 -0.112460 155
0.178667 0.248000 -0.008918 149
0.066667 0.333333 -0.083013 169
0.066667 0.200000 -0.112460 155
0.066667 0.066667 -0.080895 154
0.178667 0.141333 0.013356 133
0.300000 0.900000 0.038602 168
0.333333 1.000000 0.000000 166
0.200000 1.000000 0.000000 187
0.377778 0.733333 0.020566 147
0.400000 0.833333 -0.001331 148
0.253333 0.813333 -0.017437 167
0.400000 0.833333 -0.001331 148
0.523810 0.809524 -0.027514 126
0.555556 0.911111 0.032121 125
0.253333 0.813333 -0.017437 167
0.400000 0.833333 -0.001331 148
0.300000 0.900000 0.038602 168
0.377778 0.733333 0.020566 147
0.523810 0.809524 -0.027514 126
0.400000 0.833333 -0.001331 148
0.800000 0.500000 -0.007439 68
0.911111 0.555556 -0.005172 70
0.714286 0.619048 -0.014422 92
0.700000 0.500000 -0.032498 91
0.800000 0.500000 -0.007439 68
0.714286 0.619048 -0.014422 92
0.585185 0.555556 0.015239 111
0.700000 0.500000 -0.032498 91
0.714286 0.619048 -0.014422 92
0.626667 0.440000 0.034654 110
0.792593 0.377778 -0.026374 90
0.700000 0.500000 -0.032498 91
0.792593 0.377778 -0.026374 90
0.904762 0.428571 0.001340 67
0.800000 0.500000 -0.007439 68
1.000000 0.466667 0.000000 47
0.904762 0.428571 0.001340 67
1.000000 0.333333 0.000000 45
0.600000 0.666667 -0.004217 104
0.733333 0.733333 -0.022196 81
0.680000 0.840000 0.012217 105
0.585185 0.555556 0.015239 111
0.600000 0.666667 -0.004217 104
0.500000 0.700000 0.011782 124
0.714286 0.619048 -0.014422 92
0.733333 0.733333 -0.022196 81
0.600000 0.666667 -0.004217 104
0.626667 0.440000 0.034654 110
0.700000 0.500000 -0.032498 91
0.585185 0.555556 0.015239 111
0.911111 0.555556 -0.005172 70
0.893333 0.680000 0.017804 69
0.714286 0.619048 -0.014422 92
