-0.507514 0.097964 0.552675 8
-0.809017 -0.587785 0.512821 13
-0.206011 -0.391857 0.571793 12
-0.507514 0.097964 0.552675 8
-1.000000 -0.000000 0.521857 9
-0.809017 -0.587785 0.512821 13
0.333333 -0.000000 0.708771 7
-0.507514 0.097964 0.552675 8
-0.206011 -0.391857 0.571793 12
0.012158 0.475528 0.586472 4
-0.809017 0.587785 0.507616 5
-0.507514 0.097964 0.552675 8
0.333333 -0.000000 0.708771 7
0.012158 0.475528 0.586472 4
-0.507514 0.097964 0.552675 8
0.012158 0.475528 0.586472 4
0.309017 0.951057 0.535642 1
-0.309017 0.951057 0.523691 2
0.012158 0.475528 0.586472 4
0.333333 -0.000000 0.708771 7
0.809017 0.587785 0.619374 3
-0.809017 0.587785 0.507616 5
0.012158 0.475528 0.586472 4
-0.309017 0.951057 0.523691 2
-0.809017 0.587785 0.507616 5
-1.000000 -0.000000 0.521857 9
-0.507514 0.097964 0.552675 8
-0.309017 -0.951057 0.519069 15
0.309017 -0.951057 0.533961 14
-0.206011 -0.391857 0.571793 12
0.321175 -0.475528 0.612030 11
0.809017 -0.587785 0.611854 10
0.333333 -0.000000 0.708771 7
0.333333 -0.000000 0.708771 7
0.809017 -0.587785 0.611854 10
1.000000 0.000000 0.676368 6
0.321175 -0.475528 0.612030 11
-0.206011 -0.391857 0.571793 12
0.309017 -0.951057 0.533961 14
0.809017 -0.587785 0.611854 10
0.321175 -0.475528 0.612030 11
0.309017 -0.951057 0.533961 14
0.333333 -0.000000 0.708771 7
-0.206011 -0.391857 0.571793 12
0.321175 -0.475528 0.612030 11
0.809017 0.587785 0.619374 3
0.333333 -0.000000 0.708771 7
1.000000 0.000000 0.676368 6
0.809017 0.587785 0.619374 3
0.309017 0.951057 0.535642 1
0.012158 0.475528 0.586472 4
-0.809017 -0.587785 0.512821 13
-0.309017 -0.951057 0.519069 15
-0.206011 -0.391857 0.571793 12
