-0.507514 0.097964 0.724381 8
-0.809017 -0.587785 0.690211 13
-0.206011 -0.391857 0.742120 12
-0.507514 0.097964 0.724381 8
-1.000000 -0.000000 0.696727 9
-0.809017 -0.587785 0.690211 13
0.333333 -0.000000 0.849915 7
-0.507514 0.097964 0.724381 8
-0.206011 -0.391857 0.742120 12
0.012158 0.475528 0.756125 4
-0.809017 0.587785 0.685820 5
-0.507514 0.097964 0.724381 8
0.333333 -0.000000 0.849915 7
0.012158 0.475528 0.756125 4
-0.507514 0.097964 0.724381 8
0.012158 0.475528 0.756125 4
0.309017 0.951057 0.723102 1
-0.309017 0.951057 0.702891 2
0.012158 0.475528 0.756125 4
0.333333 -0.000000 0.849915 7
0.809017 0.587785 0.799410 3
-0.809017 0.587785 0.685820 5
0.012158 0.475528 0.756125 4
-0.309017 0.951057 0.702891 2
-0.809017 0.587785 0.685820 5
-1.000000 -0.000000 0.696727 9
-0.507514 0.097964 0.724381 8
-0.309017 -0.951057 0.698035 15
0.309017 -0.951057 0.720155 14
-0.206011 -0.391857 0.742120 12
0.321175 -0.475528 0.781205 11
0.809017 -0.587785 0.794523 10
0.333333 -0.000000 0.849915 7
0.333333 -0.000000 0.849915 7
0.809017 -0.587785 0.794523 10
1.000000 0.000000 0.847259 6
0.321175 -0.475528 0.781205 11
-0.206011 -0.391857 0.742120 12
0.309017 -0.951057 0.720155 14
0.809017 -0.587785 0.794523 10
0.321175 -0.475528 0.781205 11
0.309017 -0.951057 0.720155 14
0.333333 -0.000000 0.849915 7
-0.206011 -0.391857 0.742120 12
0.321175 -0.475528 0.781205 11
0.809017 0.587785 0.799410 3
0.333333 -0.000000 0.849915 7
1.000000 0.000000 0.847259 6
0.809017 0.587785 0.799410 3
0.309017 0.951057 0.723102 1
0.012158 0.475528 0.756125 4
-0.809017 -0.587785 0.690211 13
-0.309017 -0.951057 0.698035 15
-0.206011 -0.391857 0.742120 12
