-1.000000 1.000000 0.000000 298
-1.000000 0.866667 0.000000 296
-0.866667 1.000000 0.000000 297
-0.840000 0.680000 -0.000063 285
-0.911111 0.822222 0.000029 294
-1.000000 0.733333 0.000000 292
-0.680000 0.893333 -0.000001 287
-0.800000 0.800000 0.000028 288
-0.666667 0.733333 0.000008 280
-0.680000 0.893333 -0.000001 287
-0.733333 1.000000 0.000000 295
-0.822222 0.911111 -0.000048 293
-0.911111 0.822222 0.000029 294
-0.800000 0.800000 0.000028 288
-0.822222 0.911111 -0.000048 293
-1.000000 0.733333 0.000000 292
-0.911111 0.822222 0.000029 294
-1.000000 0.866667 0.000000 296
-0.840000 0.680000 -0.000063 285
-1.000000 0.600000 0.000000 289
-0.888889 0.555556 0.000158 284
-1.000000 0.866667 0.000000 296
-0.911111 0.822222 0.000029 294
-0.866667 1.000000 0.000000 297
-0.700000 0.583333 0.000036 276
-0.800000 0.500000 -0.000008 275
-0.644444 0.481481 -0.000002 262
-0.666667 0.733333 0.000008 280
-0.700000 0.583333 0.000036 276
-0.600000 0.600000 -0.000026 269
-0.840000 0.680000 -0.000063 285
-0.800000 0.500000 -0.000008 275
-0.700000 0.583333 0.000036 276
-1.000000 0.733333 0.000000 292
-1.000000 0.600000 0.000000 289
-0.840000 0.680000 -0.000063 285
-1.000000 0.600000 0.000000 289
-1.000000 0.466667 0.000000 291
-0.888889 0.555556 0.000158 284
-0.566667 0.711111 0.000024 270
-0.466667 0.688889 0.000007 265
-0.523810 0.809524 -0.000012 278
-0.600000 0.600000 -0.000026 269
-0.566667 0.711111 0.000024 270
-0.666667 0.733333 0.000008 280
-0.600000 0.600000 -0.000026 269
-0.466667 0.688889 0.000007 265
-0.566667 0.711111 0.000024 270
-0.666667 0.733333 0.000008 280
-0.840000 0.680000 -0.000063 285
-0.700000 0.583333 0.000036 276
-0.840000 0.680000 -0.000063 285
-0.666667 0.733333 0.000008 280
-0.800000 0.800000 0.000028 288
-0.911111 0.822222 0.000029 294
-0.840000 0.680000 -0.000063 285
-0.800000 0.800000 0.000028 288
-0.888889 0.555556 0.000158 284
-0.800000 0.500000 -0.000008 275
-0.840000 0.680000 -0.000063 285
-1.000000 0.466667 0.000000 291
-0.900000 0.416667 -0.000246 283
-0.888889 0.555556 0.000158 284
-0.800000 0.400000 0.000081 274
-0.644444 0.481481 -0.000002 262
-0.800000 0.500000 -0.000008 275
-0.680000 0.893333 -0.000001 287
-0.600000 1.000000 0.000000 286
-0.733333 1.000000 0.000000 295
-0.888889 0.555556 0.000158 284
-0.900000 0.416667 -0.000246 283
-0.800000 0.500000 -0.000008 275
-0.428571 0.904762 -0.000001 266
-0.333333 1.000000 0.000000 263
-0.466667 1.000000 0.000000 277
-0.555556 0.911111 0.000008 279
-0.428571 0.904762 -0.000001 266
-0.466667 1.000000 0.000000 277
-0.400000 0.800000 0.000014 264
-0.288889 0.896296 -0.000021 253
-0.428571 0.904762 -0.000001 266
-0.600000 1.000000 0.000000 286
-0.555556 0.911111 0.000008 279
-0.466667 1.000000 0.000000 277
-0.900000 0.300000 0.000422 282
-1.000000 0.333333 0.000000 290
-1.000000 0.200000 0.000000 281
-0.800000 0.400000 0.000081 274
-0.900000 0.300000 0.000422 282
-0.806061 0.236364 -0.000421 272
-0.900000 0.416667 -0.000246 283
-1.000000 0.466667 0.000000 291
-1.000000 0.333333 0.000000 290
-0.800000 0.400000 0.000081 274
-0.900000 0.416667 -0.000246 283
-0.900000 0.300000 0.000422 282
-0.800000 0.400000 0.000081 274
-0.800000 0.500000 -0.000008 275
-0.900000 0.416667 -0.000246 283
-0.555556 0.911111 0.000008 279
-0.523810 0.809524 -0.000012 278
-0.428571 0.904762 -0.000001 266
-0.906667 0.160000 -0.000418 273
-0.900000 0.300000 0.000422 282
-1.000000 0.200000 0.000000 281
-1.000000 0.066667 0.000000 271
-0.906667 0.160000 -0.000418 273
-1.000000 0.200000 0.000000 281
-0.680000 0.893333 -0.000001 287
-0.555556 0.911111 0.000008 279
-0.600000 1.000000 0.000000 286
-0.822222 0.911111 -0.000048 293
-0.800000 0.800000 0.000028 288
-0.680000 0.893333 -0.000001 287
-0.866667 1.000000 0.000000 297
-0.822222 0.911111 -0.000048 293
-0.733333 1.000000 0.000000 295
-0.866667 1.000000 0.000000 297
-0.911111 0.822222 0.000029 294
-0.822222 0.911111 -0.000048 293
-0.666667 0.733333 0.000008 280
-0.523810 0.809524 -0.000012 278
-0.680000 0.893333 -0.000001 287
-0.533333 0.533333 0.000052 258
-0.600000 0.600000 -0.000026 269
-0.644444 0.481481 -0.000002 262
-0.720000 0.346667 -0.000244 267
-0.612121 0.321212 0.000365 255
-0.644444 0.481481 -0.000002 262
-0.418182 0.575758 -0.000153 251
-0.466667 0.688889 0.000007 265
-0.533333 0.533333 0.000052 258
-0.523810 0.809524 -0.000012 278
-0.555556 0.911111 0.000008 279
-0.680000 0.893333 -0.000001 287
-0.566667 0.711111 0.000024 270
-0.523810 0.809524 -0.000012 278
-0.666667 0.733333 0.000008 280
-0.466667 0.688889 0.000007 265
-0.400000 0.800000 0.000014 264
-0.523810 0.809524 -0.000012 278
-0.533333 0.533333 0.000052 258
-0.466667 0.688889 0.000007 265
-0.600000 0.600000 -0.000026 269
-0.418182 0.575758 -0.000153 251
-0.321212 0.612121 -0.000009 234
-0.346667 0.720000 0.000050 252
-0.903030 0.030303 0.000374 260
-0.806061 0.127273 0.000573 261
-0.906667 0.160000 -0.000418 273
-1.000000 -0.066667 0.000000 268
-0.903030 0.030303 0.000374 260
-1.000000 0.066667 0.000000 271
-1.000000 -0.066667 0.000000 268
-0.903030 -0.151515 -0.000195 257
-0.903030 0.030303 0.000374 260
-1.000000 -0.200000 0.000000 256
-0.903030 -0.151515 -0.000195 257
-1.000000 -0.066667 0.000000 268
-0.810909 -0.126465 0.001152 243
-0.709091 -0.048485 -0.000189 230
-0.808485 0.000404 -0.000601 247
-0.813333 -0.253333 -0.001187 244
-0.810909 -0.126465 0.001152 243
-0.903030 -0.151515 -0.000195 257
-0.813333 -0.253333 -0.001187 244
-0.709091 -0.321212 0.002853 227
-0.650909 -0.153939 -0.000307 225
-1.000000 -0.200000 0.000000 256
-1.000000 -0.333333 0.000000 254
-0.900000 -0.300000 0.000788 242
0.183333 -0.483333 0.061503 78
0.066667 -0.333333 -0.035770 102
0.066667 -0.466667 -0.028459 101
0.206667 -0.660000 -0.008477 74
0.315556 -0.573333 -0.011043 55
0.183333 -0.483333 0.061503 78
0.304242 -0.248485 0.012854 93
0.338182 -0.129697 0.021348 100
0.185455 -0.224242 0.198795 112
0.745455 -0.224242 0.020579 41
0.632323 -0.175758 -0.043568 62
0.660606 -0.321212 0.006380 40
0.185455 -0.224242 0.198795 112
0.066667 -0.333333 -0.035770 102
0.215152 -0.330303 -0.138485 94
-0.282424 -0.374545 0.010986 159
-0.385859 -0.292929 -0.002213 180
-0.398788 -0.432727 -0.008665 174
-0.166061 -0.396364 -0.052270 136
-0.282424 -0.374545 0.010986 159
-0.224242 -0.478788 0.020357 138
-0.166061 -0.396364 -0.052270 136
-0.162828 -0.288081 0.005745 145
-0.282424 -0.374545 0.010986 159
-0.147677 -0.559394 -0.020161 139
-0.078788 -0.472727 0.019411 115
-0.224242 -0.478788 0.020357 138
-0.321061 -0.544697 0.003288 160
-0.147677 -0.559394 -0.020161 139
-0.224242 -0.478788 0.020357 138
-0.071111 -0.640000 0.013372 116
-0.078788 -0.472727 0.019411 115
-0.147677 -0.559394 -0.020161 139
-0.049697 -0.258182 -0.027322 122
-0.159596 -0.179798 0.016665 144
-0.162828 -0.288081 0.005745 145
0.066667 0.066667 0.160804 154
-0.069091 0.117576 0.006122 175
-0.046465 -0.002020 -0.000669 163
-0.366465 0.202424 -0.000581 224
-0.498990 0.256566 0.000001 241
-0.450505 0.127273 0.001582 228
-0.272727 0.127273 -0.000510 206
-0.366465 0.202424 -0.000581 224
-0.450505 0.127273 0.001582 228
-0.282424 0.277576 0.000884 217
-0.398788 0.347879 0.000139 231
-0.366465 0.202424 -0.000581 224
0.066667 -0.066667 -0.055474 143
-0.046465 -0.123232 -0.003400 142
0.066667 -0.200000 0.061838 119
-0.288889 0.896296 -0.000021 253
-0.200000 1.000000 0.000000 250
-0.333333 1.000000 0.000000 263
-0.900000 -0.300000 0.000788 242
-0.813333 -0.253333 -0.001187 244
-0.903030 -0.151515 -0.000195 257
-0.900000 -0.416667 0.000202 240
-0.900000 -0.300000 0.000788 242
-1.000000 -0.333333 0.000000 254
-0.900000 -0.416667 0.000202 240
-0.800000 -0.400000 -0.001277 226
-0.900000 -0.300000 0.000788 242
-1.000000 -0.600000 0.000000 237
-0.888889 -0.555556 -0.000589 222
-1.000000 -0.466667 0.000000 239
-0.800000 -0.400000 -0.001277 226
-0.709091 -0.321212 0.002853 227
-0.813333 -0.253333 -0.001187 244
-0.888889 -0.555556 -0.000589 222
-0.800000 -0.500000 0.001274 223
-0.900000 -0.416667 0.000202 240
-0.688889 -0.466667 -0.000839 204
-0.709091 -0.321212 0.002853 227
-0.800000 -0.400000 -0.001277 226
-0.127273 0.806061 0.000083 215
-0.160000 0.906667 -0.000019 235
-0.224242 0.745455 0.000003 236
0.066667 0.866667 -0.000665 190
-0.030303 0.903030 -0.000267 213
-0.030303 0.769697 0.000621 194
0.160000 0.773333 -0.001984 173
0.066667 0.866667 -0.000665 190
0.066667 0.733333 0.002565 193
0.160000 0.906667 0.000841 188
0.066667 1.000000 0.000000 210
0.066667 0.866667 -0.000665 190
-0.066667 1.000000 0.000000 232
-0.160000 0.906667 -0.000019 235
-0.030303 0.903030 -0.000267 213
-0.160000 0.906667 -0.000019 235
-0.200000 1.000000 0.000000 250
-0.288889 0.896296 -0.000021 253
-0.127273 0.806061 0.000083 215
-0.030303 0.903030 -0.000267 213
-0.160000 0.906667 -0.000019 235
-0.191919 0.608081 0.000125 214
-0.078788 0.672727 -0.000015 216
-0.224242 0.745455 0.000003 236
-0.030303 0.769697 0.000621 194
-0.030303 0.903030 -0.000267 213
-0.127273 0.806061 0.000083 215
-0.066667 1.000000 0.000000 232
-0.200000 1.000000 0.000000 250
-0.160000 0.906667 -0.000019 235
-0.906667 0.160000 -0.000418 273
-0.806061 0.236364 -0.000421 272
-0.900000 0.300000 0.000422 282
-0.808485 0.000404 -0.000601 247
-0.903030 -0.151515 -0.000195 257
-0.810909 -0.126465 0.001152 243
-0.700000 0.583333 0.000036 276
-0.644444 0.481481 -0.000002 262
-0.600000 0.600000 -0.000026 269
-1.000000 0.333333 0.000000 290
-0.900000 0.300000 0.000422 282
-0.900000 0.416667 -0.000246 283
-0.720000 0.346667 -0.000244 267
-0.644444 0.481481 -0.000002 262
-0.800000 0.400000 0.000081 274
-0.806061 0.236364 -0.000421 272
-0.720000 0.346667 -0.000244 267
-0.800000 0.400000 0.000081 274
-1.000000 0.066667 0.000000 271
-0.903030 0.030303 0.000374 260
-0.906667 0.160000 -0.000418 273
-0.709091 0.224242 0.000682 259
-0.612121 0.321212 0.000365 255
-0.720000 0.346667 -0.000244 267
-0.806061 0.127273 0.000573 261
-0.709091 0.224242 0.000682 259
-0.806061 0.236364 -0.000421 272
-0.563636 -0.259394 -0.001850 203
-0.650909 -0.153939 -0.000307 225
-0.709091 -0.321212 0.002853 227
-0.476364 -0.364848 0.006246 195
-0.563636 -0.259394 -0.001850 203
-0.612121 -0.406061 -0.003156 205
-0.476364 -0.364848 0.006246 195
-0.385859 -0.292929 -0.002213 180
-0.563636 -0.259394 -0.001850 203
-0.579798 0.175758 -0.001525 246
-0.709091 0.087879 -0.000540 248
-0.579798 0.039394 0.002115 229
-0.806061 0.127273 0.000573 261
-0.709091 0.087879 -0.000540 248
-0.709091 0.224242 0.000682 259
-0.806061 0.127273 0.000573 261
-0.808485 0.000404 -0.000601 247
-0.709091 0.087879 -0.000540 248
-0.808485 0.000404 -0.000601 247
-0.903030 0.030303 0.000374 260
-0.903030 -0.151515 -0.000195 257
-0.709091 0.087879 -0.000540 248
-0.808485 0.000404 -0.000601 247
-0.709091 -0.048485 -0.000189 230
-0.806061 0.127273 0.000573 261
-0.903030 0.030303 0.000374 260
-0.808485 0.000404 -0.000601 247
-0.321061 -0.544697 0.003288 160
-0.515152 -0.490909 0.000843 182
-0.481481 -0.644444 -0.002819 161
0.066667 -0.200000 0.061838 119
-0.046465 -0.123232 -0.003400 142
-0.049697 -0.258182 -0.027322 122
-0.476364 -0.364848 0.006246 195
-0.515152 -0.490909 0.000843 182
-0.398788 -0.432727 -0.008665 174
-0.579798 0.175758 -0.001525 246
-0.498990 0.256566 0.000001 241
-0.612121 0.321212 0.000365 255
-0.709091 -0.048485 -0.000189 230
-0.579798 0.039394 0.002115 229
-0.709091 0.087879 -0.000540 248
-0.450505 0.127273 0.001582 228
-0.498990 0.256566 0.000001 241
-0.579798 0.175758 -0.001525 246
-0.709091 -0.321212 0.002853 227
-0.688889 -0.466667 -0.000839 204
-0.612121 -0.406061 -0.003156 205
-0.900000 -0.416667 0.000202 240
-1.000000 -0.333333 0.000000 254
-1.000000 -0.466667 0.000000 239
-0.650909 -0.153939 -0.000307 225
-0.810909 -0.126465 0.001152 243
-0.813333 -0.253333 -0.001187 244
-0.046465 -0.002020 -0.000669 163
-0.046465 -0.123232 -0.003400 142
0.066667 -0.066667 -0.055474 143
0.066667 0.066667 0.160804 154
-0.046465 -0.002020 -0.000669 163
0.066667 -0.066667 -0.055474 143
-0.170909 0.122424 -0.004633 196
-0.166061 0.287273 -0.000888 197
-0.282424 0.277576 0.000884 217
0.066667 0.200000 0.246454 155
-0.069091 0.117576 0.006122 175
0.066667 0.066667 0.160804 154
-0.272727 0.127273 -0.000510 206
-0.450505 0.127273 0.001582 228
-0.391246 0.006061 -0.000524 207
-0.170909 0.122424 -0.004633 196
-0.272727 0.127273 -0.000510 206
-0.191919 0.030303 0.000175 183
-0.069091 0.117576 0.006122 175
-0.170909 0.122424 -0.004633 196
-0.191919 0.030303 0.000175 183
-0.069091 0.117576 0.006122 175
-0.049697 0.243636 0.021185 176
-0.170909 0.122424 -0.004633 196
-0.282424 0.277576 0.000884 217
-0.366465 0.202424 -0.000581 224
-0.272727 0.127273 -0.000510 206
-0.806061 0.236364 -0.000421 272
-0.906667 0.160000 -0.000418 273
-0.806061 0.127273 0.000573 261
-0.903030 -0.151515 -0.000195 257
-1.000000 -0.200000 0.000000 256
-0.900000 -0.300000 0.000788 242
-0.030303 -0.781818 -0.010247 97
0.066667 -0.866667 -0.004681 76
0.066667 -0.733333 0.009000 96
-0.071111 -0.640000 0.013372 116
-0.030303 -0.781818 -0.010247 97
0.066667 -0.733333 0.009000 96
-0.127273 -0.830303 0.006695 99
0.066667 -0.866667 -0.004681 76
-0.030303 -0.781818 -0.010247 97
0.066667 -0.600000 -0.032927 95
-0.071111 -0.640000 0.013372 116
0.066667 -0.733333 0.009000 96
-0.274074 -0.822222 -0.005550 118
-0.200000 -1.000000 0.000000 98
-0.127273 -0.830303 0.006695 99
0.066667 -1.000000 0.000000 54
0.066667 -0.866667 -0.004681 76
-0.066667 -1.000000 0.000000 75
0.178667 0.248000 0.317231 149
0.160000 0.406667 0.043290 151
0.066667 0.333333 0.075915 169
-1.000000 -1.000000 0.000000 218
-0.866667 -1.000000 0.000000 198
-1.000000 -0.866667 0.000000 219
-0.911111 -0.822222 0.001522 220
-1.000000 -0.866667 0.000000 219
-0.866667 -1.000000 0.000000 198
-0.800000 -0.866667 -0.000962 199
-0.866667 -1.000000 0.000000 198
-0.733333 -1.000000 0.000000 177
-0.680000 -0.840000 0.001625 178
-0.600000 -1.000000 0.000000 156
-0.555556 -0.911111 -0.002801 157
-0.680000 -0.840000 0.001625 178
-0.733333 -1.000000 0.000000 177
-0.600000 -1.000000 0.000000 156
-0.800000 -0.866667 -0.000962 199
-0.911111 -0.822222 0.001522 220
-0.866667 -1.000000 0.000000 198
-0.680000 -0.840000 0.001625 178
-0.800000 -0.866667 -0.000962 199
-0.733333 -1.000000 0.000000 177
-0.680000 -0.840000 0.001625 178
-0.666667 -0.733333 0.001039 179
-0.786667 -0.760000 -0.001204 200
-0.523810 -0.809524 -0.000059 158
-0.680000 -0.840000 0.001625 178
-0.555556 -0.911111 -0.002801 157
-0.666667 -0.733333 0.001039 179
-0.481481 -0.644444 -0.002819 161
-0.600000 -0.600000 0.001397 181
-1.000000 -0.733333 0.000000 238
-1.000000 -0.866667 0.000000 219
-0.911111 -0.822222 0.001522 220
-0.600000 -1.000000 0.000000 156
-0.466667 -1.000000 0.000000 134
-0.555556 -0.911111 -0.002801 157
-0.786667 -0.760000 -0.001204 200
-0.800000 -0.866667 -0.000962 199
-0.680000 -0.840000 0.001625 178
-0.700000 -0.583333 -0.002111 201
-0.777778 -0.644444 0.000792 202
-0.666667 -0.733333 0.001039 179
-0.893333 -0.680000 -0.000547 221
-0.911111 -0.822222 0.001522 220
-0.786667 -0.760000 -0.001204 200
-0.428571 -0.904762 0.003874 135
-0.274074 -0.822222 -0.005550 118
-0.400000 -0.800000 -0.001156 141
-0.911111 -0.822222 0.001522 220
-0.893333 -0.680000 -0.000547 221
-1.000000 -0.733333 0.000000 238
-0.127273 -0.830303 0.006695 99
-0.200000 -1.000000 0.000000 98
-0.066667 -1.000000 0.000000 75
-0.688889 -0.466667 -0.000839 204
-0.515152 -0.490909 0.000843 182
-0.612121 -0.406061 -0.003156 205
-0.813333 -0.253333 -0.001187 244
-0.900000 -0.300000 0.000788 242
-0.800000 -0.400000 -0.001277 226
-0.666667 -0.733333 0.001039 179
-0.680000 -0.840000 0.001625 178
-0.523810 -0.809524 -0.000059 158
-0.481481 -0.644444 -0.002819 161
-0.666667 -0.733333 0.001039 179
-0.523810 -0.809524 -0.000059 158
-0.777778 -0.644444 0.000792 202
-0.893333 -0.680000 -0.000547 221
-0.786667 -0.760000 -0.001204 200
-0.666667 -0.733333 0.001039 179
-0.777778 -0.644444 0.000792 202
-0.786667 -0.760000 -0.001204 200
-0.700000 -0.583333 -0.002111 201
-0.800000 -0.500000 0.001274 223
-0.777778 -0.644444 0.000792 202
-0.800000 -0.500000 0.001274 223
-0.888889 -0.555556 -0.000589 222
-0.777778 -0.644444 0.000792 202
-0.800000 -0.400000 -0.001277 226
-0.800000 -0.500000 0.001274 223
-0.688889 -0.466667 -0.000839 204
-0.800000 -0.400000 -0.001277 226
-0.900000 -0.416667 0.000202 240
-0.800000 -0.500000 0.001274 223
-0.786667 -0.760000 -0.001204 200
-0.911111 -0.822222 0.001522 220
-0.800000 -0.866667 -0.000962 199
-1.000000 -0.733333 0.000000 238
-0.893333 -0.680000 -0.000547 221
-1.000000 -0.600000 0.000000 237
-0.600000 -0.600000 0.001397 181
-0.481481 -0.644444 -0.002819 161
-0.515152 -0.490909 0.000843 182
-0.688889 -0.466667 -0.000839 204
-0.600000 -0.600000 0.001397 181
-0.515152 -0.490909 0.000843 182
-0.700000 -0.583333 -0.002111 201
-0.666667 -0.733333 0.001039 179
-0.600000 -0.600000 0.001397 181
-0.466667 -1.000000 0.000000 134
-0.428571 -0.904762 0.003874 135
-0.555556 -0.911111 -0.002801 157
-0.700000 -0.583333 -0.002111 201
-0.600000 -0.600000 0.001397 181
-0.688889 -0.466667 -0.000839 204
-0.400000 -0.800000 -0.001156 141
-0.481481 -0.644444 -0.002819 161
-0.523810 -0.809524 -0.000059 158
-0.555556 -0.911111 -0.002801 157
-0.428571 -0.904762 0.003874 135
-0.523810 -0.809524 -0.000059 158
-0.274074 -0.822222 -0.005550 118
-0.346667 -0.720000 0.004538 140
-0.400000 -0.800000 -0.001156 141
-0.049697 -0.364848 0.045866 121
-0.078788 -0.472727 0.019411 115
0.066667 -0.466667 -0.028459 101
-0.400000 -0.800000 -0.001156 141
-0.346667 -0.720000 0.004538 140
-0.481481 -0.644444 -0.002819 161
-0.243333 -0.656667 -0.005316 137
-0.185303 -0.743485 0.001928 117
-0.071111 -0.640000 0.013372 116
-0.274074 -0.822222 -0.005550 118
-0.333333 -1.000000 0.000000 114
-0.200000 -1.000000 0.000000 98
-0.800000 -0.500000 0.001274 223
-0.700000 -0.583333 -0.002111 201
-0.688889 -0.466667 -0.000839 204
-1.000000 -0.466667 0.000000 239
-0.888889 -0.555556 -0.000589 222
-0.900000 -0.416667 0.000202 240
-0.893333 -0.680000 -0.000547 221
-0.777778 -0.644444 0.000792 202
-0.888889 -0.555556 -0.000589 222
-0.127273 -0.830303 0.006695 99
-0.066667 -1.000000 0.000000 75
0.066667 -0.866667 -0.004681 76
-0.888889 -0.555556 -0.000589 222
-1.000000 -0.600000 0.000000 237
-0.893333 -0.680000 -0.000547 221
-0.428571 -0.904762 0.003874 135
-0.333333 -1.000000 0.000000 114
-0.274074 -0.822222 -0.005550 118
-0.523810 -0.809524 -0.000059 158
-0.428571 -0.904762 0.003874 135
-0.400000 -0.800000 -0.001156 141
-0.466667 -1.000000 0.000000 134
-0.333333 -1.000000 0.000000 114
-0.428571 -0.904762 0.003874 135
0.896296 -0.288889 -0.016729 30
0.745455 -0.224242 0.020579 41
0.833333 -0.400000 0.000317 29
-0.321061 -0.544697 0.003288 160
-0.398788 -0.432727 -0.008665 174
-0.515152 -0.490909 0.000843 182
-0.346667 -0.720000 0.004538 140
-0.321061 -0.544697 0.003288 160
-0.481481 -0.644444 -0.002819 161
-0.243333 -0.656667 -0.005316 137
-0.147677 -0.559394 -0.020161 139
-0.321061 -0.544697 0.003288 160
-0.078788 -0.472727 0.019411 115
-0.166061 -0.396364 -0.052270 136
-0.224242 -0.478788 0.020357 138
0.066667 -0.600000 -0.032927 95
-0.078788 -0.472727 0.019411 115
-0.071111 -0.640000 0.013372 116
-0.049697 -0.364848 0.045866 121
-0.166061 -0.396364 -0.052270 136
-0.078788 -0.472727 0.019411 115
-0.191919 0.030303 0.000175 183
-0.232323 -0.103030 -0.005513 164
-0.139394 -0.052525 -0.004057 162
-0.282424 -0.374545 0.010986 159
-0.272727 -0.236364 -0.009757 165
-0.385859 -0.292929 -0.002213 180
-0.139394 -0.052525 -0.004057 162
-0.046465 -0.123232 -0.003400 142
-0.046465 -0.002020 -0.000669 163
-0.191919 0.030303 0.000175 183
-0.139394 -0.052525 -0.004057 162
-0.046465 -0.002020 -0.000669 163
-0.232323 -0.103030 -0.005513 164
-0.159596 -0.179798 0.016665 144
-0.139394 -0.052525 -0.004057 162
-0.162828 -0.288081 0.005745 145
-0.159596 -0.179798 0.016665 144
-0.272727 -0.236364 -0.009757 165
-0.282424 -0.374545 0.010986 159
-0.162828 -0.288081 0.005745 145
-0.272727 -0.236364 -0.009757 165
-0.166061 -0.396364 -0.052270 136
-0.049697 -0.364848 0.045866 121
-0.162828 -0.288081 0.005745 145
-0.049697 -0.258182 -0.027322 122
-0.046465 -0.123232 -0.003400 142
-0.159596 -0.179798 0.016665 144
-0.049697 -0.364848 0.045866 121
-0.049697 -0.258182 -0.027322 122
-0.162828 -0.288081 0.005745 145
-0.049697 -0.364848 0.045866 121
0.066667 -0.333333 -0.035770 102
-0.049697 -0.258182 -0.027322 122
0.416667 -0.900000 -0.005642 21
0.333333 -1.000000 0.000000 22
0.466667 -1.000000 0.000000 13
0.555556 -0.888889 -0.001931 14
0.416667 -0.900000 -0.005642 21
0.466667 -1.000000 0.000000 13
0.400000 -0.800000 0.004662 33
0.253333 -0.813333 0.006788 52
0.300000 -0.900000 -0.004906 34
0.300000 -0.900000 -0.004906 34
0.160000 -0.906667 -0.005919 53
0.200000 -1.000000 0.000000 35
0.206667 -0.660000 -0.008477 74
0.253333 -0.813333 0.006788 52
0.346667 -0.720000 -0.000663 51
0.160000 -0.773333 0.011646 73
0.066667 -0.866667 -0.004681 76
0.160000 -0.906667 -0.005919 53
0.206667 -0.660000 -0.008477 74
0.160000 -0.773333 0.011646 73
0.253333 -0.813333 0.006788 52
0.066667 -0.733333 0.009000 96
0.066667 -0.866667 -0.004681 76
0.160000 -0.773333 0.011646 73
0.066667 -0.866667 -0.004681 76
0.066667 -1.000000 0.000000 54
0.160000 -0.906667 -0.005919 53
0.160000 -0.906667 -0.005919 53
0.066667 -1.000000 0.000000 54
0.200000 -1.000000 0.000000 35
-0.346667 -0.720000 0.004538 140
-0.243333 -0.656667 -0.005316 137
-0.321061 -0.544697 0.003288 160
-0.346667 0.720000 0.000050 252
-0.466667 0.688889 0.000007 265
-0.418182 0.575758 -0.000153 251
-0.288889 0.896296 -0.000021 253
-0.346667 0.720000 0.000050 252
-0.224242 0.745455 0.000003 236
-0.400000 0.800000 0.000014 264
-0.466667 0.688889 0.000007 265
-0.346667 0.720000 0.000050 252
-0.288889 0.896296 -0.000021 253
-0.400000 0.800000 0.000014 264
-0.346667 0.720000 0.000050 252
-0.160000 0.906667 -0.000019 235
-0.288889 0.896296 -0.000021 253
-0.224242 0.745455 0.000003 236
-0.333333 1.000000 0.000000 263
-0.428571 0.904762 -0.000001 266
-0.288889 0.896296 -0.000021 253
-0.428571 0.904762 -0.000001 266
-0.523810 0.809524 -0.000012 278
-0.400000 0.800000 0.000014 264
-0.709091 0.224242 0.000682 259
-0.720000 0.346667 -0.000244 267
-0.806061 0.236364 -0.000421 272
-0.476364 -0.364848 0.006246 195
-0.612121 -0.406061 -0.003156 205
-0.515152 -0.490909 0.000843 182
-0.385859 -0.292929 -0.002213 180
-0.476364 -0.364848 0.006246 195
-0.398788 -0.432727 -0.008665 174
-0.447811 -0.187273 0.005164 186
-0.331987 -0.115152 0.004086 185
-0.487677 -0.027071 -0.004487 208
-0.385859 -0.292929 -0.002213 180
-0.447811 -0.187273 0.005164 186
-0.563636 -0.259394 -0.001850 203
-0.385859 -0.292929 -0.002213 180
-0.272727 -0.236364 -0.009757 165
-0.447811 -0.187273 0.005164 186
-0.515152 0.418182 -0.000207 249
-0.418182 0.446970 0.000206 245
-0.533333 0.533333 0.000052 258
-0.498990 0.256566 0.000001 241
-0.515152 0.418182 -0.000207 249
-0.612121 0.321212 0.000365 255
-0.398788 0.347879 0.000139 231
-0.282424 0.277576 0.000884 217
-0.224242 0.375758 -0.001372 211
-0.498990 0.256566 0.000001 241
-0.398788 0.347879 0.000139 231
-0.515152 0.418182 -0.000207 249
-0.498990 0.256566 0.000001 241
-0.366465 0.202424 -0.000581 224
-0.398788 0.347879 0.000139 231
-0.709091 0.224242 0.000682 259
-0.579798 0.175758 -0.001525 246
-0.612121 0.321212 0.000365 255
-0.232323 -0.103030 -0.005513 164
-0.331987 -0.115152 0.004086 185
-0.272727 -0.236364 -0.009757 165
-0.046465 -0.123232 -0.003400 142
-0.139394 -0.052525 -0.004057 162
-0.159596 -0.179798 0.016665 144
-0.291582 0.018182 0.000999 184
-0.391246 0.006061 -0.000524 207
-0.331987 -0.115152 0.004086 185
-0.191919 0.030303 0.000175 183
-0.291582 0.018182 0.000999 184
-0.232323 -0.103030 -0.005513 164
-0.191919 0.030303 0.000175 183
-0.272727 0.127273 -0.000510 206
-0.291582 0.018182 0.000999 184
-0.069091 0.117576 0.006122 175
-0.191919 0.030303 0.000175 183
-0.046465 -0.002020 -0.000669 163
-0.272727 0.127273 -0.000510 206
-0.391246 0.006061 -0.000524 207
-0.291582 0.018182 0.000999 184
-0.709091 0.224242 0.000682 259
-0.709091 0.087879 -0.000540 248
-0.579798 0.175758 -0.001525 246
-0.563636 -0.259394 -0.001850 203
-0.709091 -0.321212 0.002853 227
-0.612121 -0.406061 -0.003156 205
-0.447811 -0.187273 0.005164 186
-0.487677 -0.027071 -0.004487 208
-0.584108 -0.060202 -0.000690 209
-0.709091 -0.048485 -0.000189 230
-0.810909 -0.126465 0.001152 243
-0.650909 -0.153939 -0.000307 225
-0.049697 0.243636 0.021185 176
0.066667 0.200000 0.246454 155
0.066667 0.333333 0.075915 169
-0.166061 0.287273 -0.000888 197
-0.049697 0.243636 0.021185 176
-0.078788 0.354545 0.000079 189
-0.069091 0.117576 0.006122 175
0.066667 0.200000 0.246454 155
-0.049697 0.243636 0.021185 176
-0.078788 0.354545 0.000079 189
0.066667 0.333333 0.075915 169
0.066667 0.466667 0.004946 171
-0.062626 0.515152 -0.001490 191
-0.078788 0.354545 0.000079 189
0.066667 0.466667 0.004946 171
0.066667 0.600000 -0.005366 192
-0.062626 0.515152 -0.001490 191
0.066667 0.466667 0.004946 171
-0.191919 0.608081 0.000125 214
-0.208081 0.491919 -0.000216 212
-0.062626 0.515152 -0.001490 191
-0.166061 0.287273 -0.000888 197
-0.170909 0.122424 -0.004633 196
-0.049697 0.243636 0.021185 176
-0.062626 0.515152 -0.001490 191
-0.208081 0.491919 -0.000216 212
-0.078788 0.354545 0.000079 189
-0.282424 0.277576 0.000884 217
-0.272727 0.127273 -0.000510 206
-0.170909 0.122424 -0.004633 196
0.477333 0.509333 0.013436 130
0.585185 0.555556 -0.009524 111
0.440000 0.626667 0.003906 131
0.741683 0.030707 -0.025774 59
0.830303 -0.127273 0.013617 39
0.868485 0.016364 0.007247 37
0.653064 0.110909 0.012452 63
0.564444 0.191111 0.006362 87
0.534276 0.073670 0.017226 86
0.610640 0.000572 0.027268 83
0.653064 0.110909 0.012452 63
0.534276 0.073670 0.017226 86
0.741683 0.030707 -0.025774 59
0.796364 0.133939 0.000836 42
0.653064 0.110909 0.012452 63
0.185455 -0.117576 -0.210298 120
0.185455 -0.224242 0.198795 112
0.338182 -0.129697 0.021348 100
0.179798 0.018182 0.314430 132
0.185455 -0.117576 -0.210298 120
0.292929 -0.030303 -0.081400 113
0.315556 0.128889 0.285765 127
0.179798 0.018182 0.314430 132
0.292929 -0.030303 -0.081400 113
0.066667 0.066667 0.160804 154
0.066667 -0.066667 -0.055474 143
0.179798 0.018182 0.314430 132
0.185455 -0.224242 0.198795 112
0.215152 -0.330303 -0.138485 94
0.304242 -0.248485 0.012854 93
0.066667 -0.200000 0.061838 119
0.185455 -0.224242 0.198795 112
0.185455 -0.117576 -0.210298 120
0.066667 -0.200000 0.061838 119
0.066667 -0.333333 -0.035770 102
0.185455 -0.224242 0.198795 112
0.626667 -0.440000 -0.008941 38
0.666667 -0.600000 0.009467 25
0.750000 -0.500000 -0.003178 28
0.315556 -0.573333 -0.011043 55
0.206667 -0.660000 -0.008477 74
0.346667 -0.720000 -0.000663 51
0.300000 -0.433333 0.015919 72
0.183333 -0.483333 0.061503 78
0.315556 -0.573333 -0.011043 55
0.522727 -0.428788 0.011558 49
0.406061 -0.378788 -0.029882 71
0.416667 -0.516667 0.014640 50
0.215152 -0.330303 -0.138485 94
0.183333 -0.483333 0.061503 78
0.300000 -0.433333 0.015919 72
0.183333 -0.483333 0.061503 78
0.066667 -0.466667 -0.028459 101
0.066667 -0.600000 -0.032927 95
0.416667 -0.516667 0.014640 50
0.300000 -0.433333 0.015919 72
0.315556 -0.573333 -0.011043 55
0.215152 -0.330303 -0.138485 94
0.066667 -0.333333 -0.035770 102
0.183333 -0.483333 0.061503 78
-0.049697 -0.364848 0.045866 121
0.066667 -0.466667 -0.028459 101
0.066667 -0.333333 -0.035770 102
0.066667 -0.200000 0.061838 119
-0.049697 -0.258182 -0.027322 122
0.066667 -0.333333 -0.035770 102
-0.185303 -0.743485 0.001928 117
-0.346667 -0.720000 0.004538 140
-0.274074 -0.822222 -0.005550 118
-0.147677 -0.559394 -0.020161 139
-0.243333 -0.656667 -0.005316 137
-0.071111 -0.640000 0.013372 116
-0.224242 -0.478788 0.020357 138
-0.282424 -0.374545 0.010986 159
-0.321061 -0.544697 0.003288 160
0.416667 -0.516667 0.014640 50
0.315556 -0.573333 -0.011043 55
0.440000 -0.626667 -0.001900 36
0.626667 -0.440000 -0.008941 38
0.750000 -0.500000 -0.003178 28
0.660606 -0.321212 0.006380 40
0.632323 -0.175758 -0.043568 62
0.473939 -0.161212 0.029567 84
0.512121 -0.324242 0.011888 60
0.533333 -0.533333 -0.005842 32
0.666667 -0.600000 0.009467 25
0.626667 -0.440000 -0.008941 38
0.896296 -0.288889 -0.016729 30
1.000000 -0.200000 0.000000 27
0.830303 -0.127273 0.013617 39
0.792593 0.377778 0.009730 90
0.800000 0.500000 -0.005102 68
0.700000 0.500000 0.014751 91
0.900000 0.300000 -0.012449 66
0.904762 0.428571 -0.005913 67
0.792593 0.377778 0.009730 90
0.906667 0.160000 -0.000492 44
0.900000 0.300000 -0.012449 66
0.813333 0.253333 0.011029 65
1.000000 0.333333 0.000000 45
0.904762 0.428571 -0.005913 67
0.900000 0.300000 -0.012449 66
0.904762 0.428571 -0.005913 67
0.911111 0.555556 -0.004592 70
0.800000 0.500000 -0.005102 68
0.745455 -0.224242 0.020579 41
0.660606 -0.321212 0.006380 40
0.833333 -0.400000 0.000317 29
0.830303 -0.127273 0.013617 39
0.745455 -0.224242 0.020579 41
0.896296 -0.288889 -0.016729 30
0.657778 0.331111 -0.009171 89
0.813333 0.253333 0.011029 65
0.792593 0.377778 0.009730 90
0.539556 0.291556 0.024485 88
0.688889 0.222222 -0.014968 64
0.657778 0.331111 -0.009171 89
0.402667 0.290667 -0.061260 108
0.440000 0.160000 -0.019893 107
0.539556 0.291556 0.024485 88
0.632323 -0.175758 -0.043568 62
0.687003 -0.072525 -0.021149 61
0.542290 -0.080320 0.056229 85
0.440000 0.160000 -0.019893 107
0.534276 0.073670 0.017226 86
0.564444 0.191111 0.006362 87
0.440000 0.160000 -0.019893 107
0.315556 0.128889 0.285765 127
0.456970 -0.000606 -0.069543 106
0.688889 0.222222 -0.014968 64
0.564444 0.191111 0.006362 87
0.653064 0.110909 0.012452 63
0.688889 0.222222 -0.014968 64
0.796364 0.133939 0.000836 42
0.813333 0.253333 0.011029 65
0.160000 0.406667 0.043290 151
0.066667 0.466667 0.004946 171
0.066667 0.333333 0.075915 169
0.346667 0.386667 -0.026686 129
0.160000 0.406667 0.043290 151
0.290667 0.296000 0.147320 128
0.160000 0.540000 -0.020310 170
0.170370 0.644444 0.007592 172
0.066667 0.600000 -0.005366 192
0.346667 0.386667 -0.026686 129
0.253333 0.480000 -0.032413 150
0.160000 0.406667 0.043290 151
0.346667 0.553333 0.011417 152
0.170370 0.644444 0.007592 172
0.160000 0.540000 -0.020310 170
0.687003 -0.072525 -0.021149 61
0.745455 -0.224242 0.020579 41
0.830303 -0.127273 0.013617 39
0.741683 0.030707 -0.025774 59
0.687003 -0.072525 -0.021149 61
0.830303 -0.127273 0.013617 39
0.688889 0.222222 -0.014968 64
0.653064 0.110909 0.012452 63
0.796364 0.133939 0.000836 42
0.687003 -0.072525 -0.021149 61
0.632323 -0.175758 -0.043568 62
0.745455 -0.224242 0.020579 41
0.653064 0.110909 0.012452 63
0.610640 0.000572 0.027268 83
0.741683 0.030707 -0.025774 59
0.542290 -0.080320 0.056229 85
0.456970 -0.000606 -0.069543 106
0.473939 -0.161212 0.029567 84
0.632323 -0.175758 -0.043568 62
0.542290 -0.080320 0.056229 85
0.473939 -0.161212 0.029567 84
0.610640 0.000572 0.027268 83
0.456970 -0.000606 -0.069543 106
0.542290 -0.080320 0.056229 85
0.741683 0.030707 -0.025774 59
0.610640 0.000572 0.027268 83
0.687003 -0.072525 -0.021149 61
0.534276 0.073670 0.017226 86
0.456970 -0.000606 -0.069543 106
0.610640 0.000572 0.027268 83
0.687003 -0.072525 -0.021149 61
0.610640 0.000572 0.027268 83
0.542290 -0.080320 0.056229 85
0.440000 0.160000 -0.019893 107
0.456970 -0.000606 -0.069543 106
0.534276 0.073670 0.017226 86
0.292929 -0.030303 -0.081400 113
0.338182 -0.129697 0.021348 100
0.456970 -0.000606 -0.069543 106
0.522727 -0.428788 0.011558 49
0.416667 -0.516667 0.014640 50
0.533333 -0.533333 -0.005842 32
0.626667 -0.440000 -0.008941 38
0.522727 -0.428788 0.011558 49
0.533333 -0.533333 -0.005842 32
0.512121 -0.324242 0.011888 60
0.423030 -0.272727 -0.010812 77
0.406061 -0.378788 -0.029882 71
0.338182 -0.129697 0.021348 100
0.423030 -0.272727 -0.010812 77
0.473939 -0.161212 0.029567 84
0.304242 -0.248485 0.012854 93
0.215152 -0.330303 -0.138485 94
0.300000 -0.433333 0.015919 72
0.473939 -0.161212 0.029567 84
0.423030 -0.272727 -0.010812 77
0.512121 -0.324242 0.011888 60
0.868485 0.016364 0.007247 37
1.000000 0.066667 0.000000 31
0.906667 0.160000 -0.000492 44
0.741683 0.030707 -0.025774 59
0.868485 0.016364 0.007247 37
0.796364 0.133939 0.000836 42
0.830303 -0.127273 0.013617 39
1.000000 -0.066667 0.000000 26
0.868485 0.016364 0.007247 37
0.440000 0.626667 0.003906 131
0.500000 0.700000 -0.005761 124
0.377778 0.733333 -0.002581 147
0.657778 0.331111 -0.009171 89
0.792593 0.377778 0.009730 90
0.626667 0.440000 -0.023672 110
0.868485 0.016364 0.007247 37
0.906667 0.160000 -0.000492 44
0.796364 0.133939 0.000836 42
0.906667 0.160000 -0.000492 44
1.000000 0.200000 0.000000 43
0.900000 0.300000 -0.012449 66
0.796364 0.133939 0.000836 42
0.906667 0.160000 -0.000492 44
0.813333 0.253333 0.011029 65
1.000000 0.066667 0.000000 31
1.000000 0.200000 0.000000 43
0.906667 0.160000 -0.000492 44
0.900000 0.300000 -0.012449 66
1.000000 0.200000 0.000000 43
1.000000 0.333333 0.000000 45
0.300000 -0.900000 -0.004906 34
0.200000 -1.000000 0.000000 35
0.333333 -1.000000 0.000000 22
1.000000 -1.000000 0.000000 1
1.000000 -0.866667 0.000000 3
0.866667 -1.000000 0.000000 2
0.911111 -0.822222 -0.000899 6
1.000000 -0.733333 0.000000 7
0.900000 -0.700000 0.001594 11
0.800000 -0.900000 -0.001213 5
0.911111 -0.822222 -0.000899 6
0.760000 -0.786667 0.003218 10
1.000000 -0.866667 0.000000 3
1.000000 -0.733333 0.000000 7
0.911111 -0.822222 -0.000899 6
0.911111 -0.822222 -0.000899 6
0.866667 -1.000000 0.000000 2
1.000000 -0.866667 0.000000 3
0.900000 -0.700000 0.001594 11
0.760000 -0.786667 0.003218 10
0.911111 -0.822222 -0.000899 6
0.911111 -0.555556 0.000057 18
0.822222 -0.611111 -0.000017 17
0.900000 -0.700000 0.001594 11
0.666667 -0.600000 0.009467 25
0.583333 -0.700000 -0.000665 23
0.733333 -0.666667 -0.005372 16
0.800000 -0.900000 -0.001213 5
0.733333 -1.000000 0.000000 4
0.866667 -1.000000 0.000000 2
0.911111 -0.822222 -0.000899 6
0.800000 -0.900000 -0.001213 5
0.866667 -1.000000 0.000000 2
0.644444 -0.777778 0.001059 15
0.583333 -0.700000 -0.000665 23
0.500000 -0.800000 0.001209 24
0.760000 -0.786667 0.003218 10
0.644444 -0.777778 0.001059 15
0.700000 -0.900000 -0.001103 9
0.760000 -0.786667 0.003218 10
0.733333 -0.666667 -0.005372 16
0.644444 -0.777778 0.001059 15
0.900000 -0.700000 0.001594 11
0.733333 -0.666667 -0.005372 16
0.760000 -0.786667 0.003218 10
1.000000 -0.600000 0.000000 12
0.900000 -0.700000 0.001594 11
1.000000 -0.733333 0.000000 7
0.750000 -0.500000 -0.003178 28
0.833333 -0.400000 0.000317 29
0.660606 -0.321212 0.006380 40
0.733333 -0.666667 -0.005372 16
0.822222 -0.611111 -0.000017 17
0.666667 -0.600000 0.009467 25
0.911111 -0.555556 0.000057 18
0.833333 -0.400000 0.000317 29
0.750000 -0.500000 -0.003178 28
1.000000 -0.600000 0.000000 12
0.911111 -0.555556 0.000057 18
0.900000 -0.700000 0.001594 11
1.000000 -0.600000 0.000000 12
1.000000 -0.466667 0.000000 19
0.911111 -0.555556 0.000057 18
0.555556 -0.888889 -0.001931 14
0.466667 -1.000000 0.000000 13
0.600000 -1.000000 0.000000 8
0.733333 -0.666667 -0.005372 16
0.583333 -0.700000 -0.000665 23
0.644444 -0.777778 0.001059 15
-0.078788 -0.472727 0.019411 115
0.066667 -0.600000 -0.032927 95
0.066667 -0.466667 -0.028459 101
-0.185303 -0.743485 0.001928 117
-0.127273 -0.830303 0.006695 99
-0.030303 -0.781818 -0.010247 97
-0.346667 -0.720000 0.004538 140
-0.185303 -0.743485 0.001928 117
-0.243333 -0.656667 -0.005316 137
-0.274074 -0.822222 -0.005550 118
-0.127273 -0.830303 0.006695 99
-0.185303 -0.743485 0.001928 117
-0.185303 -0.743485 0.001928 117
-0.030303 -0.781818 -0.010247 97
-0.071111 -0.640000 0.013372 116
0.160000 -0.906667 -0.005919 53
0.253333 -0.813333 0.006788 52
0.160000 -0.773333 0.011646 73
0.206667 -0.660000 -0.008477 74
0.066667 -0.600000 -0.032927 95
0.066667 -0.733333 0.009000 96
0.160000 -0.773333 0.011646 73
0.206667 -0.660000 -0.008477 74
0.066667 -0.733333 0.009000 96
0.346667 -0.720000 -0.000663 51
0.440000 -0.626667 -0.001900 36
0.315556 -0.573333 -0.011043 55
0.512121 -0.324242 0.011888 60
0.522727 -0.428788 0.011558 49
0.626667 -0.440000 -0.008941 38
0.304242 -0.248485 0.012854 93
0.300000 -0.433333 0.015919 72
0.406061 -0.378788 -0.029882 71
0.440000 -0.626667 -0.001900 36
0.533333 -0.533333 -0.005842 32
0.416667 -0.516667 0.014640 50
0.400000 -0.800000 0.004662 33
0.440000 -0.626667 -0.001900 36
0.346667 -0.720000 -0.000663 51
0.583333 -0.700000 -0.000665 23
0.533333 -0.533333 -0.005842 32
0.440000 -0.626667 -0.001900 36
0.400000 -0.800000 0.004662 33
0.500000 -0.800000 0.001209 24
0.440000 -0.626667 -0.001900 36
0.833333 -0.400000 0.000317 29
0.911111 -0.555556 0.000057 18
1.000000 -0.466667 0.000000 19
0.700000 -0.900000 -0.001103 9
0.555556 -0.888889 -0.001931 14
0.600000 -1.000000 0.000000 8
0.800000 -0.900000 -0.001213 5
0.700000 -0.900000 -0.001103 9
0.733333 -1.000000 0.000000 4
0.800000 -0.900000 -0.001213 5
0.760000 -0.786667 0.003218 10
0.700000 -0.900000 -0.001103 9
0.833333 -0.400000 0.000317 29
1.000000 -0.333333 0.000000 20
0.896296 -0.288889 -0.016729 30
0.733333 -1.000000 0.000000 4
0.700000 -0.900000 -0.001103 9
0.600000 -1.000000 0.000000 8
0.830303 -0.127273 0.013617 39
1.000000 -0.200000 0.000000 27
1.000000 -0.066667 0.000000 26
1.000000 0.066667 0.000000 31
0.868485 0.016364 0.007247 37
1.000000 -0.066667 0.000000 26
0.833333 -0.400000 0.000317 29
1.000000 -0.466667 0.000000 19
1.000000 -0.333333 0.000000 20
0.477333 0.509333 0.013436 130
0.626667 0.440000 -0.023672 110
0.585185 0.555556 -0.009524 111
0.315556 0.128889 0.285765 127
0.292929 -0.030303 -0.081400 113
0.456970 -0.000606 -0.069543 106
0.402667 0.290667 -0.061260 108
0.315556 0.128889 0.285765 127
0.440000 0.160000 -0.019893 107
0.178667 0.141333 0.598144 133
0.179798 0.018182 0.314430 132
0.315556 0.128889 0.285765 127
0.066667 0.200000 0.246454 155
0.178667 0.141333 0.598144 133
0.178667 0.248000 0.317231 149
0.066667 0.066667 0.160804 154
0.179798 0.018182 0.314430 132
0.178667 0.141333 0.598144 133
0.179798 0.018182 0.314430 132
0.066667 -0.066667 -0.055474 143
0.185455 -0.117576 -0.210298 120
0.822222 -0.611111 -0.000017 17
0.733333 -0.666667 -0.005372 16
0.900000 -0.700000 0.001594 11
0.750000 -0.500000 -0.003178 28
0.822222 -0.611111 -0.000017 17
0.911111 -0.555556 0.000057 18
0.750000 -0.500000 -0.003178 28
0.666667 -0.600000 0.009467 25
0.822222 -0.611111 -0.000017 17
0.644444 -0.777778 0.001059 15
0.555556 -0.888889 -0.001931 14
0.700000 -0.900000 -0.001103 9
0.533333 -0.533333 -0.005842 32
0.583333 -0.700000 -0.000665 23
0.666667 -0.600000 0.009467 25
0.500000 -0.800000 0.001209 24
0.555556 -0.888889 -0.001931 14
0.644444 -0.777778 0.001059 15
0.440000 -0.626667 -0.001900 36
0.500000 -0.800000 0.001209 24
0.583333 -0.700000 -0.000665 23
0.400000 -0.800000 0.004662 33
0.416667 -0.900000 -0.005642 21
0.500000 -0.800000 0.001209 24
0.253333 -0.813333 0.006788 52
0.400000 -0.800000 0.004662 33
0.346667 -0.720000 -0.000663 51
0.416667 -0.900000 -0.005642 21
0.555556 -0.888889 -0.001931 14
0.500000 -0.800000 0.001209 24
1.000000 -0.333333 0.000000 20
1.000000 -0.200000 0.000000 27
0.896296 -0.288889 -0.016729 30
0.300000 -0.900000 -0.004906 34
0.253333 -0.813333 0.006788 52
0.160000 -0.906667 -0.005919 53
0.416667 -0.900000 -0.005642 21
0.300000 -0.900000 -0.004906 34
0.333333 -1.000000 0.000000 22
0.416667 -0.900000 -0.005642 21
0.400000 -0.800000 0.004662 33
0.300000 -0.900000 -0.004906 34
1.000000 0.866667 0.000000 57
1.000000 1.000000 0.000000 56
0.866667 1.000000 0.000000 79
0.733333 1.000000 0.000000 103
0.600000 1.000000 0.000000 123
0.680000 0.840000 -0.001016 105
0.800000 0.900000 0.000009 80
0.911111 0.822222 -0.000189 58
0.866667 1.000000 0.000000 79
0.800000 0.900000 0.000009 80
0.800000 0.800000 -0.000873 82
0.911111 0.822222 -0.000189 58
0.733333 1.000000 0.000000 103
0.800000 0.900000 0.000009 80
0.866667 1.000000 0.000000 79
0.733333 1.000000 0.000000 103
0.680000 0.840000 -0.001016 105
0.800000 0.900000 0.000009 80
0.733333 0.733333 -0.000970 81
0.714286 0.619048 0.001020 92
0.893333 0.680000 -0.001783 69
0.911111 0.822222 -0.000189 58
1.000000 0.733333 0.000000 46
1.000000 0.866667 0.000000 57
0.866667 1.000000 0.000000 79
0.911111 0.822222 -0.000189 58
1.000000 0.866667 0.000000 57
0.800000 0.800000 -0.000873 82
0.893333 0.680000 -0.001783 69
0.911111 0.822222 -0.000189 58
0.555556 0.911111 -0.000300 125
0.600000 1.000000 0.000000 123
0.466667 1.000000 0.000000 146
0.333333 1.000000 0.000000 166
0.400000 0.833333 0.000501 148
0.466667 1.000000 0.000000 146
0.523810 0.809524 0.001376 126
0.600000 0.666667 0.002890 104
0.680000 0.840000 -0.001016 105
0.400000 0.833333 0.000501 148
0.555556 0.911111 -0.000300 125
0.466667 1.000000 0.000000 146
0.500000 0.700000 -0.005761 124
0.523810 0.809524 0.001376 126
0.377778 0.733333 -0.002581 147
0.500000 0.700000 -0.005761 124
0.600000 0.666667 0.002890 104
0.523810 0.809524 0.001376 126
0.893333 0.680000 -0.001783 69
1.000000 0.600000 0.000000 48
1.000000 0.733333 0.000000 46
0.333333 1.000000 0.000000 166
0.300000 0.900000 -0.000234 168
0.400000 0.833333 0.000501 148
1.000000 0.466667 0.000000 47
1.000000 0.600000 0.000000 48
0.911111 0.555556 -0.004592 70
-0.533333 0.533333 0.000052 258
-0.644444 0.481481 -0.000002 262
-0.515152 0.418182 -0.000207 249
0.274074 0.688889 0.001456 153
0.170370 0.644444 0.007592 172
0.346667 0.553333 0.011417 152
0.160000 0.906667 0.000841 188
0.160000 0.773333 -0.001984 173
0.253333 0.813333 -0.000289 167
0.066667 0.733333 0.002565 193
0.066667 0.600000 -0.005366 192
0.170370 0.644444 0.007592 172
0.253333 0.813333 -0.000289 167
0.160000 0.773333 -0.001984 173
0.274074 0.688889 0.001456 153
-0.321212 0.475758 0.000271 233
-0.208081 0.491919 -0.000216 212
-0.321212 0.612121 -0.000009 234
-0.533333 0.533333 0.000052 258
-0.418182 0.446970 0.000206 245
-0.418182 0.575758 -0.000153 251
-0.398788 0.347879 0.000139 231
-0.224242 0.375758 -0.001372 211
-0.321212 0.475758 0.000271 233
0.657778 0.331111 -0.009171 89
0.688889 0.222222 -0.014968 64
0.813333 0.253333 0.011029 65
0.514667 0.392000 0.030267 109
0.657778 0.331111 -0.009171 89
0.626667 0.440000 -0.023672 110
0.539556 0.291556 0.024485 88
0.564444 0.191111 0.006362 87
0.688889 0.222222 -0.014968 64
0.514667 0.392000 0.030267 109
0.539556 0.291556 0.024485 88
0.657778 0.331111 -0.009171 89
0.514667 0.392000 0.030267 109
0.402667 0.290667 -0.061260 108
0.539556 0.291556 0.024485 88
-0.515152 0.418182 -0.000207 249
-0.644444 0.481481 -0.000002 262
-0.612121 0.321212 0.000365 255
0.406061 -0.378788 -0.029882 71
0.423030 -0.272727 -0.010812 77
0.304242 -0.248485 0.012854 93
0.416667 -0.516667 0.014640 50
0.406061 -0.378788 -0.029882 71
0.300000 -0.433333 0.015919 72
0.522727 -0.428788 0.011558 49
0.512121 -0.324242 0.011888 60
0.406061 -0.378788 -0.029882 71
0.660606 -0.321212 0.006380 40
0.512121 -0.324242 0.011888 60
0.626667 -0.440000 -0.008941 38
0.660606 -0.321212 0.006380 40
0.632323 -0.175758 -0.043568 62
0.512121 -0.324242 0.011888 60
-0.291582 0.018182 0.000999 184
-0.331987 -0.115152 0.004086 185
-0.232323 -0.103030 -0.005513 164
-0.579798 0.039394 0.002115 229
-0.487677 -0.027071 -0.004487 208
-0.450505 0.127273 0.001582 228
-0.579798 0.175758 -0.001525 246
-0.579798 0.039394 0.002115 229
-0.450505 0.127273 0.001582 228
-0.709091 -0.048485 -0.000189 230
-0.650909 -0.153939 -0.000307 225
-0.584108 -0.060202 -0.000690 209
-0.232323 -0.103030 -0.005513 164
-0.272727 -0.236364 -0.009757 165
-0.159596 -0.179798 0.016665 144
-0.487677 -0.027071 -0.004487 208
-0.331987 -0.115152 0.004086 185
-0.391246 0.006061 -0.000524 207
-0.450505 0.127273 0.001582 228
-0.487677 -0.027071 -0.004487 208
-0.391246 0.006061 -0.000524 207
-0.584108 -0.060202 -0.000690 209
-0.563636 -0.259394 -0.001850 203
-0.447811 -0.187273 0.005164 186
-0.447811 -0.187273 0.005164 186
-0.272727 -0.236364 -0.009757 165
-0.331987 -0.115152 0.004086 185
-0.584108 -0.060202 -0.000690 209
-0.650909 -0.153939 -0.000307 225
-0.563636 -0.259394 -0.001850 203
-0.579798 0.039394 0.002115 229
-0.584108 -0.060202 -0.000690 209
-0.487677 -0.027071 -0.004487 208
-0.579798 0.039394 0.002115 229
-0.709091 -0.048485 -0.000189 230
-0.584108 -0.060202 -0.000690 209
-0.398788 -0.432727 -0.008665 174
-0.321061 -0.544697 0.003288 160
-0.282424 -0.374545 0.010986 159
0.178667 0.141333 0.598144 133
0.315556 0.128889 0.285765 127
0.178667 0.248000 0.317231 149
0.066667 -0.200000 0.061838 119
0.185455 -0.117576 -0.210298 120
0.066667 -0.066667 -0.055474 143
0.338182 -0.129697 0.021348 100
0.473939 -0.161212 0.029567 84
0.456970 -0.000606 -0.069543 106
0.185455 -0.117576 -0.210298 120
0.338182 -0.129697 0.021348 100
0.292929 -0.030303 -0.081400 113
0.304242 -0.248485 0.012854 93
0.423030 -0.272727 -0.010812 77
0.338182 -0.129697 0.021348 100
-0.049697 0.243636 0.021185 176
0.066667 0.333333 0.075915 169
-0.078788 0.354545 0.000079 189
0.183333 -0.483333 0.061503 78
0.066667 -0.600000 -0.032927 95
0.206667 -0.660000 -0.008477 74
0.585185 0.555556 -0.009524 111
0.500000 0.700000 -0.005761 124
0.440000 0.626667 0.003906 131
0.714286 0.619048 0.001020 92
0.600000 0.666667 0.002890 104
0.585185 0.555556 -0.009524 111
0.893333 0.680000 -0.001783 69
0.800000 0.800000 -0.000873 82
0.733333 0.733333 -0.000970 81
1.000000 0.600000 0.000000 48
0.893333 0.680000 -0.001783 69
0.911111 0.555556 -0.004592 70
1.000000 0.733333 0.000000 46
0.911111 0.822222 -0.000189 58
0.893333 0.680000 -0.001783 69
0.680000 0.840000 -0.001016 105
0.600000 1.000000 0.000000 123
0.555556 0.911111 -0.000300 125
0.680000 0.840000 -0.001016 105
0.800000 0.800000 -0.000873 82
0.800000 0.900000 0.000009 80
0.523810 0.809524 0.001376 126
0.680000 0.840000 -0.001016 105
0.555556 0.911111 -0.000300 125
0.733333 0.733333 -0.000970 81
0.800000 0.800000 -0.000873 82
0.680000 0.840000 -0.001016 105
0.300000 0.900000 -0.000234 168
0.200000 1.000000 0.000000 187
0.160000 0.906667 0.000841 188
0.911111 0.555556 -0.004592 70
0.904762 0.428571 -0.005913 67
1.000000 0.466667 0.000000 47
0.160000 0.906667 0.000841 188
0.200000 1.000000 0.000000 187
0.066667 1.000000 0.000000 210
0.900000 0.300000 -0.012449 66
0.792593 0.377778 0.009730 90
0.813333 0.253333 0.011029 65
-0.030303 0.903030 -0.000267 213
0.066667 1.000000 0.000000 210
-0.066667 1.000000 0.000000 232
0.160000 0.906667 0.000841 188
0.253333 0.813333 -0.000289 167
0.300000 0.900000 -0.000234 168
-0.030303 0.903030 -0.000267 213
0.066667 0.866667 -0.000665 190
0.066667 1.000000 0.000000 210
0.066667 0.866667 -0.000665 190
0.160000 0.773333 -0.001984 173
0.160000 0.906667 0.000841 188
-0.321212 0.612121 -0.000009 234
-0.191919 0.608081 0.000125 214
-0.224242 0.745455 0.000003 236
0.274074 0.688889 0.001456 153
0.346667 0.553333 0.011417 152
0.440000 0.626667 0.003906 131
0.253333 0.813333 -0.000289 167
0.274074 0.688889 0.001456 153
0.377778 0.733333 -0.002581 147
0.160000 0.540000 -0.020310 170
0.066667 0.600000 -0.005366 192
0.066667 0.466667 0.004946 171
0.160000 0.406667 0.043290 151
0.160000 0.540000 -0.020310 170
0.066667 0.466667 0.004946 171
0.253333 0.480000 -0.032413 150
0.346667 0.553333 0.011417 152
0.160000 0.540000 -0.020310 170
0.160000 0.773333 -0.001984 173
0.170370 0.644444 0.007592 172
0.274074 0.688889 0.001456 153
0.160000 0.773333 -0.001984 173
0.066667 0.733333 0.002565 193
0.170370 0.644444 0.007592 172
-0.078788 0.672727 -0.000015 216
-0.191919 0.608081 0.000125 214
-0.062626 0.515152 -0.001490 191
-0.030303 0.769697 0.000621 194
-0.078788 0.672727 -0.000015 216
0.066667 0.733333 0.002565 193
0.066667 0.866667 -0.000665 190
-0.030303 0.769697 0.000621 194
0.066667 0.733333 0.002565 193
-0.127273 0.806061 0.000083 215
-0.078788 0.672727 -0.000015 216
-0.030303 0.769697 0.000621 194
-0.127273 0.806061 0.000083 215
-0.224242 0.745455 0.000003 236
-0.078788 0.672727 -0.000015 216
0.160000 0.540000 -0.020310 170
0.160000 0.406667 0.043290 151
0.253333 0.480000 -0.032413 150
-0.078788 0.672727 -0.000015 216
-0.062626 0.515152 -0.001490 191
0.066667 0.600000 -0.005366 192
0.066667 0.733333 0.002565 193
-0.078788 0.672727 -0.000015 216
0.066667 0.600000 -0.005366 192
-0.224242 0.375758 -0.001372 211
-0.208081 0.491919 -0.000216 212
-0.321212 0.475758 0.000271 233
-0.346667 0.720000 0.000050 252
-0.321212 0.612121 -0.000009 234
-0.224242 0.745455 0.000003 236
-0.418182 0.446970 0.000206 245
-0.515152 0.418182 -0.000207 249
-0.398788 0.347879 0.000139 231
-0.321212 0.475758 0.000271 233
-0.418182 0.446970 0.000206 245
-0.398788 0.347879 0.000139 231
-0.321212 0.475758 0.000271 233
-0.418182 0.575758 -0.000153 251
-0.418182 0.446970 0.000206 245
0.477333 0.509333 0.013436 130
0.514667 0.392000 0.030267 109
0.626667 0.440000 -0.023672 110
0.346667 0.553333 0.011417 152
0.477333 0.509333 0.013436 130
0.440000 0.626667 0.003906 131
0.346667 0.553333 0.011417 152
0.346667 0.386667 -0.026686 129
0.477333 0.509333 0.013436 130
0.377778 0.733333 -0.002581 147
0.274074 0.688889 0.001456 153
0.440000 0.626667 0.003906 131
0.290667 0.296000 0.147320 128
0.160000 0.406667 0.043290 151
0.178667 0.248000 0.317231 149
-0.224242 0.375758 -0.001372 211
-0.282424 0.277576 0.000884 217
-0.166061 0.287273 -0.000888 197
-0.078788 0.354545 0.000079 189
-0.224242 0.375758 -0.001372 211
-0.166061 0.287273 -0.000888 197
-0.321212 0.475758 0.000271 233
-0.321212 0.612121 -0.000009 234
-0.418182 0.575758 -0.000153 251
-0.078788 0.354545 0.000079 189
-0.208081 0.491919 -0.000216 212
-0.224242 0.375758 -0.001372 211
-0.191919 0.608081 0.000125 214
-0.321212 0.612121 -0.000009 234
-0.208081 0.491919 -0.000216 212
0.539556 0.291556 0.024485 88
0.440000 0.160000 -0.019893 107
0.564444 0.191111 0.006362 87
0.346667 0.386667 -0.026686 129
0.402667 0.290667 -0.061260 108
0.514667 0.392000 0.030267 109
0.346667 0.386667 -0.026686 129
0.290667 0.296000 0.147320 128
0.402667 0.290667 -0.061260 108
0.402667 0.290667 -0.061260 108
0.290667 0.296000 0.147320 128
0.315556 0.128889 0.285765 127
0.477333 0.509333 0.013436 130
0.346667 0.386667 -0.026686 129
0.514667 0.392000 0.030267 109
0.346667 0.553333 0.011417 152
0.253333 0.480000 -0.032413 150
0.346667 0.386667 -0.026686 129
0.178667 0.248000 0.317231 149
0.315556 0.128889 0.285765 127
0.290667 0.296000 0.147320 128
0.066667 0.200000 0.246454 155
0.178667 0.248000 0.317231 149
0.066667 0.333333 0.075915 169
0.066667 0.200000 0.246454 155
0.066667 0.066667 0.160804 154
0.178667 0.141333 0.598144 133
0.300000 0.900000 -0.000234 168
0.333333 1.000000 0.000000 166
0.200000 1.000000 0.000000 187
0.377778 0.733333 -0.002581 147
0.400000 0.833333 0.000501 148
0.253333 0.813333 -0.000289 167
0.400000 0.833333 0.000501 148
0.523810 0.809524 0.001376 126
0.555556 0.911111 -0.000300 125
0.253333 0.813333 -0.000289 167
0.400000 0.833333 0.000501 148
0.300000 0.900000 -0.000234 168
0.377778 0.733333 -0.002581 147
0.523810 0.809524 0.001376 126
0.400000 0.833333 0.000501 148
0.800000 0.500000 -0.005102 68
0.911111 0.555556 -0.004592 70
0.714286 0.619048 0.001020 92
0.700000 0.500000 0.014751 91
0.800000 0.500000 -0.005102 68
0.714286 0.619048 0.001020 92
0.585185 0.555556 -0.009524 111
0.700000 0.500000 0.014751 91
0.714286 0.619048 0.001020 92
0.626667 0.440000 -0.023672 110
0.792593 0.377778 0.009730 90
0.700000 0.500000 0.014751 91
0.792593 0.377778 0.009730 90
0.904762 0.428571 -0.005913 67
0.800000 0.500000 -0.005102 68
1.000000 0.466667 0.000000 47
0.904762 0.428571 -0.005913 67
1.000000 0.333333 0.000000 45
0.600000 0.666667 0.002890 104
0.733333 0.733333 -0.000970 81
0.680000 0.840000 -0.001016 105
0.585185 0.555556 -0.009524 111
0.600000 0.666667 0.002890 104
0.500000 0.700000 -0.005761 124
0.714286 0.619048 0.001020 92
0.733333 0.733333 -0.000970 81
0.600000 0.666667 0.002890 104
0.626667 0.440000 -0.023672 110
0.700000 0.500000 0.014751 91
0.585185 0.555556 -0.009524 111
0.911111 0.555556 -0.004592 70
0.893333 0.680000 -0.001783 69
0.714286 0.619048 0.001020 92
