-0.507514 0.097964 0.644273 8
-0.809017 -0.587785 0.607292 13
-0.206011 -0.391857 0.662642 12
-0.507514 0.097964 0.644273 8
-1.000000 -0.000000 0.614910 9
-0.809017 -0.587785 0.607292 13
0.333333 -0.000000 0.782300 7
-0.507514 0.097964 0.644273 8
-0.206011 -0.391857 0.662642 12
0.012158 0.475528 0.676852 4
-0.809017 0.587785 0.602549 5
-0.507514 0.097964 0.644273 8
0.333333 -0.000000 0.782300 7
0.012158 0.475528 0.676852 4
-0.507514 0.097964 0.644273 8
0.012158 0.475528 0.676852 4
0.309017 0.951057 0.635994 1
-0.309017 0.951057 0.619179 2
0.012158 0.475528 0.676852 4
0.333333 -0.000000 0.782300 7
0.809017 0.587785 0.715960 3
-0.809017 0.587785 0.602549 5
0.012158 0.475528 0.676852 4
-0.309017 0.951057 0.619179 2
-0.809017 0.587785 0.602549 5
-1.000000 -0.000000 0.614910 9
-0.507514 0.097964 0.644273 8
-0.309017 -0.951057 0.614322 15
0.309017 -0.951057 0.633562 14
-0.206011 -0.391857 0.662642 12
0.321175 -0.475528 0.702091 11
0.809017 -0.587785 0.710047 10
0.333333 -0.000000 0.782300 7
0.333333 -0.000000 0.782300 7
0.809017 -0.587785 0.710047 10
1.000000 0.000000 0.768073 6
0.321175 -0.475528 0.702091 11
-0.206011 -0.391857 0.662642 12
0.309017 -0.951057 0.633562 14
0.809017 -0.587785 0.710047 10
0.321175 -0.475528 0.702091 11
0.309017 -0.951057 0.633562 14
0.333333 -0.000000 0.782300 7
-0.206011 -0.391857 0.662642 12
0.321175 -0.475528 0.702091 11
0.809017 0.587785 0.715960 3
0.333333 -0.000000 0.782300 7
1.000000 0.000000 0.768073 6
0.809017 0.587785 0.715960 3
0.309017 0.951057 0.635994 1
0.012158 0.475528 0.676852 4
-0.809017 -0.587785 0.607292 13
-0.309017 -0.951057 0.614322 15
-0.206011 -0.391857 0.662642 12
