-0.507514 0.097964 0.410092 8
-0.809017 -0.587785 0.367609 13
-0.206011 -0.391857 0.429925 12
-0.507514 0.097964 0.410092 8
-1.000000 -0.000000 0.379106 9
-0.809017 -0.587785 0.367609 13
0.333333 -0.000000 0.605985 7
-0.507514 0.097964 0.410092 8
-0.206011 -0.391857 0.429925 12
0.012158 0.475528 0.445941 4
-0.809017 0.587785 0.361684 5
-0.507514 0.097964 0.410092 8
0.333333 -0.000000 0.605985 7
0.012158 0.475528 0.445941 4
-0.507514 0.097964 0.410092 8
0.012158 0.475528 0.445941 4
0.309017 0.951057 0.379105 1
-0.309017 0.951057 0.376588 2
0.012158 0.475528 0.445941 4
0.333333 -0.000000 0.605985 7
0.809017 0.587785 0.466130 3
-0.809017 0.587785 0.361684 5
0.012158 0.475528 0.445941 4
-0.309017 0.951057 0.376588 2
-0.809017 0.587785 0.361684 5
-1.000000 -0.000000 0.379106 9
-0.507514 0.097964 0.410092 8
-0.309017 -0.951057 0.373358 15
0.309017 -0.951057 0.378633 14
-0.206011 -0.391857 0.429925 12
0.321175 -0.475528 0.472645 11
0.809017 -0.587785 0.455011 10
0.333333 -0.000000 0.605985 7
0.333333 -0.000000 0.605985 7
0.809017 -0.587785 0.455011 10
1.000000 0.000000 0.529474 6
0.321175 -0.475528 0.472645 11
-0.206011 -0.391857 0.429925 12
0.309017 -0.951057 0.378633 14
0.809017 -0.587785 0.455011 10
0.321175 -0.475528 0.472645 11
0.309017 -0.951057 0.378633 14
0.333333 -0.000000 0.605985 7
-0.206011 -0.391857 0.429925 12
0.321175 -0.475528 0.472645 11
0.809017 0.587785 0.466130 3
0.333333 -0.000000 0.605985 7
1.000000 0.000000 0.529474 6
0.809017 0.587785 0.466130 3
0.309017 0.951057 0.379105 1
0.012158 0.475528 0.445941 4
-0.809017 -0.587785 0.367609 13
-0.309017 -0.951057 0.373358 15
-0.206011 -0.391857 0.429925 12
