-0.507514 0.097964 1.239194 8
-0.809017 -0.587785 1.220638 13
-0.206011 -0.391857 1.254755 12
-0.507514 0.097964 1.239194 8
-1.000000 -0.000000 1.222229 9
-0.809017 -0.587785 1.220638 13
0.333333 -0.000000 1.321654 7
-0.507514 0.097964 1.239194 8
-0.206011 -0.391857 1.254755 12
0.012158 0.475528 1.268903 4
-0.809017 0.587785 1.217745 5
-0.507514 0.097964 1.239194 8
0.333333 -0.000000 1.321654 7
0.012158 0.475528 1.268903 4
-0.507514 0.097964 1.239194 8
0.012158 0.475528 1.268903 4
0.309017 0.951057 1.265315 1
-0.309017 0.951057 1.237110 2
0.012158 0.475528 1.268903 4
0.333333 -0.000000 1.321654 7
0.809017 0.587785 1.319990 3
-0.809017 0.587785 1.217745 5
0.012158 0.475528 1.268903 4
-0.309017 0.951057 1.237110 2
-0.809017 0.587785 1.217745 5
-1.000000 -0.000000 1.222229 9
-0.507514 0.097964 1.239194 8
-0.309017 -0.951057 1.233061 15
0.309017 -0.951057 1.262163 14
-0.206011 -0.391857 1.254755 12
0.321175 -0.475528 1.292195 11
0.809017 -0.587785 1.317399 10
0.333333 -0.000000 1.321654 7
0.333333 -0.000000 1.321654 7
0.809017 -0.587785 1.317399 10
1.000000 0.000000 1.346710 6
0.321175 -0.475528 1.292195 11
-0.206011 -0.391857 1.254755 12
0.309017 -0.951057 1.262163 14
0.809017 -0.587785 1.317399 10
0.321175 -0.475528 1.292195 11
0.309017 -0.951057 1.262163 14
0.333333 -0.000000 1.321654 7
-0.206011 -0.391857 1.254755 12
0.321175 -0.475528 1.292195 11
0.809017 0.587785 1.319990 3
0.333333 -0.000000 1.321654 7
1.000000 0.000000 1.346710 6
0.809017 0.587785 1.319990 3
0.309017 0.951057 1.265315 1
0.012158 0.475528 1.268903 4
-0.809017 -0.587785 1.220638 13
-0.309017 -0.951057 1.233061 15
-0.206011 -0.391857 1.254755 12
