-0.507514 0.097964 0.514118 8
-0.809017 -0.587785 0.473258 13
-0.206011 -0.391857 0.533521 12
-0.507514 0.097964 0.514118 8
-1.000000 -0.000000 0.482941 9
-0.809017 -0.587785 0.473258 13
0.333333 -0.000000 0.679356 7
-0.507514 0.097964 0.514118 8
-0.206011 -0.391857 0.533521 12
0.012158 0.475528 0.548487 4
-0.809017 0.587785 0.467854 5
-0.507514 0.097964 0.514118 8
0.333333 -0.000000 0.679356 7
0.012158 0.475528 0.548487 4
-0.507514 0.097964 0.514118 8
0.012158 0.475528 0.548487 4
0.309017 0.951057 0.493258 1
-0.309017 0.951057 0.483662 2
0.012158 0.475528 0.548487 4
0.333333 -0.000000 0.679356 7
0.809017 0.587785 0.578305 3
-0.809017 0.587785 0.467854 5
0.012158 0.475528 0.548487 4
-0.309017 0.951057 0.483662 2
-0.809017 0.587785 0.467854 5
-1.000000 -0.000000 0.482941 9
-0.507514 0.097964 0.514118 8
-0.309017 -0.951057 0.479264 15
0.309017 -0.951057 0.491924 14
-0.206011 -0.391857 0.533521 12
0.321175 -0.475528 0.574259 11
0.809017 -0.587785 0.569946 10
0.333333 -0.000000 0.679356 7
0.333333 -0.000000 0.679356 7
0.809017 -0.587785 0.569946 10
1.000000 0.000000 0.637253 6
0.321175 -0.475528 0.574259 11
-0.206011 -0.391857 0.533521 12
0.309017 -0.951057 0.491924 14
0.809017 -0.587785 0.569946 10
0.321175 -0.475528 0.574259 11
0.309017 -0.951057 0.491924 14
0.333333 -0.000000 0.679356 7
-0.206011 -0.391857 0.533521 12
0.321175 -0.475528 0.574259 11
0.809017 0.587785 0.578305 3
0.333333 -0.000000 0.679356 7
1.000000 0.000000 0.637253 6
0.809017 0.587785 0.578305 3
0.309017 0.951057 0.493258 1
0.012158 0.475528 0.548487 4
-0.809017 -0.587785 0.473258 13
-0.309017 -0.951057 0.479264 15
-0.206011 -0.391857 0.533521 12
