-0.507514 0.097964 0.591112 8
-0.809017 -0.587785 0.552401 13
-0.206011 -0.391857 0.609921 12
-0.507514 0.097964 0.591112 8
-1.000000 -0.000000 0.560819 9
-0.809017 -0.587785 0.552401 13
0.333333 -0.000000 0.739057 7
-0.507514 0.097964 0.591112 8
-0.206011 -0.391857 0.609921 12
0.012158 0.475528 0.624369 4
-0.809017 0.587785 0.547390 5
-0.507514 0.097964 0.591112 8
0.333333 -0.000000 0.739057 7
0.012158 0.475528 0.624369 4
-0.507514 0.097964 0.591112 8
0.012158 0.475528 0.624369 4
0.309017 0.951057 0.577831 1
-0.309017 0.951057 0.563711 2
0.012158 0.475528 0.624369 4
0.333333 -0.000000 0.739057 7
0.809017 0.587785 0.660067 3
-0.809017 0.587785 0.547390 5
0.012158 0.475528 0.624369 4
-0.309017 0.951057 0.563711 2
-0.809017 0.587785 0.547390 5
-1.000000 -0.000000 0.560819 9
-0.507514 0.097964 0.591112 8
-0.309017 -0.951057 0.558944 15
0.309017 -0.951057 0.575816 14
-0.206011 -0.391857 0.609921 12
0.321175 -0.475528 0.649768 11
0.809017 -0.587785 0.653285 10
0.333333 -0.000000 0.739057 7
0.333333 -0.000000 0.739057 7
0.809017 -0.587785 0.653285 10
1.000000 0.000000 0.715033 6
0.321175 -0.475528 0.649768 11
-0.206011 -0.391857 0.609921 12
0.309017 -0.951057 0.575816 14
0.809017 -0.587785 0.653285 10
0.321175 -0.475528 0.649768 11
0.309017 -0.951057 0.575816 14
0.333333 -0.000000 0.739057 7
-0.206011 -0.391857 0.609921 12
0.321175 -0.475528 0.649768 11
0.809017 0.587785 0.660067 3
0.333333 -0.000000 0.739057 7
1.000000 0.000000 0.715033 6
0.809017 0.587785 0.660067 3
0.309017 0.951057 0.577831 1
0.012158 0.475528 0.624369 4
-0.809017 -0.587785 0.552401 13
-0.309017 -0.951057 0.558944 15
-0.206011 -0.391857 0.609921 12
