-0.507514 0.097964 0.716996 8
-0.809017 -0.587785 0.682562 13
-0.206011 -0.391857 0.734790 12
-0.507514 0.097964 0.716996 8
-1.000000 -0.000000 0.689174 9
-0.809017 -0.587785 0.682562 13
0.333333 -0.000000 0.843575 7
-0.507514 0.097964 0.716996 8
-0.206011 -0.391857 0.734790 12
0.012158 0.475528 0.748808 4
-0.809017 0.587785 0.678140 5
-0.507514 0.097964 0.716996 8
0.333333 -0.000000 0.843575 7
0.012158 0.475528 0.748808 4
-0.507514 0.097964 0.716996 8
0.012158 0.475528 0.748808 4
0.309017 0.951057 0.715102 1
-0.309017 0.951057 0.695172 2
0.012158 0.475528 0.748808 4
0.333333 -0.000000 0.843575 7
0.809017 0.587785 0.791754 3
-0.809017 0.587785 0.678140 5
0.012158 0.475528 0.748808 4
-0.309017 0.951057 0.695172 2
-0.809017 0.587785 0.678140 5
-1.000000 -0.000000 0.689174 9
-0.507514 0.097964 0.716996 8
-0.309017 -0.951057 0.690310 15
0.309017 -0.951057 0.712196 14
-0.206011 -0.391857 0.734790 12
0.321175 -0.475528 0.773901 11
0.809017 -0.587785 0.786785 10
0.333333 -0.000000 0.843575 7
0.333333 -0.000000 0.843575 7
0.809017 -0.587785 0.786785 10
1.000000 0.000000 0.839989 6
0.321175 -0.475528 0.773901 11
-0.206011 -0.391857 0.734790 12
0.309017 -0.951057 0.712196 14
0.809017 -0.587785 0.786785 10
0.321175 -0.475528 0.773901 11
0.309017 -0.951057 0.712196 14
0.333333 -0.000000 0.843575 7
-0.206011 -0.391857 0.734790 12
0.321175 -0.475528 0.773901 11
0.809017 0.587785 0.791754 3
0.333333 -0.000000 0.843575 7
1.000000 0.000000 0.839989 6
0.809017 0.587785 0.791754 3
0.309017 0.951057 0.715102 1
0.012158 0.475528 0.748808 4
-0.809017 -0.587785 0.682562 13
-0.309017 -0.951057 0.690310 15
-0.206011 -0.391857 0.734790 12
