-0.507514 0.097964 1.126075 8
-0.809017 -0.587785 1.104799 13
-0.206011 -0.391857 1.141900 12
-0.507514 0.097964 1.126075 8
-1.000000 -0.000000 1.107240 9
-0.809017 -0.587785 1.104799 13
0.333333 -0.000000 1.214737 7
-0.507514 0.097964 1.126075 8
-0.206011 -0.391857 1.141900 12
0.012158 0.475528 1.156006 4
-0.809017 0.587785 1.101649 5
-0.507514 0.097964 1.126075 8
0.333333 -0.000000 1.214737 7
0.012158 0.475528 1.156006 4
-0.507514 0.097964 1.126075 8
0.012158 0.475528 1.156006 4
0.309017 0.951057 1.148471 1
-0.309017 0.951057 1.120613 2
0.012158 0.475528 1.156006 4
0.333333 -0.000000 1.214737 7
0.809017 0.587785 1.207305 3
-0.809017 0.587785 1.101649 5
0.012158 0.475528 1.156006 4
-0.309017 0.951057 1.120613 2
-0.809017 0.587785 1.101649 5
-1.000000 -0.000000 1.107240 9
-0.507514 0.097964 1.126075 8
-0.309017 -0.951057 1.116416 15
0.309017 -0.951057 1.145070 14
-0.206011 -0.391857 1.141900 12
0.321175 -0.475528 1.179900 11
0.809017 -0.587785 1.204536 10
0.333333 -0.000000 1.214737 7
0.333333 -0.000000 1.214737 7
0.809017 -0.587785 1.204536 10
1.000000 0.000000 1.237628 6
0.321175 -0.475528 1.179900 11
-0.206011 -0.391857 1.141900 12
0.309017 -0.951057 1.145070 14
0.809017 -0.587785 1.204536 10
0.321175 -0.475528 1.179900 11
0.309017 -0.951057 1.145070 14
0.333333 -0.000000 1.214737 7
-0.206011 -0.391857 1.141900 12
0.321175 -0.475528 1.179900 11
0.809017 0.587785 1.207305 3
0.333333 -0.000000 1.214737 7
1.000000 0.000000 1.237628 6
0.809017 0.587785 1.207305 3
0.309017 0.951057 1.148471 1
0.012158 0.475528 1.156006 4
-0.809017 -0.587785 1.104799 13
-0.309017 -0.951057 1.116416 15
-0.206011 -0.391857 1.141900 12
