-0.507514 0.097964 0.392401 8
-0.809017 -0.587785 0.349862 13
-0.206011 -0.391857 0.412221 12
-0.507514 0.097964 0.392401 8
-1.000000 -0.000000 0.361660 9
-0.809017 -0.587785 0.349862 13
0.333333 -0.000000 0.594558 7
-0.507514 0.097964 0.392401 8
-0.206011 -0.391857 0.412221 12
0.012158 0.475528 0.428447 4
-0.809017 0.587785 0.343859 5
-0.507514 0.097964 0.392401 8
0.333333 -0.000000 0.594558 7
0.012158 0.475528 0.428447 4
-0.507514 0.097964 0.392401 8
0.012158 0.475528 0.428447 4
0.309017 0.951057 0.359815 1
-0.309017 0.951057 0.358570 2
0.012158 0.475528 0.428447 4
0.333333 -0.000000 0.594558 7
0.809017 0.587785 0.446838 3
-0.809017 0.587785 0.343859 5
0.012158 0.475528 0.428447 4
-0.309017 0.951057 0.358570 2
-0.809017 0.587785 0.343859 5
-1.000000 -0.000000 0.361660 9
-0.507514 0.097964 0.392401 8
-0.309017 -0.951057 0.355639 15
0.309017 -0.951057 0.359456 14
-0.206011 -0.391857 0.412221 12
0.321175 -0.475528 0.455367 11
0.809017 -0.587785 0.435187 10
0.333333 -0.000000 0.594558 7
0.333333 -0.000000 0.594558 7
0.809017 -0.587785 0.435187 10
1.000000 0.000000 0.510714 6
0.321175 -0.475528 0.455367 11
-0.206011 -0.391857 0.412221 12
0.309017 -0.951057 0.359456 14
0.809017 -0.587785 0.435187 10
0.321175 -0.475528 0.455367 11
0.309017 -0.951057 0.359456 14
0.333333 -0.000000 0.594558 7
-0.206011 -0.391857 0.412221 12
0.321175 -0.475528 0.455367 11
0.809017 0.587785 0.446838 3
0.333333 -0.000000 0.594558 7
1.000000 0.000000 0.510714 6
0.809017 0.587785 0.446838 3
0.309017 0.951057 0.359815 1
0.012158 0.475528 0.428447 4
-0.809017 -0.587785 0.349862 13
-0.309017 -0.951057 0.355639 15
-0.206011 -0.391857 0.412221 12
