-0.507514 0.097964 2.111615 8
-0.809017 -0.587785 2.103762 13
-0.206011 -0.391857 2.125482 12
-0.507514 0.097964 2.111615 8
-1.000000 -0.000000 2.101622 9
-0.809017 -0.587785 2.103762 13
0.333333 -0.000000 2.165907 7
-0.507514 0.097964 2.111615 8
-0.206011 -0.391857 2.125482 12
0.012158 0.475528 2.138193 4
-0.809017 0.587785 2.102387 5
-0.507514 0.097964 2.111615 8
0.333333 -0.000000 2.165907 7
0.012158 0.475528 2.138193 4
-0.507514 0.097964 2.111615 8
0.012158 0.475528 2.138193 4
0.309017 0.951057 2.145212 1
-0.309017 0.951057 2.121977 2
0.012158 0.475528 2.138193 4
0.333333 -0.000000 2.165907 7
0.809017 0.587785 2.177467 3
-0.809017 0.587785 2.102387 5
0.012158 0.475528 2.138193 4
-0.309017 0.951057 2.121977 2
-0.809017 0.587785 2.102387 5
-1.000000 -0.000000 2.101622 9
-0.507514 0.097964 2.111615 8
-0.309017 -0.951057 2.118585 15
0.309017 -0.951057 2.144108 14
-0.206011 -0.391857 2.125482 12
0.321175 -0.475528 2.155403 11
0.809017 -0.587785 2.175445 10
0.333333 -0.000000 2.165907 7
0.333333 -0.000000 2.165907 7
0.809017 -0.587785 2.175445 10
1.000000 0.000000 2.188815 6
0.321175 -0.475528 2.155403 11
-0.206011 -0.391857 2.125482 12
0.309017 -0.951057 2.144108 14
0.809017 -0.587785 2.175445 10
0.321175 -0.475528 2.155403 11
0.309017 -0.951057 2.144108 14
0.333333 -0.000000 2.165907 7
-0.206011 -0.391857 2.125482 12
0.321175 -0.475528 2.155403 11
0.809017 0.587785 2.177467 3
0.333333 -0.000000 2.165907 7
1.000000 0.000000 2.188815 6
0.809017 0.587785 2.177467 3
0.309017 0.951057 2.145212 1
0.012158 0.475528 2.138193 4
-0.809017 -0.587785 2.103762 13
-0.309017 -0.951057 2.118585 15
-0.206011 -0.391857 2.125482 12
