-0.507514 0.097964 2.157358 8
-0.809017 -0.587785 2.149770 13
-0.206011 -0.391857 2.171110 12
-0.507514 0.097964 2.157358 8
-1.000000 -0.000000 2.147541 9
-0.809017 -0.587785 2.149770 13
0.333333 -0.000000 2.210641 7
-0.507514 0.097964 2.157358 8
-0.206011 -0.391857 2.171110 12
0.012158 0.475528 2.183687 4
-0.809017 0.587785 2.148455 5
-0.507514 0.097964 2.157358 8
0.333333 -0.000000 2.210641 7
0.012158 0.475528 2.183687 4
-0.507514 0.097964 2.157358 8
0.012158 0.475528 2.183687 4
0.309017 0.951057 2.190809 1
-0.309017 0.951057 2.167936 2
0.012158 0.475528 2.183687 4
0.333333 -0.000000 2.210641 7
0.809017 0.587785 2.222241 3
-0.809017 0.587785 2.148455 5
0.012158 0.475528 2.183687 4
-0.309017 0.951057 2.167936 2
-0.809017 0.587785 2.148455 5
-1.000000 -0.000000 2.147541 9
-0.507514 0.097964 2.157358 8
-0.309017 -0.951057 2.164575 15
0.309017 -0.951057 2.189772 14
-0.206011 -0.391857 2.171110 12
0.321175 -0.475528 2.200585 11
0.809017 -0.587785 2.220247 10
0.333333 -0.000000 2.210641 7
0.333333 -0.000000 2.210641 7
0.809017 -0.587785 2.220247 10
1.000000 0.000000 2.233156 6
0.321175 -0.475528 2.200585 11
-0.206011 -0.391857 2.171110 12
0.309017 -0.951057 2.189772 14
0.809017 -0.587785 2.220247 10
0.321175 -0.475528 2.200585 11
0.309017 -0.951057 2.189772 14
0.333333 -0.000000 2.210641 7
-0.206011 -0.391857 2.171110 12
0.321175 -0.475528 2.200585 11
0.809017 0.587785 2.222241 3
0.333333 -0.000000 2.210641 7
1.000000 0.000000 2.233156 6
0.809017 0.587785 2.222241 3
0.309017 0.951057 2.190809 1
0.012158 0.475528 2.183687 4
-0.809017 -0.587785 2.149770 13
-0.309017 -0.951057 2.164575 15
-0.206011 -0.391857 2.171110 12
