-0.507514 0.097964 0.464150 8
-0.809017 -0.587785 0.422272 13
-0.206011 -0.391857 0.483844 12
-0.507514 0.097964 0.464150 8
-1.000000 -0.000000 0.432823 9
-0.809017 -0.587785 0.422272 13
0.333333 -0.000000 0.642904 7
-0.507514 0.097964 0.464150 8
-0.206011 -0.391857 0.483844 12
0.012158 0.475528 0.499267 4
-0.809017 0.587785 0.416610 5
-0.507514 0.097964 0.464150 8
0.333333 -0.000000 0.642904 7
0.012158 0.475528 0.499267 4
-0.507514 0.097964 0.464150 8
0.012158 0.475528 0.499267 4
0.309017 0.951057 0.438331 1
-0.309017 0.951057 0.432024 2
0.012158 0.475528 0.499267 4
0.333333 -0.000000 0.642904 7
0.809017 0.587785 0.524683 3
-0.809017 0.587785 0.416610 5
0.012158 0.475528 0.499267 4
-0.309017 0.951057 0.432024 2
-0.809017 0.587785 0.416610 5
-1.000000 -0.000000 0.432823 9
-0.507514 0.097964 0.464150 8
-0.309017 -0.951057 0.428072 15
0.309017 -0.951057 0.437440 14
-0.206011 -0.391857 0.483844 12
0.321175 -0.475528 0.525416 11
0.809017 -0.587785 0.515085 10
0.333333 -0.000000 0.642904 7
0.333333 -0.000000 0.642904 7
0.809017 -0.587785 0.515085 10
1.000000 0.000000 0.585955 6
0.321175 -0.475528 0.525416 11
-0.206011 -0.391857 0.483844 12
0.309017 -0.951057 0.437440 14
0.809017 -0.587785 0.515085 10
0.321175 -0.475528 0.525416 11
0.309017 -0.951057 0.437440 14
0.333333 -0.000000 0.642904 7
-0.206011 -0.391857 0.483844 12
0.321175 -0.475528 0.525416 11
0.809017 0.587785 0.524683 3
0.333333 -0.000000 0.642904 7
1.000000 0.000000 0.585955 6
0.809017 0.587785 0.524683 3
0.309017 0.951057 0.438331 1
0.012158 0.475528 0.499267 4
-0.809017 -0.587785 0.422272 13
-0.309017 -0.951057 0.428072 15
-0.206011 -0.391857 0.483844 12
