-0.507514 0.097964 1.450989 8
-0.809017 -0.587785 1.436456 13
-0.206011 -0.391857 1.466165 12
-0.507514 0.097964 1.450989 8
-1.000000 -0.000000 1.436718 9
-0.809017 -0.587785 1.436456 13
0.333333 -0.000000 1.524210 7
-0.507514 0.097964 1.450989 8
-0.206011 -0.391857 1.466165 12
0.012158 0.475528 1.480237 4
-0.809017 0.587785 1.433999 5
-0.507514 0.097964 1.450989 8
0.333333 -0.000000 1.524210 7
0.012158 0.475528 1.480237 4
-0.507514 0.097964 1.450989 8
0.012158 0.475528 1.480237 4
0.309017 0.951057 1.481691 1
-0.309017 0.951057 1.453886 2
0.012158 0.475528 1.480237 4
0.333333 -0.000000 1.524210 7
0.809017 0.587785 1.529491 3
-0.809017 0.587785 1.433999 5
0.012158 0.475528 1.480237 4
-0.309017 0.951057 1.453886 2
-0.809017 0.587785 1.433999 5
-1.000000 -0.000000 1.436718 9
-0.507514 0.097964 1.450989 8
-0.309017 -0.951057 1.450043 15
0.309017 -0.951057 1.479116 14
-0.206011 -0.391857 1.466165 12
0.321175 -0.475528 1.502177 11
0.809017 -0.587785 1.527091 10
0.333333 -0.000000 1.524210 7
0.333333 -0.000000 1.524210 7
0.809017 -0.587785 1.527091 10
1.000000 0.000000 1.550757 6
0.321175 -0.475528 1.502177 11
-0.206011 -0.391857 1.466165 12
0.309017 -0.951057 1.479116 14
0.809017 -0.587785 1.527091 10
0.321175 -0.475528 1.502177 11
0.309017 -0.951057 1.479116 14
0.333333 -0.000000 1.524210 7
-0.206011 -0.391857 1.466165 12
0.321175 -0.475528 1.502177 11
0.809017 0.587785 1.529491 3
0.333333 -0.000000 1.524210 7
1.000000 0.000000 1.550757 6
0.809017 0.587785 1.529491 3
0.309017 0.951057 1.481691 1
0.012158 0.475528 1.480237 4
-0.809017 -0.587785 1.436456 13
-0.309017 -0.951057 1.450043 15
-0.206011 -0.391857 1.466165 12
