-0.507514 0.097964 1.552093 8
-0.809017 -0.587785 1.539064 13
-0.206011 -0.391857 1.567099 12
-0.507514 0.097964 1.552093 8
-1.000000 -0.000000 1.538800 9
-0.809017 -0.587785 1.539064 13
0.333333 -0.000000 1.621665 7
-0.507514 0.097964 1.552093 8
-0.206011 -0.391857 1.567099 12
0.012158 0.475528 1.581061 4
-0.809017 0.587785 1.536799 5
-0.507514 0.097964 1.552093 8
0.333333 -0.000000 1.621665 7
0.012158 0.475528 1.581061 4
-0.507514 0.097964 1.552093 8
0.012158 0.475528 1.581061 4
0.309017 0.951057 1.584132 1
-0.309017 0.951057 1.556823 2
0.012158 0.475528 1.581061 4
0.333333 -0.000000 1.621665 7
0.809017 0.587785 1.629026 3
-0.809017 0.587785 1.536799 5
0.012158 0.475528 1.581061 4
-0.309017 0.951057 1.556823 2
-0.809017 0.587785 1.536799 5
-1.000000 -0.000000 1.538800 9
-0.507514 0.097964 1.552093 8
-0.309017 -0.951057 1.553058 15
0.309017 -0.951057 1.581837 14
-0.206011 -0.391857 1.567099 12
0.321175 -0.475528 1.602292 11
0.809017 -0.587785 1.626688 10
0.333333 -0.000000 1.621665 7
0.333333 -0.000000 1.621665 7
0.809017 -0.587785 1.626688 10
1.000000 0.000000 1.648182 6
0.321175 -0.475528 1.602292 11
-0.206011 -0.391857 1.567099 12
0.309017 -0.951057 1.581837 14
0.809017 -0.587785 1.626688 10
0.321175 -0.475528 1.602292 11
0.309017 -0.951057 1.581837 14
0.333333 -0.000000 1.621665 7
-0.206011 -0.391857 1.567099 12
0.321175 -0.475528 1.602292 11
0.809017 0.587785 1.629026 3
0.333333 -0.000000 1.621665 7
1.000000 0.000000 1.648182 6
0.809017 0.587785 1.629026 3
0.309017 0.951057 1.584132 1
0.012158 0.475528 1.581061 4
-0.809017 -0.587785 1.539064 13
-0.309017 -0.951057 1.553058 15
-0.206011 -0.391857 1.567099 12
