-0.507514 0.097964 0.941843 8
-0.809017 -0.587785 0.915203 13
-0.206011 -0.391857 0.958301 12
-0.507514 0.097964 0.941843 8
-1.000000 -0.000000 0.919270 9
-0.809017 -0.587785 0.915203 13
0.333333 -0.000000 1.043627 7
-0.507514 0.097964 0.941843 8
-0.206011 -0.391857 0.958301 12
0.012158 0.475528 0.972273 4
-0.809017 0.587785 0.911568 5
-0.507514 0.097964 0.941843 8
0.333333 -0.000000 1.043627 7
0.012158 0.475528 0.972273 4
-0.507514 0.097964 0.941843 8
0.012158 0.475528 0.972273 4
0.309017 0.951057 0.955657 1
-0.309017 0.951057 0.929733 2
0.012158 0.475528 0.972273 4
0.333333 -0.000000 1.043627 7
0.809017 0.587785 1.022042 3
-0.809017 0.587785 0.911568 5
0.012158 0.475528 0.972273 4
-0.309017 0.951057 0.929733 2
-0.809017 0.587785 0.911568 5
-1.000000 -0.000000 0.919270 9
-0.507514 0.097964 0.941843 8
-0.309017 -0.951057 0.925226 15
0.309017 -0.951057 0.952104 14
-0.206011 -0.391857 0.958301 12
0.321175 -0.475528 0.996892 11
0.809017 -0.587785 1.018720 10
0.333333 -0.000000 1.043627 7
0.333333 -0.000000 1.043627 7
0.809017 -0.587785 1.018720 10
1.000000 0.000000 1.059461 6
0.321175 -0.475528 0.996892 11
-0.206011 -0.391857 0.958301 12
0.309017 -0.951057 0.952104 14
0.809017 -0.587785 1.018720 10
0.321175 -0.475528 0.996892 11
0.309017 -0.951057 0.952104 14
0.333333 -0.000000 1.043627 7
-0.206011 -0.391857 0.958301 12
0.321175 -0.475528 0.996892 11
0.809017 0.587785 1.022042 3
0.333333 -0.000000 1.043627 7
1.000000 0.000000 1.059461 6
0.809017 0.587785 1.022042 3
0.309017 0.951057 0.955657 1
0.012158 0.475528 0.972273 4
-0.809017 -0.587785 0.915203 13
-0.309017 -0.951057 0.925226 15
-0.206011 -0.391857 0.958301 12
