-0.507514 0.097964 1.063414 8
-0.809017 -0.587785 1.040444 13
-0.206011 -0.391857 1.079419 12
-0.507514 0.097964 1.063414 8
-1.000000 -0.000000 1.043401 9
-0.809017 -0.587785 1.040444 13
0.333333 -0.000000 1.156045 7
-0.507514 0.097964 1.063414 8
-0.206011 -0.391857 1.079419 12
0.012158 0.475528 1.093483 4
-0.809017 0.587785 1.037140 5
-0.507514 0.097964 1.063414 8
0.333333 -0.000000 1.156045 7
0.012158 0.475528 1.093483 4
-0.507514 0.097964 1.063414 8
0.012158 0.475528 1.093483 4
0.309017 0.951057 1.083273 1
-0.309017 0.951057 1.055850 2
0.012158 0.475528 1.093483 4
0.333333 -0.000000 1.156045 7
0.809017 0.587785 1.144566 3
-0.809017 0.587785 1.037140 5
0.012158 0.475528 1.093483 4
-0.309017 0.951057 1.055850 2
-0.809017 0.587785 1.037140 5
-1.000000 -0.000000 1.043401 9
-0.507514 0.097964 1.063414 8
-0.309017 -0.951057 1.051556 15
0.309017 -0.951057 1.079774 14
-0.206011 -0.391857 1.079419 12
0.321175 -0.475528 1.117663 11
0.809017 -0.587785 1.141656 10
0.333333 -0.000000 1.156045 7
0.333333 -0.000000 1.156045 7
0.809017 -0.587785 1.141656 10
1.000000 0.000000 1.177123 6
0.321175 -0.475528 1.117663 11
-0.206011 -0.391857 1.079419 12
0.309017 -0.951057 1.079774 14
0.809017 -0.587785 1.141656 10
0.321175 -0.475528 1.117663 11
0.309017 -0.951057 1.079774 14
0.333333 -0.000000 1.156045 7
-0.206011 -0.391857 1.079419 12
0.321175 -0.475528 1.117663 11
0.809017 0.587785 1.144566 3
0.333333 -0.000000 1.156045 7
1.000000 0.000000 1.177123 6
0.809017 0.587785 1.144566 3
0.309017 0.951057 1.083273 1
0.012158 0.475528 1.093483 4
-0.809017 -0.587785 1.040444 13
-0.309017 -0.951057 1.051556 15
-0.206011 -0.391857 1.079419 12
