-0.507514 0.097964 1.140823 8
-0.809017 -0.587785 1.119927 13
-0.206011 -0.391857 1.156610 12
-0.507514 0.097964 1.140823 8
-1.000000 -0.000000 1.122250 9
-0.809017 -0.587785 1.119927 13
0.333333 -0.000000 1.228611 7
-0.507514 0.097964 1.140823 8
-0.206011 -0.391857 1.156610 12
0.012158 0.475528 1.170724 4
-0.809017 0.587785 1.116812 5
-0.507514 0.097964 1.140823 8
0.333333 -0.000000 1.228611 7
0.012158 0.475528 1.170724 4
-0.507514 0.097964 1.140823 8
0.012158 0.475528 1.170724 4
0.309017 0.951057 1.163765 1
-0.309017 0.951057 1.135832 2
0.012158 0.475528 1.170724 4
0.333333 -0.000000 1.228611 7
0.809017 0.587785 1.222036 3
-0.809017 0.587785 1.116812 5
0.012158 0.475528 1.170724 4
-0.309017 0.951057 1.135832 2
-0.809017 0.587785 1.116812 5
-1.000000 -0.000000 1.122250 9
-0.507514 0.097964 1.140823 8
-0.309017 -0.951057 1.131656 15
0.309017 -0.951057 1.160392 14
-0.206011 -0.391857 1.156610 12
0.321175 -0.475528 1.194546 11
0.809017 -0.587785 1.219296 10
0.333333 -0.000000 1.228611 7
0.333333 -0.000000 1.228611 7
0.809017 -0.587785 1.219296 10
1.000000 0.000000 1.251859 6
0.321175 -0.475528 1.194546 11
-0.206011 -0.391857 1.156610 12
0.309017 -0.951057 1.160392 14
0.809017 -0.587785 1.219296 10
0.321175 -0.475528 1.194546 11
0.309017 -0.951057 1.160392 14
0.333333 -0.000000 1.228611 7
-0.206011 -0.391857 1.156610 12
0.321175 -0.475528 1.194546 11
0.809017 0.587785 1.222036 3
0.333333 -0.000000 1.228611 7
1.000000 0.000000 1.251859 6
0.809017 0.587785 1.222036 3
0.309017 0.951057 1.163765 1
0.012158 0.475528 1.170724 4
-0.809017 -0.587785 1.119927 13
-0.309017 -0.951057 1.131656 15
-0.206011 -0.391857 1.156610 12
