-0.507514 0.097964 0.285041 8
-0.809017 -0.587785 0.244259 13
-0.206011 -0.391857 0.303782 12
-0.507514 0.097964 0.285041 8
-1.000000 -0.000000 0.257531 9
-0.809017 -0.587785 0.244259 13
0.333333 -0.000000 0.533886 7
-0.507514 0.097964 0.285041 8
-0.206011 -0.391857 0.303782 12
0.012158 0.475528 0.321221 4
-0.809017 0.587785 0.237977 5
-0.507514 0.097964 0.285041 8
0.333333 -0.000000 0.533886 7
0.012158 0.475528 0.321221 4
-0.507514 0.097964 0.285041 8
0.012158 0.475528 0.321221 4
0.309017 0.951057 0.244842 1
-0.309017 0.951057 0.251105 2
0.012158 0.475528 0.321221 4
0.333333 -0.000000 0.533886 7
0.809017 0.587785 0.328273 3
-0.809017 0.587785 0.237977 5
0.012158 0.475528 0.321221 4
-0.309017 0.951057 0.251105 2
-0.809017 0.587785 0.237977 5
-1.000000 -0.000000 0.257531 9
-0.507514 0.097964 0.285041 8
-0.309017 -0.951057 0.250721 15
0.309017 -0.951057 0.244701 14
-0.206011 -0.391857 0.303782 12
0.321175 -0.475528 0.349612 11
0.809017 -0.587785 0.313301 10
0.333333 -0.000000 0.533886 7
0.333333 -0.000000 0.533886 7
0.809017 -0.587785 0.313301 10
1.000000 0.000000 0.392822 6
0.321175 -0.475528 0.349612 11
-0.206011 -0.391857 0.303782 12
0.309017 -0.951057 0.244701 14
0.809017 -0.587785 0.313301 10
0.321175 -0.475528 0.349612 11
0.309017 -0.951057 0.244701 14
0.333333 -0.000000 0.533886 7
-0.206011 -0.391857 0.303782 12
0.321175 -0.475528 0.349612 11
0.809017 0.587785 0.328273 3
0.333333 -0.000000 0.533886 7
1.000000 0.000000 0.392822 6
0.809017 0.587785 0.328273 3
0.309017 0.951057 0.244842 1
0.012158 0.475528 0.321221 4
-0.809017 -0.587785 0.244259 13
-0.309017 -0.951057 0.250721 15
-0.206011 -0.391857 0.303782 12
