-0.507514 0.097964 2.332933 8
-0.809017 -0.587785 2.326230 13
-0.206011 -0.391857 2.346219 12
-0.507514 0.097964 2.332933 8
-1.000000 -0.000000 2.323722 9
-0.809017 -0.587785 2.326230 13
0.333333 -0.000000 2.382573 7
-0.507514 0.097964 2.332933 8
-0.206011 -0.391857 2.346219 12
0.012158 0.475528 2.358261 4
-0.809017 0.587785 2.325123 5
-0.507514 0.097964 2.332933 8
0.333333 -0.000000 2.382573 7
0.012158 0.475528 2.358261 4
-0.507514 0.097964 2.332933 8
0.012158 0.475528 2.358261 4
0.309017 0.951057 2.365604 1
-0.309017 0.951057 2.344111 2
0.012158 0.475528 2.358261 4
0.333333 -0.000000 2.382573 7
0.809017 0.587785 2.394118 3
-0.809017 0.587785 2.325123 5
0.012158 0.475528 2.358261 4
-0.309017 0.951057 2.344111 2
-0.809017 0.587785 2.325123 5
-1.000000 -0.000000 2.323722 9
-0.507514 0.097964 2.332933 8
-0.309017 -0.951057 2.340872 15
0.309017 -0.951057 2.364789 14
-0.206011 -0.391857 2.346219 12
0.321175 -0.475528 2.373996 11
0.809017 -0.587785 2.392235 10
0.333333 -0.000000 2.382573 7
0.333333 -0.000000 2.382573 7
0.809017 -0.587785 2.392235 10
1.000000 0.000000 2.403568 6
0.321175 -0.475528 2.373996 11
-0.206011 -0.391857 2.346219 12
0.309017 -0.951057 2.364789 14
0.809017 -0.587785 2.392235 10
0.321175 -0.475528 2.373996 11
0.309017 -0.951057 2.364789 14
0.333333 -0.000000 2.382573 7
-0.206011 -0.391857 2.346219 12
0.321175 -0.475528 2.373996 11
0.809017 0.587785 2.394118 3
0.333333 -0.000000 2.382573 7
1.000000 0.000000 2.403568 6
0.809017 0.587785 2.394118 3
0.309017 0.951057 2.365604 1
0.012158 0.475528 2.358261 4
-0.809017 -0.587785 2.326230 13
-0.309017 -0.951057 2.340872 15
-0.206011 -0.391857 2.346219 12
