-0.507514 0.097964 0.184157 8
-0.809017 -0.587785 0.149851 13
-0.206011 -0.391857 0.199358 12
-0.507514 0.097964 0.184157 8
-1.000000 -0.000000 0.162954 9
-0.809017 -0.587785 0.149851 13
0.333333 -0.000000 0.494963 7
-0.507514 0.097964 0.184157 8
-0.206011 -0.391857 0.199358 12
0.012158 0.475528 0.216717 4
-0.809017 0.587785 0.143983 5
-0.507514 0.097964 0.184157 8
0.333333 -0.000000 0.494963 7
0.012158 0.475528 0.216717 4
-0.507514 0.097964 0.184157 8
0.012158 0.475528 0.216717 4
0.309017 0.951057 0.143373 1
-0.309017 0.951057 0.154561 2
0.012158 0.475528 0.216717 4
0.333333 -0.000000 0.494963 7
0.809017 0.587785 0.214296 3
-0.809017 0.587785 0.143983 5
0.012158 0.475528 0.216717 4
-0.309017 0.951057 0.154561 2
-0.809017 0.587785 0.143983 5
-1.000000 -0.000000 0.162954 9
-0.507514 0.097964 0.184157 8
-0.309017 -0.951057 0.157378 15
0.309017 -0.951057 0.142462 14
-0.206011 -0.391857 0.199358 12
0.321175 -0.475528 0.245267 11
0.809017 -0.587785 0.197393 10
0.333333 -0.000000 0.494963 7
0.333333 -0.000000 0.494963 7
0.809017 -0.587785 0.197393 10
1.000000 0.000000 0.272217 6
0.321175 -0.475528 0.245267 11
-0.206011 -0.391857 0.199358 12
0.309017 -0.951057 0.142462 14
0.809017 -0.587785 0.197393 10
0.321175 -0.475528 0.245267 11
0.309017 -0.951057 0.142462 14
0.333333 -0.000000 0.494963 7
-0.206011 -0.391857 0.199358 12
0.321175 -0.475528 0.245267 11
0.809017 0.587785 0.214296 3
0.333333 -0.000000 0.494963 7
1.000000 0.000000 0.272217 6
0.809017 0.587785 0.214296 3
0.309017 0.951057 0.143373 1
0.012158 0.475528 0.216717 4
-0.809017 -0.587785 0.149851 13
-0.309017 -0.951057 0.157378 15
-0.206011 -0.391857 0.199358 12
