-0.507514 0.097964 1.752033 8
-0.809017 -0.587785 1.741367 13
-0.206011 -0.391857 1.766684 12
-0.507514 0.097964 1.752033 8
-1.000000 -0.000000 1.740247 9
-0.809017 -0.587785 1.741367 13
0.333333 -0.000000 1.815368 7
-0.507514 0.097964 1.752033 8
-0.206011 -0.391857 1.766684 12
0.012158 0.475528 1.780304 4
-0.809017 0.587785 1.739454 5
-0.507514 0.097964 1.752033 8
0.333333 -0.000000 1.815368 7
0.012158 0.475528 1.780304 4
-0.507514 0.097964 1.752033 8
0.012158 0.475528 1.780304 4
0.309017 0.951057 1.785551 1
-0.309017 0.951057 1.759539 2
0.012158 0.475528 1.780304 4
0.333333 -0.000000 1.815368 7
0.809017 0.587785 1.825315 3
-0.809017 0.587785 1.739454 5
0.012158 0.475528 1.780304 4
-0.309017 0.951057 1.759539 2
-0.809017 0.587785 1.739454 5
-1.000000 -0.000000 1.740247 9
-0.507514 0.097964 1.752033 8
-0.309017 -0.951057 1.755911 15
0.309017 -0.951057 1.783760 14
-0.206011 -0.391857 1.766684 12
0.321175 -0.475528 1.800085 11
0.809017 -0.587785 1.823087 10
0.333333 -0.000000 1.815368 7
0.333333 -0.000000 1.815368 7
0.809017 -0.587785 1.823087 10
1.000000 0.000000 1.841035 6
0.321175 -0.475528 1.800085 11
-0.206011 -0.391857 1.766684 12
0.309017 -0.951057 1.783760 14
0.809017 -0.587785 1.823087 10
0.321175 -0.475528 1.800085 11
0.309017 -0.951057 1.783760 14
0.333333 -0.000000 1.815368 7
-0.206011 -0.391857 1.766684 12
0.321175 -0.475528 1.800085 11
0.809017 0.587785 1.825315 3
0.333333 -0.000000 1.815368 7
1.000000 0.000000 1.841035 6
0.809017 0.587785 1.825315 3
0.309017 0.951057 1.785551 1
0.012158 0.475528 1.780304 4
-0.809017 -0.587785 1.741367 13
-0.309017 -0.951057 1.755911 15
-0.206011 -0.391857 1.766684 12
