-0.507514 0.097964 1.887909 8
-0.809017 -0.587785 1.878482 13
-0.206011 -0.391857 1.902288 12
-0.507514 0.097964 1.887909 8
-1.000000 -0.000000 1.876906 9
-0.809017 -0.587785 1.878482 13
0.333333 -0.000000 1.947560 7
-0.507514 0.097964 1.887909 8
-0.206011 -0.391857 1.902288 12
0.012158 0.475528 1.915600 4
-0.809017 0.587785 1.876787 5
-0.507514 0.097964 1.887909 8
0.333333 -0.000000 1.947560 7
0.012158 0.475528 1.915600 4
-0.507514 0.097964 1.887909 8
0.012158 0.475528 1.915600 4
0.309017 0.951057 1.921764 1
-0.309017 0.951057 1.896768 2
0.012158 0.475528 1.915600 4
0.333333 -0.000000 1.947560 7
0.809017 0.587785 1.958455 3
-0.809017 0.587785 1.876787 5
0.012158 0.475528 1.915600 4
-0.309017 0.951057 1.896768 2
-0.809017 0.587785 1.876787 5
-1.000000 -0.000000 1.876906 9
-0.507514 0.097964 1.887909 8
-0.309017 -0.951057 1.893229 15
0.309017 -0.951057 1.920267 14
-0.206011 -0.391857 1.902288 12
0.321175 -0.475528 1.934393 11
0.809017 -0.587785 1.956302 10
0.333333 -0.000000 1.947560 7
0.333333 -0.000000 1.947560 7
0.809017 -0.587785 1.956302 10
1.000000 0.000000 1.972293 6
0.321175 -0.475528 1.934393 11
-0.206011 -0.391857 1.902288 12
0.309017 -0.951057 1.920267 14
0.809017 -0.587785 1.956302 10
0.321175 -0.475528 1.934393 11
0.309017 -0.951057 1.920267 14
0.333333 -0.000000 1.947560 7
-0.206011 -0.391857 1.902288 12
0.321175 -0.475528 1.934393 11
0.809017 0.587785 1.958455 3
0.333333 -0.000000 1.947560 7
1.000000 0.000000 1.972293 6
0.809017 0.587785 1.958455 3
0.309017 0.951057 1.921764 1
0.012158 0.475528 1.915600 4
-0.809017 -0.587785 1.878482 13
-0.309017 -0.951057 1.893229 15
-0.206011 -0.391857 1.902288 12
