-0.507514 0.097964 0.416399 8
-0.809017 -0.587785 0.373954 13
-0.206011 -0.391857 0.436229 12
-0.507514 0.097964 0.416399 8
-1.000000 -0.000000 0.385342 9
-0.809017 -0.587785 0.373954 13
0.333333 -0.000000 0.610141 7
-0.507514 0.097964 0.416399 8
-0.206011 -0.391857 0.436229 12
0.012158 0.475528 0.452171 4
-0.809017 0.587785 0.368058 5
-0.507514 0.097964 0.416399 8
0.333333 -0.000000 0.610141 7
0.012158 0.475528 0.452171 4
-0.507514 0.097964 0.416399 8
0.012158 0.475528 0.452171 4
0.309017 0.951057 0.385995 1
-0.309017 0.951057 0.383028 2
0.012158 0.475528 0.452171 4
0.333333 -0.000000 0.610141 7
0.809017 0.587785 0.472991 3
-0.809017 0.587785 0.368058 5
0.012158 0.475528 0.452171 4
-0.309017 0.951057 0.383028 2
-0.809017 0.587785 0.368058 5
-1.000000 -0.000000 0.385342 9
-0.507514 0.097964 0.416399 8
-0.309017 -0.951057 0.379698 15
0.309017 -0.951057 0.385480 14
-0.206011 -0.391857 0.436229 12
0.321175 -0.475528 0.478802 11
0.809017 -0.587785 0.462059 10
0.333333 -0.000000 0.610141 7
0.333333 -0.000000 0.610141 7
0.809017 -0.587785 0.462059 10
1.000000 0.000000 0.536126 6
0.321175 -0.475528 0.478802 11
-0.206011 -0.391857 0.436229 12
0.309017 -0.951057 0.385480 14
0.809017 -0.587785 0.462059 10
0.321175 -0.475528 0.478802 11
0.309017 -0.951057 0.385480 14
0.333333 -0.000000 0.610141 7
-0.206011 -0.391857 0.436229 12
0.321175 -0.475528 0.478802 11
0.809017 0.587785 0.472991 3
0.333333 -0.000000 0.610141 7
1.000000 0.000000 0.536126 6
0.809017 0.587785 0.472991 3
0.309017 0.951057 0.385995 1
0.012158 0.475528 0.452171 4
-0.809017 -0.587785 0.373954 13
-0.309017 -0.951057 0.379698 15
-0.206011 -0.391857 0.436229 12
