-0.507514 0.097964 2.261216 8
-0.809017 -0.587785 2.254176 13
-0.206011 -0.391857 2.274698 12
-0.507514 0.097964 2.261216 8
-1.000000 -0.000000 2.251769 9
-0.809017 -0.587785 2.254176 13
0.333333 -0.000000 2.312304 7
-0.507514 0.097964 2.261216 8
-0.206011 -0.391857 2.274698 12
0.012158 0.475528 2.286962 4
-0.809017 0.587785 2.252987 5
-0.507514 0.097964 2.261216 8
0.333333 -0.000000 2.312304 7
0.012158 0.475528 2.286962 4
-0.507514 0.097964 2.261216 8
0.012158 0.475528 2.286962 4
0.309017 0.951057 2.294243 1
-0.309017 0.951057 2.272190 2
0.012158 0.475528 2.286962 4
0.333333 -0.000000 2.312304 7
0.809017 0.587785 2.323905 3
-0.809017 0.587785 2.252987 5
0.012158 0.475528 2.286962 4
-0.309017 0.951057 2.272190 2
-0.809017 0.587785 2.252987 5
-1.000000 -0.000000 2.251769 9
-0.507514 0.097964 2.261216 8
-0.309017 -0.951057 2.268900 15
0.309017 -0.951057 2.293344 14
-0.206011 -0.391857 2.274698 12
0.321175 -0.475528 2.303164 11
0.809017 -0.587785 2.321976 10
0.333333 -0.000000 2.312304 7
0.333333 -0.000000 2.312304 7
0.809017 -0.587785 2.321976 10
1.000000 0.000000 2.333919 6
0.321175 -0.475528 2.303164 11
-0.206011 -0.391857 2.274698 12
0.309017 -0.951057 2.293344 14
0.809017 -0.587785 2.321976 10
0.321175 -0.475528 2.303164 11
0.309017 -0.951057 2.293344 14
0.333333 -0.000000 2.312304 7
-0.206011 -0.391857 2.274698 12
0.321175 -0.475528 2.303164 11
0.809017 0.587785 2.323905 3
0.333333 -0.000000 2.312304 7
1.000000 0.000000 2.333919 6
0.809017 0.587785 2.323905 3
0.309017 0.951057 2.294243 1
0.012158 0.475528 2.286962 4
-0.809017 -0.587785 2.254176 13
-0.309017 -0.951057 2.268900 15
-0.206011 -0.391857 2.274698 12
