-0.507514 0.097964 0.620804 8
-0.809017 -0.587785 0.583037 13
-0.206011 -0.391857 0.639366 12
-0.507514 0.097964 0.620804 8
-1.000000 -0.000000 0.591002 9
-0.809017 -0.587785 0.583037 13
0.333333 -0.000000 0.763029 7
-0.507514 0.097964 0.620804 8
-0.206011 -0.391857 0.639366 12
0.012158 0.475528 0.653669 4
-0.809017 0.587785 0.578182 5
-0.507514 0.097964 0.620804 8
0.333333 -0.000000 0.763029 7
0.012158 0.475528 0.653669 4
-0.507514 0.097964 0.620804 8
0.012158 0.475528 0.653669 4
0.309017 0.951057 0.610346 1
-0.309017 0.951057 0.594676 2
0.012158 0.475528 0.653669 4
0.333333 -0.000000 0.763029 7
0.809017 0.587785 0.691338 3
-0.809017 0.587785 0.578182 5
0.012158 0.475528 0.653669 4
-0.309017 0.951057 0.594676 2
-0.809017 0.587785 0.578182 5
-1.000000 -0.000000 0.591002 9
-0.507514 0.097964 0.620804 8
-0.309017 -0.951057 0.589850 15
0.309017 -0.951057 0.608094 14
-0.206011 -0.391857 0.639366 12
0.321175 -0.475528 0.678970 11
0.809017 -0.587785 0.685061 10
0.333333 -0.000000 0.763029 7
0.333333 -0.000000 0.763029 7
0.809017 -0.587785 0.685061 10
1.000000 0.000000 0.744714 6
0.321175 -0.475528 0.678970 11
-0.206011 -0.391857 0.639366 12
0.309017 -0.951057 0.608094 14
0.809017 -0.587785 0.685061 10
0.321175 -0.475528 0.678970 11
0.309017 -0.951057 0.608094 14
0.333333 -0.000000 0.763029 7
-0.206011 -0.391857 0.639366 12
0.321175 -0.475528 0.678970 11
0.809017 0.587785 0.691338 3
0.333333 -0.000000 0.763029 7
1.000000 0.000000 0.744714 6
0.809017 0.587785 0.691338 3
0.309017 0.951057 0.610346 1
0.012158 0.475528 0.653669 4
-0.809017 -0.587785 0.583037 13
-0.309017 -0.951057 0.589850 15
-0.206011 -0.391857 0.639366 12
