-0.507514 0.097964 0.571287 8
-0.809017 -0.587785 0.531971 13
-0.206011 -0.391857 0.590258 12
-0.507514 0.097964 0.571287 8
-1.000000 -0.000000 0.540705 9
-0.809017 -0.587785 0.531971 13
0.333333 -0.000000 0.723324 7
-0.507514 0.097964 0.571287 8
-0.206011 -0.391857 0.590258 12
0.012158 0.475528 0.604818 4
-0.809017 0.587785 0.526861 5
-0.507514 0.097964 0.571287 8
0.333333 -0.000000 0.723324 7
0.012158 0.475528 0.604818 4
-0.507514 0.097964 0.571287 8
0.012158 0.475528 0.604818 4
0.309017 0.951057 0.556082 1
-0.309017 0.951057 0.543058 2
0.012158 0.475528 0.604818 4
0.333333 -0.000000 0.723324 7
0.809017 0.587785 0.639109 3
-0.809017 0.587785 0.526861 5
0.012158 0.475528 0.604818 4
-0.309017 0.951057 0.543058 2
-0.809017 0.587785 0.526861 5
-1.000000 -0.000000 0.540705 9
-0.507514 0.097964 0.571287 8
-0.309017 -0.951057 0.538357 15
0.309017 -0.951057 0.554237 14
-0.206011 -0.391857 0.590258 12
0.321175 -0.475528 0.630293 11
0.809017 -0.587785 0.631958 10
0.333333 -0.000000 0.723324 7
0.333333 -0.000000 0.723324 7
0.809017 -0.587785 0.631958 10
1.000000 0.000000 0.695127 6
0.321175 -0.475528 0.630293 11
-0.206011 -0.391857 0.590258 12
0.309017 -0.951057 0.554237 14
0.809017 -0.587785 0.631958 10
0.321175 -0.475528 0.630293 11
0.309017 -0.951057 0.554237 14
0.333333 -0.000000 0.723324 7
-0.206011 -0.391857 0.590258 12
0.321175 -0.475528 0.630293 11
0.809017 0.587785 0.639109 3
0.333333 -0.000000 0.723324 7
1.000000 0.000000 0.695127 6
0.809017 0.587785 0.639109 3
0.309017 0.951057 0.556082 1
0.012158 0.475528 0.604818 4
-0.809017 -0.587785 0.531971 13
-0.309017 -0.951057 0.538357 15
-0.206011 -0.391857 0.590258 12
