-0.507514 0.097964 2.203104 8
-0.809017 -0.587785 2.195766 13
-0.206011 -0.391857 2.216739 12
-0.507514 0.097964 2.203104 8
-1.000000 -0.000000 2.193454 9
-0.809017 -0.587785 2.195766 13
0.333333 -0.000000 2.255404 7
-0.507514 0.097964 2.203104 8
-0.206011 -0.391857 2.216739 12
0.012158 0.475528 2.229179 4
-0.809017 0.587785 2.194508 5
-0.507514 0.097964 2.203104 8
0.333333 -0.000000 2.255404 7
0.012158 0.475528 2.229179 4
-0.507514 0.097964 2.203104 8
0.012158 0.475528 2.229179 4
0.309017 0.951057 2.236382 1
-0.309017 0.951057 2.213871 2
0.012158 0.475528 2.229179 4
0.333333 -0.000000 2.255404 7
0.809017 0.587785 2.267019 3
-0.809017 0.587785 2.194508 5
0.012158 0.475528 2.229179 4
-0.309017 0.951057 2.213871 2
-0.809017 0.587785 2.194508 5
-1.000000 -0.000000 2.193454 9
-0.507514 0.097964 2.203104 8
-0.309017 -0.951057 2.210542 15
0.309017 -0.951057 2.235408 14
-0.206011 -0.391857 2.216739 12
0.321175 -0.475528 2.245768 11
0.809017 -0.587785 2.265053 10
0.333333 -0.000000 2.255404 7
0.333333 -0.000000 2.255404 7
0.809017 -0.587785 2.265053 10
1.000000 0.000000 2.277523 6
0.321175 -0.475528 2.245768 11
-0.206011 -0.391857 2.216739 12
0.309017 -0.951057 2.235408 14
0.809017 -0.587785 2.265053 10
0.321175 -0.475528 2.245768 11
0.309017 -0.951057 2.235408 14
0.333333 -0.000000 2.255404 7
-0.206011 -0.391857 2.216739 12
0.321175 -0.475528 2.245768 11
0.809017 0.587785 2.267019 3
0.333333 -0.000000 2.255404 7
1.000000 0.000000 2.277523 6
0.809017 0.587785 2.267019 3
0.309017 0.951057 2.236382 1
0.012158 0.475528 2.229179 4
-0.809017 -0.587785 2.195766 13
-0.309017 -0.951057 2.210542 15
-0.206011 -0.391857 2.216739 12
