-0.507514 0.097964 1.947222 8
-0.809017 -0.587785 1.938262 13
-0.206011 -0.391857 1.961473 12
-0.507514 0.097964 1.947222 8
-1.000000 -0.000000 1.936515 9
-0.809017 -0.587785 1.938262 13
0.333333 -0.000000 2.005375 7
-0.507514 0.097964 1.947222 8
-0.206011 -0.391857 1.961473 12
0.012158 0.475528 1.974635 4
-0.809017 0.587785 1.936657 5
-0.507514 0.097964 1.947222 8
0.333333 -0.000000 2.005375 7
0.012158 0.475528 1.974635 4
-0.507514 0.097964 1.947222 8
0.012158 0.475528 1.974635 4
0.309017 0.951057 1.981094 1
-0.309017 0.951057 1.956559 2
0.012158 0.475528 1.974635 4
0.333333 -0.000000 2.005375 7
0.809017 0.587785 2.016538 3
-0.809017 0.587785 1.936657 5
0.012158 0.475528 1.974635 4
-0.309017 0.951057 1.956559 2
-0.809017 0.587785 1.936657 5
-1.000000 -0.000000 1.936515 9
-0.507514 0.097964 1.947222 8
-0.309017 -0.951057 1.953059 15
0.309017 -0.951057 1.979712 14
-0.206011 -0.391857 1.961473 12
0.321175 -0.475528 1.993002 11
0.809017 -0.587785 2.014418 10
0.333333 -0.000000 2.005375 7
0.333333 -0.000000 2.005375 7
0.809017 -0.587785 2.014418 10
1.000000 0.000000 2.029648 6
0.321175 -0.475528 1.993002 11
-0.206011 -0.391857 1.961473 12
0.309017 -0.951057 1.979712 14
0.809017 -0.587785 2.014418 10
0.321175 -0.475528 1.993002 11
0.309017 -0.951057 1.979712 14
0.333333 -0.000000 2.005375 7
-0.206011 -0.391857 1.961473 12
0.321175 -0.475528 1.993002 11
0.809017 0.587785 2.016538 3
0.333333 -0.000000 2.005375 7
1.000000 0.000000 2.029648 6
0.809017 0.587785 2.016538 3
0.309017 0.951057 1.981094 1
0.012158 0.475528 1.974635 4
-0.809017 -0.587785 1.938262 13
-0.309017 -0.951057 1.953059 15
-0.206011 -0.391857 1.961473 12
