-0.507514 0.097964 0.382269 8
-0.809017 -0.587785 0.339735 13
-0.206011 -0.391857 0.402066 12
-0.507514 0.097964 0.382269 8
-1.000000 -0.000000 0.351702 9
-0.809017 -0.587785 0.339735 13
0.333333 -0.000000 0.588175 7
-0.507514 0.097964 0.382269 8
-0.206011 -0.391857 0.402066 12
0.012158 0.475528 0.418414 4
-0.809017 0.587785 0.333689 5
-0.507514 0.097964 0.382269 8
0.333333 -0.000000 0.588175 7
0.012158 0.475528 0.418414 4
-0.507514 0.097964 0.382269 8
0.012158 0.475528 0.418414 4
0.309017 0.951057 0.348798 1
-0.309017 0.951057 0.348284 2
0.012158 0.475528 0.418414 4
0.333333 -0.000000 0.588175 7
0.809017 0.587785 0.435759 3
-0.809017 0.587785 0.333689 5
0.012158 0.475528 0.418414 4
-0.309017 0.951057 0.348284 2
-0.809017 0.587785 0.333689 5
-1.000000 -0.000000 0.351702 9
-0.507514 0.097964 0.382269 8
-0.309017 -0.951057 0.345538 15
0.309017 -0.951057 0.348495 14
-0.206011 -0.391857 0.402066 12
0.321175 -0.475528 0.445464 11
0.809017 -0.587785 0.423798 10
0.333333 -0.000000 0.588175 7
0.333333 -0.000000 0.588175 7
0.809017 -0.587785 0.423798 10
1.000000 0.000000 0.499901 6
0.321175 -0.475528 0.445464 11
-0.206011 -0.391857 0.402066 12
0.309017 -0.951057 0.348495 14
0.809017 -0.587785 0.423798 10
0.321175 -0.475528 0.445464 11
0.309017 -0.951057 0.348495 14
0.333333 -0.000000 0.588175 7
-0.206011 -0.391857 0.402066 12
0.321175 -0.475528 0.445464 11
0.809017 0.587785 0.435759 3
0.333333 -0.000000 0.588175 7
1.000000 0.000000 0.499901 6
0.809017 0.587785 0.435759 3
0.309017 0.951057 0.348798 1
0.012158 0.475528 0.418414 4
-0.809017 -0.587785 0.339735 13
-0.309017 -0.951057 0.345538 15
-0.206011 -0.391857 0.402066 12
