-0.507514 0.097964 1.398003 8
-0.809017 -0.587785 1.382582 13
-0.206011 -0.391857 1.413269 12
-0.507514 0.097964 1.398003 8
-1.000000 -0.000000 1.383146 9
-0.809017 -0.587785 1.382582 13
0.333333 -0.000000 1.473309 7
-0.507514 0.097964 1.398003 8
-0.206011 -0.391857 1.413269 12
0.012158 0.475528 1.427380 4
-0.809017 0.587785 1.380020 5
-0.507514 0.097964 1.398003 8
0.333333 -0.000000 1.473309 7
0.012158 0.475528 1.427380 4
-0.507514 0.097964 1.398003 8
0.012158 0.475528 1.427380 4
0.309017 0.951057 1.427807 1
-0.309017 0.951057 1.399807 2
0.012158 0.475528 1.427380 4
0.333333 -0.000000 1.473309 7
0.809017 0.587785 1.477223 3
-0.809017 0.587785 1.380020 5
0.012158 0.475528 1.427380 4
-0.309017 0.951057 1.399807 2
-0.809017 0.587785 1.380020 5
-1.000000 -0.000000 1.383146 9
-0.507514 0.097964 1.398003 8
-0.309017 -0.951057 1.395919 15
0.309017 -0.951057 1.425083 14
-0.206011 -0.391857 1.413269 12
0.321175 -0.475528 1.449679 11
0.809017 -0.587785 1.474785 10
0.333333 -0.000000 1.473309 7
0.333333 -0.000000 1.473309 7
0.809017 -0.587785 1.474785 10
1.000000 0.000000 1.499713 6
0.321175 -0.475528 1.449679 11
-0.206011 -0.391857 1.413269 12
0.309017 -0.951057 1.425083 14
0.809017 -0.587785 1.474785 10
0.321175 -0.475528 1.449679 11
0.309017 -0.951057 1.425083 14
0.333333 -0.000000 1.473309 7
-0.206011 -0.391857 1.413269 12
0.321175 -0.475528 1.449679 11
0.809017 0.587785 1.477223 3
0.333333 -0.000000 1.473309 7
1.000000 0.000000 1.499713 6
0.809017 0.587785 1.477223 3
0.309017 0.951057 1.427807 1
0.012158 0.475528 1.427380 4
-0.809017 -0.587785 1.382582 13
-0.309017 -0.951057 1.395919 15
-0.206011 -0.391857 1.413269 12
