-0.507514 0.097964 0.303100 8
-0.809017 -0.587785 0.261722 13
-0.206011 -0.391857 0.322176 12
-0.507514 0.097964 0.303100 8
-1.000000 -0.000000 0.274816 9
-0.809017 -0.587785 0.261722 13
0.333333 -0.000000 0.542906 7
-0.507514 0.097964 0.303100 8
-0.206011 -0.391857 0.322176 12
0.012158 0.475528 0.339446 4
-0.809017 0.587785 0.255452 5
-0.507514 0.097964 0.303100 8
0.333333 -0.000000 0.542906 7
0.012158 0.475528 0.339446 4
-0.507514 0.097964 0.303100 8
0.012158 0.475528 0.339446 4
0.309017 0.951057 0.263831 1
-0.309017 0.951057 0.268909 2
0.012158 0.475528 0.339446 4
0.333333 -0.000000 0.542906 7
0.809017 0.587785 0.348405 3
-0.809017 0.587785 0.255452 5
0.012158 0.475528 0.339446 4
-0.309017 0.951057 0.268909 2
-0.809017 0.587785 0.255452 5
-1.000000 -0.000000 0.274816 9
-0.507514 0.097964 0.303100 8
-0.309017 -0.951057 0.268010 15
0.309017 -0.951057 0.263723 14
-0.206011 -0.391857 0.322176 12
0.321175 -0.475528 0.367600 11
0.809017 -0.587785 0.333970 10
0.333333 -0.000000 0.542906 7
0.333333 -0.000000 0.542906 7
0.809017 -0.587785 0.333970 10
1.000000 0.000000 0.413244 6
0.321175 -0.475528 0.367600 11
-0.206011 -0.391857 0.322176 12
0.309017 -0.951057 0.263723 14
0.809017 -0.587785 0.333970 10
0.321175 -0.475528 0.367600 11
0.309017 -0.951057 0.263723 14
0.333333 -0.000000 0.542906 7
-0.206011 -0.391857 0.322176 12
0.321175 -0.475528 0.367600 11
0.809017 0.587785 0.348405 3
0.333333 -0.000000 0.542906 7
1.000000 0.000000 0.413244 6
0.809017 0.587785 0.348405 3
0.309017 0.951057 0.263831 1
0.012158 0.475528 0.339446 4
-0.809017 -0.587785 0.261722 13
-0.309017 -0.951057 0.268010 15
-0.206011 -0.391857 0.322176 12
