-0.507514 0.097964 2.193213 8
-0.809017 -0.587785 2.185822 13
-0.206011 -0.391857 2.206873 12
-0.507514 0.097964 2.193213 8
-1.000000 -0.000000 2.183527 9
-0.809017 -0.587785 2.185822 13
0.333333 -0.000000 2.245724 7
-0.507514 0.097964 2.193213 8
-0.206011 -0.391857 2.206873 12
0.012158 0.475528 2.219343 4
-0.809017 0.587785 2.184552 5
-0.507514 0.097964 2.193213 8
0.333333 -0.000000 2.245724 7
0.012158 0.475528 2.219343 4
-0.507514 0.097964 2.193213 8
0.012158 0.475528 2.219343 4
0.309017 0.951057 2.226530 1
-0.309017 0.951057 2.203941 2
0.012158 0.475528 2.219343 4
0.333333 -0.000000 2.245724 7
0.809017 0.587785 2.257337 3
-0.809017 0.587785 2.184552 5
0.012158 0.475528 2.219343 4
-0.309017 0.951057 2.203941 2
-0.809017 0.587785 2.184552 5
-1.000000 -0.000000 2.183527 9
-0.507514 0.097964 2.193213 8
-0.309017 -0.951057 2.200605 15
0.309017 -0.951057 2.225543 14
-0.206011 -0.391857 2.206873 12
0.321175 -0.475528 2.235998 11
0.809017 -0.587785 2.255365 10
0.333333 -0.000000 2.245724 7
0.333333 -0.000000 2.245724 7
0.809017 -0.587785 2.255365 10
1.000000 0.000000 2.267928 6
0.321175 -0.475528 2.235998 11
-0.206011 -0.391857 2.206873 12
0.309017 -0.951057 2.225543 14
0.809017 -0.587785 2.255365 10
0.321175 -0.475528 2.235998 11
0.309017 -0.951057 2.225543 14
0.333333 -0.000000 2.245724 7
-0.206011 -0.391857 2.206873 12
0.321175 -0.475528 2.235998 11
0.809017 0.587785 2.257337 3
0.333333 -0.000000 2.245724 7
1.000000 0.000000 2.267928 6
0.809017 0.587785 2.257337 3
0.309017 0.951057 2.226530 1
0.012158 0.475528 2.219343 4
-0.809017 -0.587785 2.185822 13
-0.309017 -0.951057 2.200605 15
-0.206011 -0.391857 2.206873 12
