-0.507514 0.097964 1.978118 8
-0.809017 -0.587785 1.969386 13
-0.206011 -0.391857 1.992300 12
-0.507514 0.097964 1.978118 8
-1.000000 -0.000000 1.967557 9
-0.809017 -0.587785 1.969386 13
0.333333 -0.000000 2.035515 7
-0.507514 0.097964 1.978118 8
-0.206011 -0.391857 1.992300 12
0.012158 0.475528 2.005382 4
-0.809017 0.587785 1.967826 5
-0.507514 0.097964 1.978118 8
0.333333 -0.000000 2.035515 7
0.012158 0.475528 2.005382 4
-0.507514 0.097964 1.978118 8
0.012158 0.475528 2.005382 4
0.309017 0.951057 2.011972 1
-0.309017 0.951057 1.987680 2
0.012158 0.475528 2.005382 4
0.333333 -0.000000 2.035515 7
0.809017 0.587785 2.046788 3
-0.809017 0.587785 1.967826 5
0.012158 0.475528 2.005382 4
-0.309017 0.951057 1.987680 2
-0.809017 0.587785 1.967826 5
-1.000000 -0.000000 1.967557 9
-0.507514 0.097964 1.978118 8
-0.309017 -0.951057 1.984200 15
0.309017 -0.951057 2.010647 14
-0.206011 -0.391857 1.992300 12
0.321175 -0.475528 2.023528 11
0.809017 -0.587785 2.044686 10
0.333333 -0.000000 2.035515 7
0.333333 -0.000000 2.035515 7
0.809017 -0.587785 2.044686 10
1.000000 0.000000 2.059539 6
0.321175 -0.475528 2.023528 11
-0.206011 -0.391857 1.992300 12
0.309017 -0.951057 2.010647 14
0.809017 -0.587785 2.044686 10
0.321175 -0.475528 2.023528 11
0.309017 -0.951057 2.010647 14
0.333333 -0.000000 2.035515 7
-0.206011 -0.391857 1.992300 12
0.321175 -0.475528 2.023528 11
0.809017 0.587785 2.046788 3
0.333333 -0.000000 2.035515 7
1.000000 0.000000 2.059539 6
0.809017 0.587785 2.046788 3
0.309017 0.951057 2.011972 1
0.012158 0.475528 2.005382 4
-0.809017 -0.587785 1.969386 13
-0.309017 -0.951057 1.984200 15
-0.206011 -0.391857 1.992300 12
