-0.507514 0.097964 1.629819 8
-0.809017 -0.587785 1.617797 13
-0.206011 -0.391857 1.644692 12
-0.507514 0.097964 1.629819 8
-1.000000 -0.000000 1.617172 9
-0.809017 -0.587785 1.617797 13
0.333333 -0.000000 1.696831 7
-0.507514 0.097964 1.629819 8
-0.206011 -0.391857 1.644692 12
0.012158 0.475528 1.658539 4
-0.809017 0.587785 1.615673 5
-0.507514 0.097964 1.629819 8
0.333333 -0.000000 1.696831 7
0.012158 0.475528 1.658539 4
-0.507514 0.097964 1.629819 8
0.012158 0.475528 1.658539 4
0.309017 0.951057 1.662597 1
-0.309017 0.951057 1.635753 2
0.012158 0.475528 1.658539 4
0.333333 -0.000000 1.696831 7
0.809017 0.587785 1.705404 3
-0.809017 0.587785 1.615673 5
0.012158 0.475528 1.658539 4
-0.309017 0.951057 1.635753 2
-0.809017 0.587785 1.615673 5
-1.000000 -0.000000 1.617172 9
-0.507514 0.097964 1.629819 8
-0.309017 -0.951057 1.632043 15
0.309017 -0.951057 1.660507 14
-0.206011 -0.391857 1.644692 12
0.321175 -0.475528 1.679211 11
0.809017 -0.587785 1.703110 10
0.333333 -0.000000 1.696831 7
0.333333 -0.000000 1.696831 7
0.809017 -0.587785 1.703110 10
1.000000 0.000000 1.723118 6
0.321175 -0.475528 1.679211 11
-0.206011 -0.391857 1.644692 12
0.309017 -0.951057 1.660507 14
0.809017 -0.587785 1.703110 10
0.321175 -0.475528 1.679211 11
0.309017 -0.951057 1.660507 14
0.333333 -0.000000 1.696831 7
-0.206011 -0.391857 1.644692 12
0.321175 -0.475528 1.679211 11
0.809017 0.587785 1.705404 3
0.333333 -0.000000 1.696831 7
1.000000 0.000000 1.723118 6
0.809017 0.587785 1.705404 3
0.309017 0.951057 1.662597 1
0.012158 0.475528 1.658539 4
-0.809017 -0.587785 1.617797 13
-0.309017 -0.951057 1.632043 15
-0.206011 -0.391857 1.644692 12
