-0.507514 0.097964 0.643038 8
-0.809017 -0.587785 0.606016 13
-0.206011 -0.391857 0.661417 12
-0.507514 0.097964 0.643038 8
-1.000000 -0.000000 0.613652 9
-0.809017 -0.587785 0.606016 13
0.333333 -0.000000 0.781279 7
-0.507514 0.097964 0.643038 8
-0.206011 -0.391857 0.661417 12
0.012158 0.475528 0.675632 4
-0.809017 0.587785 0.601267 5
-0.507514 0.097964 0.643038 8
0.333333 -0.000000 0.781279 7
0.012158 0.475528 0.675632 4
-0.507514 0.097964 0.643038 8
0.012158 0.475528 0.675632 4
0.309017 0.951057 0.634646 1
-0.309017 0.951057 0.617889 2
0.012158 0.475528 0.675632 4
0.333333 -0.000000 0.781279 7
0.809017 0.587785 0.714667 3
-0.809017 0.587785 0.601267 5
0.012158 0.475528 0.675632 4
-0.309017 0.951057 0.617889 2
-0.809017 0.587785 0.601267 5
-1.000000 -0.000000 0.613652 9
-0.507514 0.097964 0.643038 8
-0.309017 -0.951057 0.613034 15
0.309017 -0.951057 0.632224 14
-0.206011 -0.391857 0.661417 12
0.321175 -0.475528 0.700874 11
0.809017 -0.587785 0.708736 10
0.333333 -0.000000 0.781279 7
0.333333 -0.000000 0.781279 7
0.809017 -0.587785 0.708736 10
1.000000 0.000000 0.766847 6
0.321175 -0.475528 0.700874 11
-0.206011 -0.391857 0.661417 12
0.309017 -0.951057 0.632224 14
0.809017 -0.587785 0.708736 10
0.321175 -0.475528 0.700874 11
0.309017 -0.951057 0.632224 14
0.333333 -0.000000 0.781279 7
-0.206011 -0.391857 0.661417 12
0.321175 -0.475528 0.700874 11
0.809017 0.587785 0.714667 3
0.333333 -0.000000 0.781279 7
1.000000 0.000000 0.766847 6
0.809017 0.587785 0.714667 3
0.309017 0.951057 0.634646 1
0.012158 0.475528 0.675632 4
-0.809017 -0.587785 0.606016 13
-0.309017 -0.951057 0.613034 15
-0.206011 -0.391857 0.661417 12
