-0.507514 0.097964 2.719952 8
-0.809017 -0.587785 2.714664 13
-0.206011 -0.391857 2.732096 12
-0.507514 0.097964 2.719952 8
-1.000000 -0.000000 2.711835 9
-0.809017 -0.587785 2.714664 13
0.333333 -0.000000 2.762590 7
-0.507514 0.097964 2.719952 8
-0.206011 -0.391857 2.732096 12
0.012158 0.475528 2.742897 4
-0.809017 0.587785 2.713912 5
-0.507514 0.097964 2.719952 8
0.333333 -0.000000 2.762590 7
0.012158 0.475528 2.742897 4
-0.507514 0.097964 2.719952 8
0.012158 0.475528 2.742897 4
0.309017 0.951057 2.750126 1
-0.309017 0.951057 2.731507 2
0.012158 0.475528 2.742897 4
0.333333 -0.000000 2.762590 7
0.809017 0.587785 2.773329 3
-0.809017 0.587785 2.713912 5
0.012158 0.475528 2.742897 4
-0.309017 0.951057 2.731507 2
-0.809017 0.587785 2.713912 5
-1.000000 -0.000000 2.711835 9
-0.507514 0.097964 2.719952 8
-0.309017 -0.951057 2.728544 15
0.309017 -0.951057 2.749634 14
-0.206011 -0.391857 2.732096 12
0.321175 -0.475528 2.756315 11
0.809017 -0.587785 2.771694 10
0.333333 -0.000000 2.762590 7
0.333333 -0.000000 2.762590 7
0.809017 -0.587785 2.771694 10
1.000000 0.000000 2.780391 6
0.321175 -0.475528 2.756315 11
-0.206011 -0.391857 2.732096 12
0.309017 -0.951057 2.749634 14
0.809017 -0.587785 2.771694 10
0.321175 -0.475528 2.756315 11
0.309017 -0.951057 2.749634 14
0.333333 -0.000000 2.762590 7
-0.206011 -0.391857 2.732096 12
0.321175 -0.475528 2.756315 11
0.809017 0.587785 2.773329 3
0.333333 -0.000000 2.762590 7
1.000000 0.000000 2.780391 6
0.809017 0.587785 2.773329 3
0.309017 0.951057 2.750126 1
0.012158 0.475528 2.742897 4
-0.809017 -0.587785 2.714664 13
-0.309017 -0.951057 2.728544 15
-0.206011 -0.391857 2.732096 12
