-0.507514 0.097964 1.537292 8
-0.809017 -0.587785 1.524058 13
-0.206011 -0.391857 1.552324 12
-0.507514 0.097964 1.537292 8
-1.000000 -0.000000 1.523867 9
-0.809017 -0.587785 1.524058 13
0.333333 -0.000000 1.607375 7
-0.507514 0.097964 1.537292 8
-0.206011 -0.391857 1.552324 12
0.012158 0.475528 1.566304 4
-0.809017 0.587785 1.521765 5
-0.507514 0.097964 1.537292 8
0.333333 -0.000000 1.607375 7
0.012158 0.475528 1.566304 4
-0.507514 0.097964 1.537292 8
0.012158 0.475528 1.566304 4
0.309017 0.951057 1.569164 1
-0.309017 0.951057 1.541774 2
0.012158 0.475528 1.566304 4
0.333333 -0.000000 1.607375 7
0.809017 0.587785 1.614469 3
-0.809017 0.587785 1.521765 5
0.012158 0.475528 1.566304 4
-0.309017 0.951057 1.541774 2
-0.809017 0.587785 1.521765 5
-1.000000 -0.000000 1.523867 9
-0.507514 0.097964 1.537292 8
-0.309017 -0.951057 1.537998 15
0.309017 -0.951057 1.566829 14
-0.206011 -0.391857 1.552324 12
0.321175 -0.475528 1.587641 11
0.809017 -0.587785 1.612123 10
0.333333 -0.000000 1.607375 7
0.333333 -0.000000 1.607375 7
0.809017 -0.587785 1.612123 10
1.000000 0.000000 1.633917 6
0.321175 -0.475528 1.587641 11
-0.206011 -0.391857 1.552324 12
0.309017 -0.951057 1.566829 14
0.809017 -0.587785 1.612123 10
0.321175 -0.475528 1.587641 11
0.309017 -0.951057 1.566829 14
0.333333 -0.000000 1.607375 7
-0.206011 -0.391857 1.552324 12
0.321175 -0.475528 1.587641 11
0.809017 0.587785 1.614469 3
0.333333 -0.000000 1.607375 7
1.000000 0.000000 1.633917 6
0.809017 0.587785 1.614469 3
0.309017 0.951057 1.569164 1
0.012158 0.475528 1.566304 4
-0.809017 -0.587785 1.524058 13
-0.309017 -0.951057 1.537998 15
-0.206011 -0.391857 1.552324 12
