-0.507514 0.097964 0.455376 8
-0.809017 -0.587785 0.413361 13
-0.206011 -0.391857 0.475107 12
-0.507514 0.097964 0.455376 8
-1.000000 -0.000000 0.424066 9
-0.809017 -0.587785 0.413361 13
0.333333 -0.000000 0.636721 7
-0.507514 0.097964 0.455376 8
-0.206011 -0.391857 0.475107 12
0.012158 0.475528 0.490621 4
-0.809017 0.587785 0.407654 5
-0.507514 0.097964 0.455376 8
0.333333 -0.000000 0.636721 7
0.012158 0.475528 0.490621 4
-0.507514 0.097964 0.455376 8
0.012158 0.475528 0.490621 4
0.309017 0.951057 0.428698 1
-0.309017 0.951057 0.422993 2
0.012158 0.475528 0.490621 4
0.333333 -0.000000 0.636721 7
0.809017 0.587785 0.515219 3
-0.809017 0.587785 0.407654 5
0.012158 0.475528 0.490621 4
-0.309017 0.951057 0.422993 2
-0.809017 0.587785 0.407654 5
-1.000000 -0.000000 0.424066 9
-0.507514 0.097964 0.455376 8
-0.309017 -0.951057 0.419139 15
0.309017 -0.951057 0.427880 14
-0.206011 -0.391857 0.475107 12
0.321175 -0.475528 0.516849 11
0.809017 -0.587785 0.505386 10
0.333333 -0.000000 0.636721 7
0.333333 -0.000000 0.636721 7
0.809017 -0.587785 0.505386 10
1.000000 0.000000 0.576865 6
0.321175 -0.475528 0.516849 11
-0.206011 -0.391857 0.475107 12
0.309017 -0.951057 0.427880 14
0.809017 -0.587785 0.505386 10
0.321175 -0.475528 0.516849 11
0.309017 -0.951057 0.427880 14
0.333333 -0.000000 0.636721 7
-0.206011 -0.391857 0.475107 12
0.321175 -0.475528 0.516849 11
0.809017 0.587785 0.515219 3
0.333333 -0.000000 0.636721 7
1.000000 0.000000 0.576865 6
0.809017 0.587785 0.515219 3
0.309017 0.951057 0.428698 1
0.012158 0.475528 0.490621 4
-0.809017 -0.587785 0.413361 13
-0.309017 -0.951057 0.419139 15
-0.206011 -0.391857 0.475107 12
