-0.507514 0.097964 0.378465 8
-0.809017 -0.587785 0.335940 13
-0.206011 -0.391857 0.398250 12
-0.507514 0.097964 0.378465 8
-1.000000 -0.000000 0.347969 9
-0.809017 -0.587785 0.335940 13
0.333333 -0.000000 0.585810 7
-0.507514 0.097964 0.378465 8
-0.206011 -0.391857 0.398250 12
0.012158 0.475528 0.414645 4
-0.809017 0.587785 0.329879 5
-0.507514 0.097964 0.378465 8
0.333333 -0.000000 0.585810 7
0.012158 0.475528 0.414645 4
-0.507514 0.097964 0.378465 8
0.012158 0.475528 0.414645 4
0.309017 0.951057 0.344667 1
-0.309017 0.951057 0.344428 2
0.012158 0.475528 0.414645 4
0.333333 -0.000000 0.585810 7
0.809017 0.587785 0.431594 3
-0.809017 0.587785 0.329879 5
0.012158 0.475528 0.414645 4
-0.309017 0.951057 0.344428 2
-0.809017 0.587785 0.329879 5
-1.000000 -0.000000 0.347969 9
-0.507514 0.097964 0.378465 8
-0.309017 -0.951057 0.341756 15
0.309017 -0.951057 0.344385 14
-0.206011 -0.391857 0.398250 12
0.321175 -0.475528 0.441744 11
0.809017 -0.587785 0.419515 10
0.333333 -0.000000 0.585810 7
0.333333 -0.000000 0.585810 7
0.809017 -0.587785 0.419515 10
1.000000 0.000000 0.495827 6
0.321175 -0.475528 0.441744 11
-0.206011 -0.391857 0.398250 12
0.309017 -0.951057 0.344385 14
0.809017 -0.587785 0.419515 10
0.321175 -0.475528 0.441744 11
0.309017 -0.951057 0.344385 14
0.333333 -0.000000 0.585810 7
-0.206011 -0.391857 0.398250 12
0.321175 -0.475528 0.441744 11
0.809017 0.587785 0.431594 3
0.333333 -0.000000 0.585810 7
1.000000 0.000000 0.495827 6
0.809017 0.587785 0.431594 3
0.309017 0.951057 0.344667 1
0.012158 0.475528 0.414645 4
-0.809017 -0.587785 0.335940 13
-0.309017 -0.951057 0.341756 15
-0.206011 -0.391857 0.398250 12
