-0.507514 0.097964 1.721163 8
-0.809017 -0.587785 1.710178 13
-0.206011 -0.391857 1.735872 12
-0.507514 0.097964 1.721163 8
-1.000000 -0.000000 1.709176 9
-0.809017 -0.587785 1.710178 13
0.333333 -0.000000 1.785391 7
-0.507514 0.097964 1.721163 8
-0.206011 -0.391857 1.735872 12
0.012158 0.475528 1.749555 4
-0.809017 0.587785 1.708213 5
-0.507514 0.097964 1.721163 8
0.333333 -0.000000 1.785391 7
0.012158 0.475528 1.749555 4
-0.507514 0.097964 1.721163 8
0.012158 0.475528 1.749555 4
0.309017 0.951057 1.754538 1
-0.309017 0.951057 1.728306 2
0.012158 0.475528 1.749555 4
0.333333 -0.000000 1.785391 7
0.809017 0.587785 1.795044 3
-0.809017 0.587785 1.708213 5
0.012158 0.475528 1.749555 4
-0.309017 0.951057 1.728306 2
-0.809017 0.587785 1.708213 5
-1.000000 -0.000000 1.709176 9
-0.507514 0.097964 1.721163 8
-0.309017 -0.951057 1.724659 15
0.309017 -0.951057 1.752674 14
-0.206011 -0.391857 1.735872 12
0.321175 -0.475528 1.769561 11
0.809017 -0.587785 1.792799 10
0.333333 -0.000000 1.785391 7
0.333333 -0.000000 1.785391 7
0.809017 -0.587785 1.792799 10
1.000000 0.000000 1.811239 6
0.321175 -0.475528 1.769561 11
-0.206011 -0.391857 1.735872 12
0.309017 -0.951057 1.752674 14
0.809017 -0.587785 1.792799 10
0.321175 -0.475528 1.769561 11
0.309017 -0.951057 1.752674 14
0.333333 -0.000000 1.785391 7
-0.206011 -0.391857 1.735872 12
0.321175 -0.475528 1.769561 11
0.809017 0.587785 1.795044 3
0.333333 -0.000000 1.785391 7
1.000000 0.000000 1.811239 6
0.809017 0.587785 1.795044 3
0.309017 0.951057 1.754538 1
0.012158 0.475528 1.749555 4
-0.809017 -0.587785 1.710178 13
-0.309017 -0.951057 1.724659 15
-0.206011 -0.391857 1.735872 12
