-0.507514 0.097964 0.217235 8
-0.809017 -0.587785 0.180136 13
-0.206011 -0.391857 0.233949 12
-0.507514 0.097964 0.217235 8
-1.000000 -0.000000 0.193577 9
-0.809017 -0.587785 0.180136 13
0.333333 -0.000000 0.505339 7
-0.507514 0.097964 0.217235 8
-0.206011 -0.391857 0.233949 12
0.012158 0.475528 0.251614 4
-0.809017 0.587785 0.174017 5
-0.507514 0.097964 0.217235 8
0.333333 -0.000000 0.505339 7
0.012158 0.475528 0.251614 4
-0.507514 0.097964 0.217235 8
0.012158 0.475528 0.251614 4
0.309017 0.951057 0.175585 1
-0.309017 0.951057 0.185589 2
0.012158 0.475528 0.251614 4
0.333333 -0.000000 0.505339 7
0.809017 0.587785 0.251956 3
-0.809017 0.587785 0.174017 5
0.012158 0.475528 0.251614 4
-0.309017 0.951057 0.185589 2
-0.809017 0.587785 0.174017 5
-1.000000 -0.000000 0.193577 9
-0.507514 0.097964 0.217235 8
-0.309017 -0.951057 0.187346 15
0.309017 -0.951057 0.175029 14
-0.206011 -0.391857 0.233949 12
0.321175 -0.475528 0.280471 11
0.809017 -0.587785 0.235380 10
0.333333 -0.000000 0.505339 7
0.333333 -0.000000 0.505339 7
0.809017 -0.587785 0.235380 10
1.000000 0.000000 0.313188 6
0.321175 -0.475528 0.280471 11
-0.206011 -0.391857 0.233949 12
0.309017 -0.951057 0.175029 14
0.809017 -0.587785 0.235380 10
0.321175 -0.475528 0.280471 11
0.309017 -0.951057 0.175029 14
0.333333 -0.000000 0.505339 7
-0.206011 -0.391857 0.233949 12
0.321175 -0.475528 0.280471 11
0.809017 0.587785 0.251956 3
0.333333 -0.000000 0.505339 7
1.000000 0.000000 0.313188 6
0.809017 0.587785 0.251956 3
0.309017 0.951057 0.175585 1
0.012158 0.475528 0.251614 4
-0.809017 -0.587785 0.180136 13
-0.309017 -0.951057 0.187346 15
-0.206011 -0.391857 0.233949 12
