-0.507514 0.097964 1.294567 8
-0.809017 -0.587785 1.277189 13
-0.206011 -0.391857 1.310017 12
-0.507514 0.097964 1.294567 8
-1.000000 -0.000000 1.278401 9
-0.809017 -0.587785 1.277189 13
0.333333 -0.000000 1.374356 7
-0.507514 0.097964 1.294567 8
-0.206011 -0.391857 1.310017 12
0.012158 0.475528 1.324166 4
-0.809017 0.587785 1.274415 5
-0.507514 0.097964 1.294567 8
0.333333 -0.000000 1.374356 7
0.012158 0.475528 1.324166 4
-0.507514 0.097964 1.294567 8
0.012158 0.475528 1.324166 4
0.309017 0.951057 1.322156 1
-0.309017 0.951057 1.293947 2
0.012158 0.475528 1.324166 4
0.333333 -0.000000 1.374356 7
0.809017 0.587785 1.374924 3
-0.809017 0.587785 1.274415 5
0.012158 0.475528 1.324166 4
-0.309017 0.951057 1.293947 2
-0.809017 0.587785 1.274415 5
-1.000000 -0.000000 1.278401 9
-0.507514 0.097964 1.294567 8
-0.309017 -0.951057 1.289959 15
0.309017 -0.951057 1.319148 14
-0.206011 -0.391857 1.310017 12
0.321175 -0.475528 1.347129 11
0.809017 -0.587785 1.372396 10
0.333333 -0.000000 1.374356 7
0.333333 -0.000000 1.374356 7
0.809017 -0.587785 1.372396 10
1.000000 0.000000 1.400067 6
0.321175 -0.475528 1.347129 11
-0.206011 -0.391857 1.310017 12
0.309017 -0.951057 1.319148 14
0.809017 -0.587785 1.372396 10
0.321175 -0.475528 1.347129 11
0.309017 -0.951057 1.319148 14
0.333333 -0.000000 1.374356 7
-0.206011 -0.391857 1.310017 12
0.321175 -0.475528 1.347129 11
0.809017 0.587785 1.374924 3
0.333333 -0.000000 1.374356 7
1.000000 0.000000 1.400067 6
0.809017 0.587785 1.374924 3
0.309017 0.951057 1.322156 1
0.012158 0.475528 1.324166 4
-0.809017 -0.587785 1.277189 13
-0.309017 -0.951057 1.289959 15
-0.206011 -0.391857 1.310017 12
