-0.507514 0.097964 1.634755 8
-0.809017 -0.587785 1.622793 13
-0.206011 -0.391857 1.649620 12
-0.507514 0.097964 1.634755 8
-1.000000 -0.000000 1.622147 9
-0.809017 -0.587785 1.622793 13
0.333333 -0.000000 1.701611 7
-0.507514 0.097964 1.634755 8
-0.206011 -0.391857 1.649620 12
0.012158 0.475528 1.663459 4
-0.809017 0.587785 1.620678 5
-0.507514 0.097964 1.634755 8
0.333333 -0.000000 1.701611 7
0.012158 0.475528 1.663459 4
-0.507514 0.097964 1.634755 8
0.012158 0.475528 1.663459 4
0.309017 0.951057 1.667573 1
-0.309017 0.951057 1.640760 2
0.012158 0.475528 1.663459 4
0.333333 -0.000000 1.701611 7
0.809017 0.587785 1.710251 3
-0.809017 0.587785 1.620678 5
0.012158 0.475528 1.663459 4
-0.309017 0.951057 1.640760 2
-0.809017 0.587785 1.620678 5
-1.000000 -0.000000 1.622147 9
-0.507514 0.097964 1.634755 8
-0.309017 -0.951057 1.637054 15
0.309017 -0.951057 1.665495 14
-0.206011 -0.391857 1.649620 12
0.321175 -0.475528 1.684095 11
0.809017 -0.587785 1.707960 10
0.333333 -0.000000 1.701611 7
0.333333 -0.000000 1.701611 7
0.809017 -0.587785 1.707960 10
1.000000 0.000000 1.727878 6
0.321175 -0.475528 1.684095 11
-0.206011 -0.391857 1.649620 12
0.309017 -0.951057 1.665495 14
0.809017 -0.587785 1.707960 10
0.321175 -0.475528 1.684095 11
0.309017 -0.951057 1.665495 14
0.333333 -0.000000 1.701611 7
-0.206011 -0.391857 1.649620 12
0.321175 -0.475528 1.684095 11
0.809017 0.587785 1.710251 3
0.333333 -0.000000 1.701611 7
1.000000 0.000000 1.727878 6
0.809017 0.587785 1.710251 3
0.309017 0.951057 1.667573 1
0.012158 0.475528 1.663459 4
-0.809017 -0.587785 1.622793 13
-0.309017 -0.951057 1.637054 15
-0.206011 -0.391857 1.649620 12
