-0.507514 0.097964 0.748988 8
-0.809017 -0.587785 0.715699 13
-0.206011 -0.391857 0.766547 12
-0.507514 0.097964 0.748988 8
-1.000000 -0.000000 0.721900 9
-0.809017 -0.587785 0.715699 13
0.333333 -0.000000 0.871177 7
-0.507514 0.097964 0.748988 8
-0.206011 -0.391857 0.766547 12
0.012158 0.475528 0.780519 4
-0.809017 0.587785 0.711407 5
-0.507514 0.097964 0.748988 8
0.333333 -0.000000 0.871177 7
0.012158 0.475528 0.780519 4
-0.507514 0.097964 0.748988 8
0.012158 0.475528 0.780519 4
0.309017 0.951057 0.749708 1
-0.309017 0.951057 0.728608 2
0.012158 0.475528 0.780519 4
0.333333 -0.000000 0.871177 7
0.809017 0.587785 0.824871 3
-0.809017 0.587785 0.711407 5
0.012158 0.475528 0.780519 4
-0.309017 0.951057 0.728608 2
-0.809017 0.587785 0.711407 5
-1.000000 -0.000000 0.721900 9
-0.507514 0.097964 0.748988 8
-0.309017 -0.951057 0.723776 15
0.309017 -0.951057 0.746635 14
-0.206011 -0.391857 0.766547 12
0.321175 -0.475528 0.805557 11
0.809017 -0.587785 0.820240 10
0.333333 -0.000000 0.871177 7
0.333333 -0.000000 0.871177 7
0.809017 -0.587785 0.820240 10
1.000000 0.000000 0.871441 6
0.321175 -0.475528 0.805557 11
-0.206011 -0.391857 0.766547 12
0.309017 -0.951057 0.746635 14
0.809017 -0.587785 0.820240 10
0.321175 -0.475528 0.805557 11
0.309017 -0.951057 0.746635 14
0.333333 -0.000000 0.871177 7
-0.206011 -0.391857 0.766547 12
0.321175 -0.475528 0.805557 11
0.809017 0.587785 0.824871 3
0.333333 -0.000000 0.871177 7
1.000000 0.000000 0.871441 6
0.809017 0.587785 0.824871 3
0.309017 0.951057 0.749708 1
0.012158 0.475528 0.780519 4
-0.809017 -0.587785 0.715699 13
-0.309017 -0.951057 0.723776 15
-0.206011 -0.391857 0.766547 12
