-0.507514 0.097964 1.436200 8
-0.809017 -0.587785 1.421426 13
-0.206011 -0.391857 1.451401 12
-0.507514 0.097964 1.436200 8
-1.000000 -0.000000 1.421771 9
-0.809017 -0.587785 1.421426 13
0.333333 -0.000000 1.509990 7
-0.507514 0.097964 1.436200 8
-0.206011 -0.391857 1.451401 12
0.012158 0.475528 1.465485 4
-0.809017 0.587785 1.418940 5
-0.507514 0.097964 1.436200 8
0.333333 -0.000000 1.509990 7
0.012158 0.475528 1.465485 4
-0.507514 0.097964 1.436200 8
0.012158 0.475528 1.465485 4
0.309017 0.951057 1.466666 1
-0.309017 0.951057 1.438801 2
0.012158 0.475528 1.465485 4
0.333333 -0.000000 1.509990 7
0.809017 0.587785 1.514910 3
-0.809017 0.587785 1.418940 5
0.012158 0.475528 1.465485 4
-0.309017 0.951057 1.438801 2
-0.809017 0.587785 1.418940 5
-1.000000 -0.000000 1.421771 9
-0.507514 0.097964 1.436200 8
-0.309017 -0.951057 1.434946 15
0.309017 -0.951057 1.464049 14
-0.206011 -0.391857 1.451401 12
0.321175 -0.475528 1.487526 11
0.809017 -0.587785 1.512500 10
0.333333 -0.000000 1.509990 7
0.333333 -0.000000 1.509990 7
0.809017 -0.587785 1.512500 10
1.000000 0.000000 1.536510 6
0.321175 -0.475528 1.487526 11
-0.206011 -0.391857 1.451401 12
0.309017 -0.951057 1.464049 14
0.809017 -0.587785 1.512500 10
0.321175 -0.475528 1.487526 11
0.309017 -0.951057 1.464049 14
0.333333 -0.000000 1.509990 7
-0.206011 -0.391857 1.451401 12
0.321175 -0.475528 1.487526 11
0.809017 0.587785 1.514910 3
0.333333 -0.000000 1.509990 7
1.000000 0.000000 1.536510 6
0.809017 0.587785 1.514910 3
0.309017 0.951057 1.466666 1
0.012158 0.475528 1.465485 4
-0.809017 -0.587785 1.421426 13
-0.309017 -0.951057 1.434946 15
-0.206011 -0.391857 1.451401 12
