-0.507514 0.097964 0.450359 8
-0.809017 -0.587785 0.408270 13
-0.206011 -0.391857 0.470109 12
-0.507514 0.097964 0.450359 8
-1.000000 -0.000000 0.419064 9
-0.809017 -0.587785 0.408270 13
0.333333 -0.000000 0.633217 7
-0.507514 0.097964 0.450359 8
-0.206011 -0.391857 0.470109 12
0.012158 0.475528 0.485675 4
-0.809017 0.587785 0.402538 5
-0.507514 0.097964 0.450359 8
0.333333 -0.000000 0.633217 7
0.012158 0.475528 0.485675 4
-0.507514 0.097964 0.450359 8
0.012158 0.475528 0.485675 4
0.309017 0.951057 0.423191 1
-0.309017 0.951057 0.417833 2
0.012158 0.475528 0.485675 4
0.333333 -0.000000 0.633217 7
0.809017 0.587785 0.509799 3
-0.809017 0.587785 0.402538 5
0.012158 0.475528 0.485675 4
-0.309017 0.951057 0.417833 2
-0.809017 0.587785 0.402538 5
-1.000000 -0.000000 0.419064 9
-0.507514 0.097964 0.450359 8
-0.309017 -0.951057 0.414038 15
0.309017 -0.951057 0.422415 14
-0.206011 -0.391857 0.470109 12
0.321175 -0.475528 0.511950 11
0.809017 -0.587785 0.499830 10
0.333333 -0.000000 0.633217 7
0.333333 -0.000000 0.633217 7
0.809017 -0.587785 0.499830 10
1.000000 0.000000 0.571653 6
0.321175 -0.475528 0.511950 11
-0.206011 -0.391857 0.470109 12
0.309017 -0.951057 0.422415 14
0.809017 -0.587785 0.499830 10
0.321175 -0.475528 0.511950 11
0.309017 -0.951057 0.422415 14
0.333333 -0.000000 0.633217 7
-0.206011 -0.391857 0.470109 12
0.321175 -0.475528 0.511950 11
0.809017 0.587785 0.509799 3
0.333333 -0.000000 0.633217 7
1.000000 0.000000 0.571653 6
0.809017 0.587785 0.509799 3
0.309017 0.951057 0.423191 1
0.012158 0.475528 0.485675 4
-0.809017 -0.587785 0.408270 13
-0.309017 -0.951057 0.414038 15
-0.206011 -0.391857 0.470109 12
