-0.507514 0.097964 0.456630 8
-0.809017 -0.587785 0.414633 13
-0.206011 -0.391857 0.476356 12
-0.507514 0.097964 0.456630 8
-1.000000 -0.000000 0.425316 9
-0.809017 -0.587785 0.414633 13
0.333333 -0.000000 0.637601 7
-0.507514 0.097964 0.456630 8
-0.206011 -0.391857 0.476356 12
0.012158 0.475528 0.491857 4
-0.809017 0.587785 0.408933 5
-0.507514 0.097964 0.456630 8
0.333333 -0.000000 0.637601 7
0.012158 0.475528 0.491857 4
-0.507514 0.097964 0.456630 8
0.012158 0.475528 0.491857 4
0.309017 0.951057 0.430074 1
-0.309017 0.951057 0.424283 2
0.012158 0.475528 0.491857 4
0.333333 -0.000000 0.637601 7
0.809017 0.587785 0.516572 3
-0.809017 0.587785 0.408933 5
0.012158 0.475528 0.491857 4
-0.309017 0.951057 0.424283 2
-0.809017 0.587785 0.408933 5
-1.000000 -0.000000 0.425316 9
-0.507514 0.097964 0.456630 8
-0.309017 -0.951057 0.420414 15
0.309017 -0.951057 0.429246 14
-0.206011 -0.391857 0.476356 12
0.321175 -0.475528 0.518073 11
0.809017 -0.587785 0.506774 10
0.333333 -0.000000 0.637601 7
0.333333 -0.000000 0.637601 7
0.809017 -0.587785 0.506774 10
1.000000 0.000000 0.578166 6
0.321175 -0.475528 0.518073 11
-0.206011 -0.391857 0.476356 12
0.309017 -0.951057 0.429246 14
0.809017 -0.587785 0.506774 10
0.321175 -0.475528 0.518073 11
0.309017 -0.951057 0.429246 14
0.333333 -0.000000 0.637601 7
-0.206011 -0.391857 0.476356 12
0.321175 -0.475528 0.518073 11
0.809017 0.587785 0.516572 3
0.333333 -0.000000 0.637601 7
1.000000 0.000000 0.578166 6
0.809017 0.587785 0.516572 3
0.309017 0.951057 0.430074 1
0.012158 0.475528 0.491857 4
-0.809017 -0.587785 0.414633 13
-0.309017 -0.951057 0.420414 15
-0.206011 -0.391857 0.476356 12
