-0.507514 0.097964 2.047334 8
-0.809017 -0.587785 2.039078 13
-0.206011 -0.391857 2.061356 12
-0.507514 0.097964 2.047334 8
-1.000000 -0.000000 2.037079 9
-0.809017 -0.587785 2.039078 13
0.333333 -0.000000 2.103089 7
-0.507514 0.097964 2.047334 8
-0.206011 -0.391857 2.061356 12
0.012158 0.475528 2.074249 4
-0.809017 0.587785 2.037616 5
-0.507514 0.097964 2.047334 8
0.333333 -0.000000 2.103089 7
0.012158 0.475528 2.074249 4
-0.507514 0.097964 2.047334 8
0.012158 0.475528 2.074249 4
0.309017 0.951057 2.081089 1
-0.309017 0.951057 2.057344 2
0.012158 0.475528 2.074249 4
0.333333 -0.000000 2.103089 7
0.809017 0.587785 2.114546 3
-0.809017 0.587785 2.037616 5
0.012158 0.475528 2.074249 4
-0.309017 0.951057 2.057344 2
-0.809017 0.587785 2.037616 5
-1.000000 -0.000000 2.037079 9
-0.507514 0.097964 2.047334 8
-0.309017 -0.951057 2.053909 15
0.309017 -0.951057 2.079883 14
-0.206011 -0.391857 2.061356 12
0.321175 -0.475528 2.091907 11
0.809017 -0.587785 2.112486 10
0.333333 -0.000000 2.103089 7
0.333333 -0.000000 2.103089 7
0.809017 -0.587785 2.112486 10
1.000000 0.000000 2.126542 6
0.321175 -0.475528 2.091907 11
-0.206011 -0.391857 2.061356 12
0.309017 -0.951057 2.079883 14
0.809017 -0.587785 2.112486 10
0.321175 -0.475528 2.091907 11
0.309017 -0.951057 2.079883 14
0.333333 -0.000000 2.103089 7
-0.206011 -0.391857 2.061356 12
0.321175 -0.475528 2.091907 11
0.809017 0.587785 2.114546 3
0.333333 -0.000000 2.103089 7
1.000000 0.000000 2.126542 6
0.809017 0.587785 2.114546 3
0.309017 0.951057 2.081089 1
0.012158 0.475528 2.074249 4
-0.809017 -0.587785 2.039078 13
-0.309017 -0.951057 2.053909 15
-0.206011 -0.391857 2.061356 12
