-0.507514 0.097964 1.576763 8
-0.809017 -0.587785 1.564068 13
-0.206011 -0.391857 1.591728 12
-0.507514 0.097964 1.576763 8
-1.000000 -0.000000 1.563685 9
-0.809017 -0.587785 1.564068 13
0.333333 -0.000000 1.645502 7
-0.507514 0.097964 1.576763 8
-0.206011 -0.391857 1.591728 12
0.012158 0.475528 1.605656 4
-0.809017 0.587785 1.561848 5
-0.507514 0.097964 1.576763 8
0.333333 -0.000000 1.645502 7
0.012158 0.475528 1.605656 4
-0.507514 0.097964 1.576763 8
0.012158 0.475528 1.605656 4
0.309017 0.951057 1.609063 1
-0.309017 0.951057 1.581894 2
0.012158 0.475528 1.605656 4
0.333333 -0.000000 1.645502 7
0.809017 0.587785 1.653280 3
-0.809017 0.587785 1.561848 5
0.012158 0.475528 1.605656 4
-0.309017 0.951057 1.581894 2
-0.809017 0.587785 1.561848 5
-1.000000 -0.000000 1.563685 9
-0.507514 0.097964 1.576763 8
-0.309017 -0.951057 1.578147 15
0.309017 -0.951057 1.606833 14
-0.206011 -0.391857 1.591728 12
0.321175 -0.475528 1.626711 11
0.809017 -0.587785 1.650957 10
0.333333 -0.000000 1.645502 7
0.333333 -0.000000 1.645502 7
0.809017 -0.587785 1.650957 10
1.000000 0.000000 1.671963 6
0.321175 -0.475528 1.626711 11
-0.206011 -0.391857 1.591728 12
0.309017 -0.951057 1.606833 14
0.809017 -0.587785 1.650957 10
0.321175 -0.475528 1.626711 11
0.309017 -0.951057 1.606833 14
0.333333 -0.000000 1.645502 7
-0.206011 -0.391857 1.591728 12
0.321175 -0.475528 1.626711 11
0.809017 0.587785 1.653280 3
0.333333 -0.000000 1.645502 7
1.000000 0.000000 1.671963 6
0.809017 0.587785 1.653280 3
0.309017 0.951057 1.609063 1
0.012158 0.475528 1.605656 4
-0.809017 -0.587785 1.564068 13
-0.309017 -0.951057 1.578147 15
-0.206011 -0.391857 1.591728 12
