-0.507514 0.097964 1.623649 8
-0.809017 -0.587785 1.611551 13
-0.206011 -0.391857 1.638533 12
-0.507514 0.097964 1.623649 8
-1.000000 -0.000000 1.610954 9
-0.809017 -0.587785 1.611551 13
0.333333 -0.000000 1.690857 7
-0.507514 0.097964 1.623649 8
-0.206011 -0.391857 1.638533 12
0.012158 0.475528 1.652390 4
-0.809017 0.587785 1.609416 5
-0.507514 0.097964 1.623649 8
0.333333 -0.000000 1.690857 7
0.012158 0.475528 1.652390 4
-0.507514 0.097964 1.623649 8
0.012158 0.475528 1.652390 4
0.309017 0.951057 1.656376 1
-0.309017 0.951057 1.629493 2
0.012158 0.475528 1.652390 4
0.333333 -0.000000 1.690857 7
0.809017 0.587785 1.699344 3
-0.809017 0.587785 1.609416 5
0.012158 0.475528 1.652390 4
-0.309017 0.951057 1.629493 2
-0.809017 0.587785 1.609416 5
-1.000000 -0.000000 1.610954 9
-0.507514 0.097964 1.623649 8
-0.309017 -0.951057 1.625779 15
0.309017 -0.951057 1.654270 14
-0.206011 -0.391857 1.638533 12
0.321175 -0.475528 1.673106 11
0.809017 -0.587785 1.697047 10
0.333333 -0.000000 1.690857 7
0.333333 -0.000000 1.690857 7
0.809017 -0.587785 1.697047 10
1.000000 0.000000 1.717167 6
0.321175 -0.475528 1.673106 11
-0.206011 -0.391857 1.638533 12
0.309017 -0.951057 1.654270 14
0.809017 -0.587785 1.697047 10
0.321175 -0.475528 1.673106 11
0.309017 -0.951057 1.654270 14
0.333333 -0.000000 1.690857 7
-0.206011 -0.391857 1.638533 12
0.321175 -0.475528 1.673106 11
0.809017 0.587785 1.699344 3
0.333333 -0.000000 1.690857 7
1.000000 0.000000 1.717167 6
0.809017 0.587785 1.699344 3
0.309017 0.951057 1.656376 1
0.012158 0.475528 1.652390 4
-0.809017 -0.587785 1.611551 13
-0.309017 -0.951057 1.625779 15
-0.206011 -0.391857 1.638533 12
