-0.507514 0.097964 1.818726 8
-0.809017 -0.587785 1.808700 13
-0.206011 -0.391857 1.833247 12
-0.507514 0.097964 1.818726 8
-1.000000 -0.000000 1.807345 9
-0.809017 -0.587785 1.808700 13
0.333333 -0.000000 1.880206 7
-0.507514 0.097964 1.818726 8
-0.206011 -0.391857 1.833247 12
0.012158 0.475528 1.846723 4
-0.809017 0.587785 1.806896 5
-0.507514 0.097964 1.818726 8
0.333333 -0.000000 1.880206 7
0.012158 0.475528 1.846723 4
-0.507514 0.097964 1.818726 8
0.012158 0.475528 1.846723 4
0.309017 0.951057 1.852466 1
-0.309017 0.951057 1.826944 2
0.012158 0.475528 1.846723 4
0.333333 -0.000000 1.880206 7
0.809017 0.587785 1.890683 3
-0.809017 0.587785 1.806896 5
0.012158 0.475528 1.846723 4
-0.309017 0.951057 1.826944 2
-0.809017 0.587785 1.806896 5
-1.000000 -0.000000 1.807345 9
-0.507514 0.097964 1.818726 8
-0.309017 -0.951057 1.823360 15
0.309017 -0.951057 1.850824 14
-0.206011 -0.391857 1.833247 12
0.321175 -0.475528 1.866018 11
0.809017 -0.587785 1.888491 10
0.333333 -0.000000 1.880206 7
0.333333 -0.000000 1.880206 7
0.809017 -0.587785 1.888491 10
1.000000 0.000000 1.905439 6
0.321175 -0.475528 1.866018 11
-0.206011 -0.391857 1.833247 12
0.309017 -0.951057 1.850824 14
0.809017 -0.587785 1.888491 10
0.321175 -0.475528 1.866018 11
0.309017 -0.951057 1.850824 14
0.333333 -0.000000 1.880206 7
-0.206011 -0.391857 1.833247 12
0.321175 -0.475528 1.866018 11
0.809017 0.587785 1.890683 3
0.333333 -0.000000 1.880206 7
1.000000 0.000000 1.905439 6
0.809017 0.587785 1.890683 3
0.309017 0.951057 1.852466 1
0.012158 0.475528 1.846723 4
-0.809017 -0.587785 1.808700 13
-0.309017 -0.951057 1.823360 15
-0.206011 -0.391857 1.833247 12
