-0.507514 0.097964 1.765617 8
-0.809017 -0.587785 1.755086 13
-0.206011 -0.391857 1.780242 12
-0.507514 0.097964 1.765617 8
-1.000000 -0.000000 1.753917 9
-0.809017 -0.587785 1.755086 13
0.333333 -0.000000 1.828566 7
-0.507514 0.097964 1.765617 8
-0.206011 -0.391857 1.780242 12
0.012158 0.475528 1.793834 4
-0.809017 0.587785 1.753196 5
-0.507514 0.097964 1.765617 8
0.333333 -0.000000 1.828566 7
0.012158 0.475528 1.793834 4
-0.507514 0.097964 1.765617 8
0.012158 0.475528 1.793834 4
0.309017 0.951057 1.799190 1
-0.309017 0.951057 1.773276 2
0.012158 0.475528 1.793834 4
0.333333 -0.000000 1.828566 7
0.809017 0.587785 1.838632 3
-0.809017 0.587785 1.753196 5
0.012158 0.475528 1.793834 4
-0.309017 0.951057 1.773276 2
-0.809017 0.587785 1.753196 5
-1.000000 -0.000000 1.753917 9
-0.507514 0.097964 1.765617 8
-0.309017 -0.951057 1.769657 15
0.309017 -0.951057 1.797430 14
-0.206011 -0.391857 1.780242 12
0.321175 -0.475528 1.813516 11
0.809017 -0.587785 1.836412 10
0.333333 -0.000000 1.828566 7
0.333333 -0.000000 1.828566 7
0.809017 -0.587785 1.836412 10
1.000000 0.000000 1.854149 6
0.321175 -0.475528 1.813516 11
-0.206011 -0.391857 1.780242 12
0.309017 -0.951057 1.797430 14
0.809017 -0.587785 1.836412 10
0.321175 -0.475528 1.813516 11
0.309017 -0.951057 1.797430 14
0.333333 -0.000000 1.828566 7
-0.206011 -0.391857 1.780242 12
0.321175 -0.475528 1.813516 11
0.809017 0.587785 1.838632 3
0.333333 -0.000000 1.828566 7
1.000000 0.000000 1.854149 6
0.809017 0.587785 1.838632 3
0.309017 0.951057 1.799190 1
0.012158 0.475528 1.793834 4
-0.809017 -0.587785 1.755086 13
-0.309017 -0.951057 1.769657 15
-0.206011 -0.391857 1.780242 12
