-0.507514 0.097964 1.035164 8
-0.809017 -0.587785 1.011385 13
-0.206011 -0.391857 1.051261 12
-0.507514 0.097964 1.035164 8
-1.000000 -0.000000 1.014587 9
-0.809017 -0.587785 1.011385 13
0.333333 -0.000000 1.129735 7
-0.507514 0.097964 1.035164 8
-0.206011 -0.391857 1.051261 12
0.012158 0.475528 1.065304 4
-0.809017 0.587785 1.008009 5
-0.507514 0.097964 1.035164 8
0.333333 -0.000000 1.129735 7
0.012158 0.475528 1.065304 4
-0.507514 0.097964 1.035164 8
0.012158 0.475528 1.065304 4
0.309017 0.951057 1.053756 1
-0.309017 0.951057 1.026598 2
0.012158 0.475528 1.065304 4
0.333333 -0.000000 1.129735 7
0.809017 0.587785 1.116195 3
-0.809017 0.587785 1.008009 5
0.012158 0.475528 1.065304 4
-0.309017 0.951057 1.026598 2
-0.809017 0.587785 1.008009 5
-1.000000 -0.000000 1.014587 9
-0.507514 0.097964 1.035164 8
-0.309017 -0.951057 1.022257 15
0.309017 -0.951057 1.050227 14
-0.206011 -0.391857 1.051261 12
0.321175 -0.475528 1.089599 11
0.809017 -0.587785 1.113208 10
0.333333 -0.000000 1.129735 7
0.333333 -0.000000 1.129735 7
0.809017 -0.587785 1.113208 10
1.000000 0.000000 1.149819 6
0.321175 -0.475528 1.089599 11
-0.206011 -0.391857 1.051261 12
0.309017 -0.951057 1.050227 14
0.809017 -0.587785 1.113208 10
0.321175 -0.475528 1.089599 11
0.309017 -0.951057 1.050227 14
0.333333 -0.000000 1.129735 7
-0.206011 -0.391857 1.051261 12
0.321175 -0.475528 1.089599 11
0.809017 0.587785 1.116195 3
0.333333 -0.000000 1.129735 7
1.000000 0.000000 1.149819 6
0.809017 0.587785 1.116195 3
0.309017 0.951057 1.053756 1
0.012158 0.475528 1.065304 4
-0.809017 -0.587785 1.011385 13
-0.309017 -0.951057 1.022257 15
-0.206011 -0.391857 1.051261 12
