-0.507514 0.097964 0.451613 8
-0.809017 -0.587785 0.409543 13
-0.206011 -0.391857 0.471359 12
-0.507514 0.097964 0.451613 8
-1.000000 -0.000000 0.420314 9
-0.809017 -0.587785 0.409543 13
0.333333 -0.000000 0.634091 7
-0.507514 0.097964 0.451613 8
-0.206011 -0.391857 0.471359 12
0.012158 0.475528 0.486912 4
-0.809017 0.587785 0.403817 5
-0.507514 0.097964 0.451613 8
0.333333 -0.000000 0.634091 7
0.012158 0.475528 0.486912 4
-0.507514 0.097964 0.451613 8
0.012158 0.475528 0.486912 4
0.309017 0.951057 0.424568 1
-0.309017 0.951057 0.419123 2
0.012158 0.475528 0.486912 4
0.333333 -0.000000 0.634091 7
0.809017 0.587785 0.511155 3
-0.809017 0.587785 0.403817 5
0.012158 0.475528 0.486912 4
-0.309017 0.951057 0.419123 2
-0.809017 0.587785 0.403817 5
-1.000000 -0.000000 0.420314 9
-0.507514 0.097964 0.451613 8
-0.309017 -0.951057 0.415313 15
0.309017 -0.951057 0.423782 14
-0.206011 -0.391857 0.471359 12
0.321175 -0.475528 0.513175 11
0.809017 -0.587785 0.501220 10
0.333333 -0.000000 0.634091 7
0.333333 -0.000000 0.634091 7
0.809017 -0.587785 0.501220 10
1.000000 0.000000 0.572957 6
0.321175 -0.475528 0.513175 11
-0.206011 -0.391857 0.471359 12
0.309017 -0.951057 0.423782 14
0.809017 -0.587785 0.501220 10
0.321175 -0.475528 0.513175 11
0.309017 -0.951057 0.423782 14
0.333333 -0.000000 0.634091 7
-0.206011 -0.391857 0.471359 12
0.321175 -0.475528 0.513175 11
0.809017 0.587785 0.511155 3
0.333333 -0.000000 0.634091 7
1.000000 0.000000 0.572957 6
0.809017 0.587785 0.511155 3
0.309017 0.951057 0.424568 1
0.012158 0.475528 0.486912 4
-0.809017 -0.587785 0.409543 13
-0.309017 -0.951057 0.415313 15
-0.206011 -0.391857 0.471359 12
