-0.507514 0.097964 0.522836 8
-0.809017 -0.587785 0.482189 13
-0.206011 -0.391857 0.542178 12
-0.507514 0.097964 0.522836 8
-1.000000 -0.000000 0.491724 9
-0.809017 -0.587785 0.482189 13
0.333333 -0.000000 0.685916 7
-0.507514 0.097964 0.522836 8
-0.206011 -0.391857 0.542178 12
0.012158 0.475528 0.557074 4
-0.809017 0.587785 0.476830 5
-0.507514 0.097964 0.522836 8
0.333333 -0.000000 0.685916 7
0.012158 0.475528 0.557074 4
-0.507514 0.097964 0.522836 8
0.012158 0.475528 0.557074 4
0.309017 0.951057 0.502844 1
-0.309017 0.951057 0.492701 2
0.012158 0.475528 0.557074 4
0.333333 -0.000000 0.685916 7
0.809017 0.587785 0.587614 3
-0.809017 0.587785 0.476830 5
0.012158 0.475528 0.557074 4
-0.309017 0.951057 0.492701 2
-0.809017 0.587785 0.476830 5
-1.000000 -0.000000 0.491724 9
-0.507514 0.097964 0.522836 8
-0.309017 -0.951057 0.488244 15
0.309017 -0.951057 0.501432 14
-0.206011 -0.391857 0.542178 12
0.321175 -0.475528 0.582792 11
0.809017 -0.587785 0.579453 10
0.333333 -0.000000 0.685916 7
0.333333 -0.000000 0.685916 7
0.809017 -0.587785 0.579453 10
1.000000 0.000000 0.646129 6
0.321175 -0.475528 0.582792 11
-0.206011 -0.391857 0.542178 12
0.309017 -0.951057 0.501432 14
0.809017 -0.587785 0.579453 10
0.321175 -0.475528 0.582792 11
0.309017 -0.951057 0.501432 14
0.333333 -0.000000 0.685916 7
-0.206011 -0.391857 0.542178 12
0.321175 -0.475528 0.582792 11
0.809017 0.587785 0.587614 3
0.333333 -0.000000 0.685916 7
1.000000 0.000000 0.646129 6
0.809017 0.587785 0.587614 3
0.309017 0.951057 0.502844 1
0.012158 0.475528 0.557074 4
-0.809017 -0.587785 0.482189 13
-0.309017 -0.951057 0.488244 15
-0.206011 -0.391857 0.542178 12
