-0.507514 0.097964 1.143281 8
-0.809017 -0.587785 1.122448 13
-0.206011 -0.391857 1.159061 12
-0.507514 0.097964 1.143281 8
-1.000000 -0.000000 1.124752 9
-0.809017 -0.587785 1.122448 13
0.333333 -0.000000 1.230926 7
-0.507514 0.097964 1.143281 8
-0.206011 -0.391857 1.159061 12
0.012158 0.475528 1.173177 4
-0.809017 0.587785 1.119338 5
-0.507514 0.097964 1.143281 8
0.333333 -0.000000 1.230926 7
0.012158 0.475528 1.173177 4
-0.507514 0.097964 1.143281 8
0.012158 0.475528 1.173177 4
0.309017 0.951057 1.166312 1
-0.309017 0.951057 1.138368 2
0.012158 0.475528 1.173177 4
0.333333 -0.000000 1.230926 7
0.809017 0.587785 1.224490 3
-0.809017 0.587785 1.119338 5
0.012158 0.475528 1.173177 4
-0.309017 0.951057 1.138368 2
-0.809017 0.587785 1.119338 5
-1.000000 -0.000000 1.124752 9
-0.507514 0.097964 1.143281 8
-0.309017 -0.951057 1.134195 15
0.309017 -0.951057 1.162944 14
-0.206011 -0.391857 1.159061 12
0.321175 -0.475528 1.196987 11
0.809017 -0.587785 1.221754 10
0.333333 -0.000000 1.230926 7
0.333333 -0.000000 1.230926 7
0.809017 -0.587785 1.221754 10
1.000000 0.000000 1.254230 6
0.321175 -0.475528 1.196987 11
-0.206011 -0.391857 1.159061 12
0.309017 -0.951057 1.162944 14
0.809017 -0.587785 1.221754 10
0.321175 -0.475528 1.196987 11
0.309017 -0.951057 1.162944 14
0.333333 -0.000000 1.230926 7
-0.206011 -0.391857 1.159061 12
0.321175 -0.475528 1.196987 11
0.809017 0.587785 1.224490 3
0.333333 -0.000000 1.230926 7
1.000000 0.000000 1.254230 6
0.809017 0.587785 1.224490 3
0.309017 0.951057 1.166312 1
0.012158 0.475528 1.173177 4
-0.809017 -0.587785 1.122448 13
-0.309017 -0.951057 1.134195 15
-0.206011 -0.391857 1.159061 12
