-0.507514 0.097964 1.210904 8
-0.809017 -0.587785 1.191707 13
-0.206011 -0.391857 1.226524 12
-0.507514 0.097964 1.210904 8
-1.000000 -0.000000 1.193501 9
-0.809017 -0.587785 1.191707 13
0.333333 -0.000000 1.294814 7
-0.507514 0.097964 1.210904 8
-0.206011 -0.391857 1.226524 12
0.012158 0.475528 1.240667 4
-0.809017 0.587785 1.188752 5
-0.507514 0.097964 1.210904 8
0.333333 -0.000000 1.294814 7
0.012158 0.475528 1.240667 4
-0.507514 0.097964 1.210904 8
0.012158 0.475528 1.240667 4
0.309017 0.951057 1.236188 1
-0.309017 0.951057 1.208025 2
0.012158 0.475528 1.240667 4
0.333333 -0.000000 1.294814 7
0.809017 0.587785 1.291870 3
-0.809017 0.587785 1.188752 5
0.012158 0.475528 1.240667 4
-0.309017 0.951057 1.208025 2
-0.809017 0.587785 1.188752 5
-1.000000 -0.000000 1.193501 9
-0.507514 0.097964 1.210904 8
-0.309017 -0.951057 1.203941 15
0.309017 -0.951057 1.232967 14
-0.206011 -0.391857 1.226524 12
0.321175 -0.475528 1.264119 11
0.809017 -0.587785 1.289242 10
0.333333 -0.000000 1.294814 7
0.333333 -0.000000 1.294814 7
0.809017 -0.587785 1.289242 10
1.000000 0.000000 1.319442 6
0.321175 -0.475528 1.264119 11
-0.206011 -0.391857 1.226524 12
0.309017 -0.951057 1.232967 14
0.809017 -0.587785 1.289242 10
0.321175 -0.475528 1.264119 11
0.309017 -0.951057 1.232967 14
0.333333 -0.000000 1.294814 7
-0.206011 -0.391857 1.226524 12
0.321175 -0.475528 1.264119 11
0.809017 0.587785 1.291870 3
0.333333 -0.000000 1.294814 7
1.000000 0.000000 1.319442 6
0.809017 0.587785 1.291870 3
0.309017 0.951057 1.236188 1
0.012158 0.475528 1.240667 4
-0.809017 -0.587785 1.191707 13
-0.309017 -0.951057 1.203941 15
-0.206011 -0.391857 1.226524 12
