-0.507514 0.097964 1.000779 8
-0.809017 -0.587785 0.975979 13
-0.206011 -0.391857 1.016998 12
-0.507514 0.097964 1.000779 8
-1.000000 -0.000000 0.979489 9
-0.809017 -0.587785 0.975979 13
0.333333 -0.000000 1.097855 7
-0.507514 0.097964 1.000779 8
-0.206011 -0.391857 1.016998 12
0.012158 0.475528 1.031014 4
-0.809017 0.587785 0.972511 5
-0.507514 0.097964 1.000779 8
0.333333 -0.000000 1.097855 7
0.012158 0.475528 1.031014 4
-0.507514 0.097964 1.000779 8
0.012158 0.475528 1.031014 4
0.309017 0.951057 1.017719 1
-0.309017 0.951057 0.990948 2
0.012158 0.475528 1.031014 4
0.333333 -0.000000 1.097855 7
0.809017 0.587785 1.081584 3
-0.809017 0.587785 0.972511 5
0.012158 0.475528 1.031014 4
-0.309017 0.951057 0.990948 2
-0.809017 0.587785 0.972511 5
-1.000000 -0.000000 0.979489 9
-0.507514 0.097964 1.000779 8
-0.309017 -0.951057 0.986548 15
0.309017 -0.951057 1.014166 14
-0.206011 -0.391857 1.016998 12
0.321175 -0.475528 1.055439 11
0.809017 -0.587785 1.078489 10
0.333333 -0.000000 1.097855 7
0.333333 -0.000000 1.097855 7
0.809017 -0.587785 1.078489 10
1.000000 0.000000 1.116557 6
0.321175 -0.475528 1.055439 11
-0.206011 -0.391857 1.016998 12
0.309017 -0.951057 1.014166 14
0.809017 -0.587785 1.078489 10
0.321175 -0.475528 1.055439 11
0.309017 -0.951057 1.014166 14
0.333333 -0.000000 1.097855 7
-0.206011 -0.391857 1.016998 12
0.321175 -0.475528 1.055439 11
0.809017 0.587785 1.081584 3
0.333333 -0.000000 1.097855 7
1.000000 0.000000 1.116557 6
0.809017 0.587785 1.081584 3
0.309017 0.951057 1.017719 1
0.012158 0.475528 1.031014 4
-0.809017 -0.587785 0.975979 13
-0.309017 -0.951057 0.986548 15
-0.206011 -0.391857 1.016998 12
