-0.507514 0.097964 0.997095 8
-0.809017 -0.587785 0.972184 13
-0.206011 -0.391857 1.013328 12
-0.507514 0.097964 0.997095 8
-1.000000 -0.000000 0.975728 9
-0.809017 -0.587785 0.972184 13
0.333333 -0.000000 1.094450 7
-0.507514 0.097964 0.997095 8
-0.206011 -0.391857 1.013328 12
0.012158 0.475528 1.027341 4
-0.809017 0.587785 0.968705 5
-0.507514 0.097964 0.997095 8
0.333333 -0.000000 1.094450 7
0.012158 0.475528 1.027341 4
-0.507514 0.097964 0.997095 8
0.012158 0.475528 1.027341 4
0.309017 0.951057 1.013851 1
-0.309017 0.951057 0.987126 2
0.012158 0.475528 1.027341 4
0.333333 -0.000000 1.094450 7
0.809017 0.587785 1.077870 3
-0.809017 0.587785 0.968705 5
0.012158 0.475528 1.027341 4
-0.309017 0.951057 0.987126 2
-0.809017 0.587785 0.968705 5
-1.000000 -0.000000 0.975728 9
-0.507514 0.097964 0.997095 8
-0.309017 -0.951057 0.982719 15
0.309017 -0.951057 1.010297 14
-0.206011 -0.391857 1.013328 12
0.321175 -0.475528 1.051779 11
0.809017 -0.587785 1.074763 10
0.333333 -0.000000 1.094450 7
0.333333 -0.000000 1.094450 7
0.809017 -0.587785 1.074763 10
1.000000 0.000000 1.112991 6
0.321175 -0.475528 1.051779 11
-0.206011 -0.391857 1.013328 12
0.309017 -0.951057 1.010297 14
0.809017 -0.587785 1.074763 10
0.321175 -0.475528 1.051779 11
0.309017 -0.951057 1.010297 14
0.333333 -0.000000 1.094450 7
-0.206011 -0.391857 1.013328 12
0.321175 -0.475528 1.051779 11
0.809017 0.587785 1.077870 3
0.333333 -0.000000 1.094450 7
1.000000 0.000000 1.112991 6
0.809017 0.587785 1.077870 3
0.309017 0.951057 1.013851 1
0.012158 0.475528 1.027341 4
-0.809017 -0.587785 0.972184 13
-0.309017 -0.951057 0.982719 15
-0.206011 -0.391857 1.013328 12
