-0.507514 0.097964 1.256418 8
-0.809017 -0.587785 1.238239 13
-0.206011 -0.391857 1.271943 12
-0.507514 0.097964 1.256418 8
-1.000000 -0.000000 1.239710 9
-0.809017 -0.587785 1.238239 13
0.333333 -0.000000 1.338025 7
-0.507514 0.097964 1.256418 8
-0.206011 -0.391857 1.271943 12
0.012158 0.475528 1.286093 4
-0.809017 0.587785 1.235384 5
-0.507514 0.097964 1.256418 8
0.333333 -0.000000 1.338025 7
0.012158 0.475528 1.286093 4
-0.507514 0.097964 1.256418 8
0.012158 0.475528 1.286093 4
0.309017 0.951057 1.283019 1
-0.309017 0.951057 1.254803 2
0.012158 0.475528 1.286093 4
0.333333 -0.000000 1.338025 7
0.809017 0.587785 1.337092 3
-0.809017 0.587785 1.235384 5
0.012158 0.475528 1.286093 4
-0.309017 0.951057 1.254803 2
-0.809017 0.587785 1.235384 5
-1.000000 -0.000000 1.239710 9
-0.507514 0.097964 1.256418 8
-0.309017 -0.951057 1.250773 15
0.309017 -0.951057 1.279910 14
-0.206011 -0.391857 1.271943 12
0.321175 -0.475528 1.309285 11
0.809017 -0.587785 1.334522 10
0.333333 -0.000000 1.338025 7
0.333333 -0.000000 1.338025 7
0.809017 -0.587785 1.334522 10
1.000000 0.000000 1.363309 6
0.321175 -0.475528 1.309285 11
-0.206011 -0.391857 1.271943 12
0.309017 -0.951057 1.279910 14
0.809017 -0.587785 1.334522 10
0.321175 -0.475528 1.309285 11
0.309017 -0.951057 1.279910 14
0.333333 -0.000000 1.338025 7
-0.206011 -0.391857 1.271943 12
0.321175 -0.475528 1.309285 11
0.809017 0.587785 1.337092 3
0.333333 -0.000000 1.338025 7
1.000000 0.000000 1.363309 6
0.809017 0.587785 1.337092 3
0.309017 0.951057 1.283019 1
0.012158 0.475528 1.286093 4
-0.809017 -0.587785 1.238239 13
-0.309017 -0.951057 1.250773 15
-0.206011 -0.391857 1.271943 12
