-1.000000 1.000000 0.000000 298
-1.000000 0.866667 0.000000 296
-0.866667 1.000000 0.000000 297
-0.840000 0.680000 -0.003353 285
-0.911111 0.822222 0.000578 294
-1.000000 0.733333 0.000000 292
-0.680000 0.893333 0.000207 287
-0.800000 0.800000 0.002403 288
-0.666667 0.733333 0.001257 280
-0.680000 0.893333 0.000207 287
-0.733333 1.000000 0.000000 295
-0.822222 0.911111 -0.004905 293
-0.911111 0.822222 0.000578 294
-0.800000 0.800000 0.002403 288
-0.822222 0.911111 -0.004905 293
-1.000000 0.733333 0.000000 292
-0.911111 0.822222 0.000578 294
-1.000000 0.866667 0.000000 296
-0.840000 0.680000 -0.003353 285
-1.000000 0.600000 0.000000 289
-0.888889 0.555556 0.005154 284
-1.000000 0.866667 0.000000 296
-0.911111 0.822222 0.000578 294
-0.866667 1.000000 0.000000 297
-0.700000 0.583333 0.000139 276
-0.800000 0.500000 0.001142 275
-0.644444 0.481481 0.000544 262
-0.666667 0.733333 0.001257 280
-0.700000 0.583333 0.000139 276
-0.600000 0.600000 -0.001886 269
-0.840000 0.680000 -0.003353 285
-0.800000 0.500000 0.001142 275
-0.700000 0.583333 0.000139 276
-1.000000 0.733333 0.000000 292
-1.000000 0.600000 0.000000 289
-0.840000 0.680000 -0.003353 285
-1.000000 0.600000 0.000000 289
-1.000000 0.466667 0.000000 291
-0.888889 0.555556 0.005154 284
-0.566667 0.711111 -0.001104 270
-0.466667 0.688889 0.000877 265
-0.523810 0.809524 -0.002702 278
-0.600000 0.600000 -0.001886 269
-0.566667 0.711111 -0.001104 270
-0.666667 0.733333 0.001257 280
-0.600000 0.600000 -0.001886 269
-0.466667 0.688889 0.000877 265
-0.566667 0.711111 -0.001104 270
-0.666667 0.733333 0.001257 280
-0.840000 0.680000 -0.003353 285
-0.700000 0.583333 0.000139 276
-0.840000 0.680000 -0.003353 285
-0.666667 0.733333 0.001257 280
-0.800000 0.800000 0.002403 288
-0.911111 0.822222 0.000578 294
-0.840000 0.680000 -0.003353 285
-0.800000 0.800000 0.002403 288
-0.888889 0.555556 0.005154 284
-0.800000 0.500000 0.001142 275
-0.840000 0.680000 -0.003353 285
-1.000000 0.466667 0.000000 291
-0.900000 0.416667 -0.005869 283
-0.888889 0.555556 0.005154 284
-0.800000 0.400000 -0.001098 274
-0.644444 0.481481 0.000544 262
-0.800000 0.500000 0.001142 275
-0.680000 0.893333 0.000207 287
-0.600000 1.000000 0.000000 286
-0.733333 1.000000 0.000000 295
-0.888889 0.555556 0.005154 284
-0.900000 0.416667 -0.005869 283
-0.800000 0.500000 0.001142 275
-0.428571 0.904762 -0.002260 266
-0.333333 1.000000 0.000000 263
-0.466667 1.000000 0.000000 277
-0.555556 0.911111 0.001321 279
-0.428571 0.904762 -0.002260 266
-0.466667 1.000000 0.000000 277
-0.400000 0.800000 -0.001998 264
-0.288889 0.896296 -0.005869 253
-0.428571 0.904762 -0.002260 266
-0.600000 1.000000 0.000000 286
-0.555556 0.911111 0.001321 279
-0.466667 1.000000 0.000000 277
-0.900000 0.300000 0.009179 282
-1.000000 0.333333 0.000000 290
-1.000000 0.200000 0.000000 281
-0.800000 0.400000 -0.001098 274
-0.900000 0.300000 0.009179 282
-0.806061 0.236364 -0.008001 272
-0.900000 0.416667 -0.005869 283
-1.000000 0.466667 0.000000 291
-1.000000 0.333333 0.000000 290
-0.800000 0.400000 -0.001098 274
-0.900000 0.416667 -0.005869 283
-0.900000 0.300000 0.009179 282
-0.800000 0.400000 -0.001098 274
-0.800000 0.500000 0.001142 275
-0.900000 0.416667 -0.005869 283
-0.555556 0.911111 0.001321 279
-0.523810 0.809524 -0.002702 278
-0.428571 0.904762 -0.002260 266
-0.906667 0.160000 -0.006467 273
-0.900000 0.300000 0.009179 282
-1.000000 0.200000 0.000000 281
-1.000000 0.066667 0.000000 271
-0.906667 0.160000 -0.006467 273
-1.000000 0.200000 0.000000 281
-0.680000 0.893333 0.000207 287
-0.555556 0.911111 0.001321 279
-0.600000 1.000000 0.000000 286
-0.822222 0.911111 -0.004905 293
-0.800000 0.800000 0.002403 288
-0.680000 0.893333 0.000207 287
-0.866667 1.000000 0.000000 297
-0.822222 0.911111 -0.004905 293
-0.733333 1.000000 0.000000 295
-0.866667 1.000000 0.000000 297
-0.911111 0.822222 0.000578 294
-0.822222 0.911111 -0.004905 293
-0.666667 0.733333 0.001257 280
-0.523810 0.809524 -0.002702 278
-0.680000 0.893333 0.000207 287
-0.533333 0.533333 0.006194 258
-0.600000 0.600000 -0.001886 269
-0.644444 0.481481 0.000544 262
-0.720000 0.346667 0.000102 267
-0.612121 0.321212 0.004319 255
-0.644444 0.481481 0.000544 262
-0.418182 0.575758 -0.001534 251
-0.466667 0.688889 0.000877 265
-0.533333 0.533333 0.006194 258
-0.523810 0.809524 -0.002702 278
-0.555556 0.911111 0.001321 279
-0.680000 0.893333 0.000207 287
-0.566667 0.711111 -0.001104 270
-0.523810 0.809524 -0.002702 278
-0.666667 0.733333 0.001257 280
-0.466667 0.688889 0.000877 265
-0.400000 0.800000 -0.001998 264
-0.523810 0.809524 -0.002702 278
-0.533333 0.533333 0.006194 258
-0.466667 0.688889 0.000877 265
-0.600000 0.600000 -0.001886 269
-0.418182 0.575758 -0.001534 251
-0.321212 0.612121 0.006285 234
-0.346667 0.720000 0.006802 252
-0.903030 0.030303 0.003588 260
-0.806061 0.127273 0.007717 261
-0.906667 0.160000 -0.006467 273
-1.000000 -0.066667 0.000000 268
-0.903030 0.030303 0.003588 260
-1.000000 0.066667 0.000000 271
-1.000000 -0.066667 0.000000 268
-0.903030 -0.151515 0.002125 257
-0.903030 0.030303 0.003588 260
-1.000000 -0.200000 0.000000 256
-0.903030 -0.151515 0.002125 257
-1.000000 -0.066667 0.000000 268
-0.810909 -0.126465 0.008915 243
-0.709091 -0.048485 -0.001406 230
-0.808485 0.000404 -0.008203 247
-0.813333 -0.253333 -0.004483 244
-0.810909 -0.126465 0.008915 243
-0.903030 -0.151515 0.002125 257
-0.813333 -0.253333 -0.004483 244
-0.709091 -0.321212 0.010357 227
-0.650909 -0.153939 -0.005568 225
-1.000000 -0.200000 0.000000 256
-1.000000 -0.333333 0.000000 254
-0.900000 -0.300000 -0.001545 242
0.183333 -0.483333 0.003355 78
0.066667 -0.333333 -0.058376 102
0.066667 -0.466667 0.025992 101
0.206667 -0.660000 -0.034324 74
0.315556 -0.573333 0.032093 55
0.183333 -0.483333 0.003355 78
0.304242 -0.248485 -0.136973 93
0.338182 -0.129697 0.028699 100
0.185455 -0.224242 0.101843 112
0.745455 -0.224242 -0.019471 41
0.632323 -0.175758 0.055378 62
0.660606 -0.321212 -0.015236 40
0.185455 -0.224242 0.101843 112
0.066667 -0.333333 -0.058376 102
0.215152 -0.330303 0.034304 94
-0.282424 -0.374545 0.013557 159
-0.385859 -0.292929 0.007418 180
-0.398788 -0.432727 -0.002240 174
-0.166061 -0.396364 -0.095874 136
-0.282424 -0.374545 0.013557 159
-0.224242 -0.478788 0.057023 138
-0.166061 -0.396364 -0.095874 136
-0.162828 -0.288081 0.033643 145
-0.282424 -0.374545 0.013557 159
-0.147677 -0.559394 0.022142 139
-0.078788 -0.472727 -0.001217 115
-0.224242 -0.478788 0.057023 138
-0.321061 -0.544697 -0.008831 160
-0.147677 -0.559394 0.022142 139
-0.224242 -0.478788 0.057023 138
-0.071111 -0.640000 -0.003326 116
-0.078788 -0.472727 -0.001217 115
-0.147677 -0.559394 0.022142 139
-0.049697 -0.258182 0.036689 122
-0.159596 -0.179798 -0.022566 144
-0.162828 -0.288081 0.033643 145
0.066667 0.066667 0.045192 154
-0.069091 0.117576 0.228934 175
-0.046465 -0.002020 0.015403 163
-0.366465 0.202424 0.001463 224
-0.498990 0.256566 0.001689 241
-0.450505 0.127273 0.006741 228
-0.272727 0.127273 0.001231 206
-0.366465 0.202424 0.001463 224
-0.450505 0.127273 0.006741 228
-0.282424 0.277576 0.041283 217
-0.398788 0.347879 -0.006392 231
-0.366465 0.202424 0.001463 224
0.066667 -0.066667 -0.037061 143
-0.046465 -0.123232 0.008649 142
0.066667 -0.200000 -0.023955 119
-0.288889 0.896296 -0.005869 253
-0.200000 1.000000 0.000000 250
-0.333333 1.000000 0.000000 263
-0.900000 -0.300000 -0.001545 242
-0.813333 -0.253333 -0.004483 244
-0.903030 -0.151515 0.002125 257
-0.900000 -0.416667 0.006775 240
-0.900000 -0.300000 -0.001545 242
-1.000000 -0.333333 0.000000 254
-0.900000 -0.416667 0.006775 240
-0.800000 -0.400000 -0.004231 226
-0.900000 -0.300000 -0.001545 242
-1.000000 -0.600000 0.000000 237
-0.888889 -0.555556 0.005464 222
-1.000000 -0.466667 0.000000 239
-0.800000 -0.400000 -0.004231 226
-0.709091 -0.321212 0.010357 227
-0.813333 -0.253333 -0.004483 244
-0.888889 -0.555556 0.005464 222
-0.800000 -0.500000 -0.008378 223
-0.900000 -0.416667 0.006775 240
-0.688889 -0.466667 0.001656 204
-0.709091 -0.321212 0.010357 227
-0.800000 -0.400000 -0.004231 226
-0.127273 0.806061 0.011037 215
-0.160000 0.906667 -0.005819 235
-0.224242 0.745455 0.004738 236
0.066667 0.866667 -0.001183 190
-0.030303 0.903030 -0.017251 213
-0.030303 0.769697 0.012425 194
0.160000 0.773333 -0.018120 173
0.066667 0.866667 -0.001183 190
0.066667 0.733333 0.009254 193
0.160000 0.906667 0.003771 188
0.066667 1.000000 0.000000 210
0.066667 0.866667 -0.001183 190
-0.066667 1.000000 0.000000 232
-0.160000 0.906667 -0.005819 235
-0.030303 0.903030 -0.017251 213
-0.160000 0.906667 -0.005819 235
-0.200000 1.000000 0.000000 250
-0.288889 0.896296 -0.005869 253
-0.127273 0.806061 0.011037 215
-0.030303 0.903030 -0.017251 213
-0.160000 0.906667 -0.005819 235
-0.191919 0.608081 -0.006463 214
-0.078788 0.672727 -0.001176 216
-0.224242 0.745455 0.004738 236
-0.030303 0.769697 0.012425 194
-0.030303 0.903030 -0.017251 213
-0.127273 0.806061 0.011037 215
-0.066667 1.000000 0.000000 232
-0.200000 1.000000 0.000000 250
-0.160000 0.906667 -0.005819 235
-0.906667 0.160000 -0.006467 273
-0.806061 0.236364 -0.008001 272
-0.900000 0.300000 0.009179 282
-0.808485 0.000404 -0.008203 247
-0.903030 -0.151515 0.002125 257
-0.810909 -0.126465 0.008915 243
-0.700000 0.583333 0.000139 276
-0.644444 0.481481 0.000544 262
-0.600000 0.600000 -0.001886 269
-1.000000 0.333333 0.000000 290
-0.900000 0.300000 0.009179 282
-0.900000 0.416667 -0.005869 283
-0.720000 0.346667 0.000102 267
-0.644444 0.481481 0.000544 262
-0.800000 0.400000 -0.001098 274
-0.806061 0.236364 -0.008001 272
-0.720000 0.346667 0.000102 267
-0.800000 0.400000 -0.001098 274
-1.000000 0.066667 0.000000 271
-0.903030 0.030303 0.003588 260
-0.906667 0.160000 -0.006467 273
-0.709091 0.224242 0.007309 259
-0.612121 0.321212 0.004319 255
-0.720000 0.346667 0.000102 267
-0.806061 0.127273 0.007717 261
-0.709091 0.224242 0.007309 259
-0.806061 0.236364 -0.008001 272
-0.563636 -0.259394 -0.001240 203
-0.650909 -0.153939 -0.005568 225
-0.709091 -0.321212 0.010357 227
-0.476364 -0.364848 0.000291 195
-0.563636 -0.259394 -0.001240 203
-0.612121 -0.406061 -0.008444 205
-0.476364 -0.364848 0.000291 195
-0.385859 -0.292929 0.007418 180
-0.563636 -0.259394 -0.001240 203
-0.579798 0.175758 -0.017215 246
-0.709091 0.087879 -0.001557 248
-0.579798 0.039394 0.012462 229
-0.806061 0.127273 0.007717 261
-0.709091 0.087879 -0.001557 248
-0.709091 0.224242 0.007309 259
-0.806061 0.127273 0.007717 261
-0.808485 0.000404 -0.008203 247
-0.709091 0.087879 -0.001557 248
-0.808485 0.000404 -0.008203 247
-0.903030 0.030303 0.003588 260
-0.903030 -0.151515 0.002125 257
-0.709091 0.087879 -0.001557 248
-0.808485 0.000404 -0.008203 247
-0.709091 -0.048485 -0.001406 230
-0.806061 0.127273 0.007717 261
-0.903030 0.030303 0.003588 260
-0.808485 0.000404 -0.008203 247
-0.321061 -0.544697 -0.008831 160
-0.515152 -0.490909 0.006224 182
-0.481481 -0.644444 -0.000897 161
0.066667 -0.200000 -0.023955 119
-0.046465 -0.123232 0.008649 142
-0.049697 -0.258182 0.036689 122
-0.476364 -0.364848 0.000291 195
-0.515152 -0.490909 0.006224 182
-0.398788 -0.432727 -0.002240 174
-0.579798 0.175758 -0.017215 246
-0.498990 0.256566 0.001689 241
-0.612121 0.321212 0.004319 255
-0.709091 -0.048485 -0.001406 230
-0.579798 0.039394 0.012462 229
-0.709091 0.087879 -0.001557 248
-0.450505 0.127273 0.006741 228
-0.498990 0.256566 0.001689 241
-0.579798 0.175758 -0.017215 246
-0.709091 -0.321212 0.010357 227
-0.688889 -0.466667 0.001656 204
-0.612121 -0.406061 -0.008444 205
-0.900000 -0.416667 0.006775 240
-1.000000 -0.333333 0.000000 254
-1.000000 -0.466667 0.000000 239
-0.650909 -0.153939 -0.005568 225
-0.810909 -0.126465 0.008915 243
-0.813333 -0.253333 -0.004483 244
-0.046465 -0.002020 0.015403 163
-0.046465 -0.123232 0.008649 142
0.066667 -0.066667 -0.037061 143
0.066667 0.066667 0.045192 154
-0.046465 -0.002020 0.015403 163
0.066667 -0.066667 -0.037061 143
-0.170909 0.122424 0.065534 196
-0.166061 0.287273 0.149715 197
-0.282424 0.277576 0.041283 217
0.066667 0.200000 0.496525 155
-0.069091 0.117576 0.228934 175
0.066667 0.066667 0.045192 154
-0.272727 0.127273 0.001231 206
-0.450505 0.127273 0.006741 228
-0.391246 0.006061 0.017658 207
-0.170909 0.122424 0.065534 196
-0.272727 0.127273 0.001231 206
-0.191919 0.030303 0.018953 183
-0.069091 0.117576 0.228934 175
-0.170909 0.122424 0.065534 196
-0.191919 0.030303 0.018953 183
-0.069091 0.117576 0.228934 175
-0.049697 0.243636 0.378873 176
-0.170909 0.122424 0.065534 196
-0.282424 0.277576 0.041283 217
-0.366465 0.202424 0.001463 224
-0.272727 0.127273 0.001231 206
-0.806061 0.236364 -0.008001 272
-0.906667 0.160000 -0.006467 273
-0.806061 0.127273 0.007717 261
-0.903030 -0.151515 0.002125 257
-1.000000 -0.200000 0.000000 256
-0.900000 -0.300000 -0.001545 242
-0.030303 -0.781818 -0.004360 97
0.066667 -0.866667 0.003441 76
0.066667 -0.733333 0.009681 96
-0.071111 -0.640000 -0.003326 116
-0.030303 -0.781818 -0.004360 97
0.066667 -0.733333 0.009681 96
-0.127273 -0.830303 -0.002936 99
0.066667 -0.866667 0.003441 76
-0.030303 -0.781818 -0.004360 97
0.066667 -0.600000 0.000995 95
-0.071111 -0.640000 -0.003326 116
0.066667 -0.733333 0.009681 96
-0.274074 -0.822222 -0.002646 118
-0.200000 -1.000000 0.000000 98
-0.127273 -0.830303 -0.002936 99
0.066667 -1.000000 0.000000 54
0.066667 -0.866667 0.003441 76
-0.066667 -1.000000 0.000000 75
0.178667 0.248000 0.154280 149
0.160000 0.406667 -0.024571 151
0.066667 0.333333 0.312305 169
-1.000000 -1.000000 0.000000 218
-0.866667 -1.000000 0.000000 198
-1.000000 -0.866667 0.000000 219
-0.911111 -0.822222 0.005873 220
-1.000000 -0.866667 0.000000 219
-0.866667 -1.000000 0.000000 198
-0.800000 -0.866667 -0.000639 199
-0.866667 -1.000000 0.000000 198
-0.733333 -1.000000 0.000000 177
-0.680000 -0.840000 0.003466 178
-0.600000 -1.000000 0.000000 156
-0.555556 -0.911111 -0.006892 157
-0.680000 -0.840000 0.003466 178
-0.733333 -1.000000 0.000000 177
-0.600000 -1.000000 0.000000 156
-0.800000 -0.866667 -0.000639 199
-0.911111 -0.822222 0.005873 220
-0.866667 -1.000000 0.000000 198
-0.680000 -0.840000 0.003466 178
-0.800000 -0.866667 -0.000639 199
-0.733333 -1.000000 0.000000 177
-0.680000 -0.840000 0.003466 178
-0.666667 -0.733333 -0.001741 179
-0.786667 -0.760000 -0.004565 200
-0.523810 -0.809524 0.002971 158
-0.680000 -0.840000 0.003466 178
-0.555556 -0.911111 -0.006892 157
-0.666667 -0.733333 -0.001741 179
-0.481481 -0.644444 -0.000897 161
-0.600000 -0.600000 -0.001771 181
-1.000000 -0.733333 0.000000 238
-1.000000 -0.866667 0.000000 219
-0.911111 -0.822222 0.005873 220
-0.600000 -1.000000 0.000000 156
-0.466667 -1.000000 0.000000 134
-0.555556 -0.911111 -0.006892 157
-0.786667 -0.760000 -0.004565 200
-0.800000 -0.866667 -0.000639 199
-0.680000 -0.840000 0.003466 178
-0.700000 -0.583333 -0.005762 201
-0.777778 -0.644444 0.013381 202
-0.666667 -0.733333 -0.001741 179
-0.893333 -0.680000 -0.006096 221
-0.911111 -0.822222 0.005873 220
-0.786667 -0.760000 -0.004565 200
-0.428571 -0.904762 0.004873 135
-0.274074 -0.822222 -0.002646 118
-0.400000 -0.800000 -0.003274 141
-0.911111 -0.822222 0.005873 220
-0.893333 -0.680000 -0.006096 221
-1.000000 -0.733333 0.000000 238
-0.127273 -0.830303 -0.002936 99
-0.200000 -1.000000 0.000000 98
-0.066667 -1.000000 0.000000 75
-0.688889 -0.466667 0.001656 204
-0.515152 -0.490909 0.006224 182
-0.612121 -0.406061 -0.008444 205
-0.813333 -0.253333 -0.004483 244
-0.900000 -0.300000 -0.001545 242
-0.800000 -0.400000 -0.004231 226
-0.666667 -0.733333 -0.001741 179
-0.680000 -0.840000 0.003466 178
-0.523810 -0.809524 0.002971 158
-0.481481 -0.644444 -0.000897 161
-0.666667 -0.733333 -0.001741 179
-0.523810 -0.809524 0.002971 158
-0.777778 -0.644444 0.013381 202
-0.893333 -0.680000 -0.006096 221
-0.786667 -0.760000 -0.004565 200
-0.666667 -0.733333 -0.001741 179
-0.777778 -0.644444 0.013381 202
-0.786667 -0.760000 -0.004565 200
-0.700000 -0.583333 -0.005762 201
-0.800000 -0.500000 -0.008378 223
-0.777778 -0.644444 0.013381 202
-0.800000 -0.500000 -0.008378 223
-0.888889 -0.555556 0.005464 222
-0.777778 -0.644444 0.013381 202
-0.800000 -0.400000 -0.004231 226
-0.800000 -0.500000 -0.008378 223
-0.688889 -0.466667 0.001656 204
-0.800000 -0.400000 -0.004231 226
-0.900000 -0.416667 0.006775 240
-0.800000 -0.500000 -0.008378 223
-0.786667 -0.760000 -0.004565 200
-0.911111 -0.822222 0.005873 220
-0.800000 -0.866667 -0.000639 199
-1.000000 -0.733333 0.000000 238
-0.893333 -0.680000 -0.006096 221
-1.000000 -0.600000 0.000000 237
-0.600000 -0.600000 -0.001771 181
-0.481481 -0.644444 -0.000897 161
-0.515152 -0.490909 0.006224 182
-0.688889 -0.466667 0.001656 204
-0.600000 -0.600000 -0.001771 181
-0.515152 -0.490909 0.006224 182
-0.700000 -0.583333 -0.005762 201
-0.666667 -0.733333 -0.001741 179
-0.600000 -0.600000 -0.001771 181
-0.466667 -1.000000 0.000000 134
-0.428571 -0.904762 0.004873 135
-0.555556 -0.911111 -0.006892 157
-0.700000 -0.583333 -0.005762 201
-0.600000 -0.600000 -0.001771 181
-0.688889 -0.466667 0.001656 204
-0.400000 -0.800000 -0.003274 141
-0.481481 -0.644444 -0.000897 161
-0.523810 -0.809524 0.002971 158
-0.555556 -0.911111 -0.006892 157
-0.428571 -0.904762 0.004873 135
-0.523810 -0.809524 0.002971 158
-0.274074 -0.822222 -0.002646 118
-0.346667 -0.720000 0.004816 140
-0.400000 -0.800000 -0.003274 141
-0.049697 -0.364848 0.017710 121
-0.078788 -0.472727 -0.001217 115
0.066667 -0.466667 0.025992 101
-0.400000 -0.800000 -0.003274 141
-0.346667 -0.720000 0.004816 140
-0.481481 -0.644444 -0.000897 161
-0.243333 -0.656667 -0.022914 137
-0.185303 -0.743485 0.009199 117
-0.071111 -0.640000 -0.003326 116
-0.274074 -0.822222 -0.002646 118
-0.333333 -1.000000 0.000000 114
-0.200000 -1.000000 0.000000 98
-0.800000 -0.500000 -0.008378 223
-0.700000 -0.583333 -0.005762 201
-0.688889 -0.466667 0.001656 204
-1.000000 -0.466667 0.000000 239
-0.888889 -0.555556 0.005464 222
-0.900000 -0.416667 0.006775 240
-0.893333 -0.680000 -0.006096 221
-0.777778 -0.644444 0.013381 202
-0.888889 -0.555556 0.005464 222
-0.127273 -0.830303 -0.002936 99
-0.066667 -1.000000 0.000000 75
0.066667 -0.866667 0.003441 76
-0.888889 -0.555556 0.005464 222
-1.000000 -0.600000 0.000000 237
-0.893333 -0.680000 -0.006096 221
-0.428571 -0.904762 0.004873 135
-0.333333 -1.000000 0.000000 114
-0.274074 -0.822222 -0.002646 118
-0.523810 -0.809524 0.002971 158
-0.428571 -0.904762 0.004873 135
-0.400000 -0.800000 -0.003274 141
-0.466667 -1.000000 0.000000 134
-0.333333 -1.000000 0.000000 114
-0.428571 -0.904762 0.004873 135
0.896296 -0.288889 0.004279 30
0.745455 -0.224242 -0.019471 41
0.833333 -0.400000 0.006586 29
-0.321061 -0.544697 -0.008831 160
-0.398788 -0.432727 -0.002240 174
-0.515152 -0.490909 0.006224 182
-0.346667 -0.720000 0.004816 140
-0.321061 -0.544697 -0.008831 160
-0.481481 -0.644444 -0.000897 161
-0.243333 -0.656667 -0.022914 137
-0.147677 -0.559394 0.022142 139
-0.321061 -0.544697 -0.008831 160
-0.078788 -0.472727 -0.001217 115
-0.166061 -0.396364 -0.095874 136
-0.224242 -0.478788 0.057023 138
0.066667 -0.600000 0.000995 95
-0.078788 -0.472727 -0.001217 115
-0.071111 -0.640000 -0.003326 116
-0.049697 -0.364848 0.017710 121
-0.166061 -0.396364 -0.095874 136
-0.078788 -0.472727 -0.001217 115
-0.191919 0.030303 0.018953 183
-0.232323 -0.103030 0.024800 164
-0.139394 -0.052525 -0.010481 162
-0.282424 -0.374545 0.013557 159
-0.272727 -0.236364 -0.039537 165
-0.385859 -0.292929 0.007418 180
-0.139394 -0.052525 -0.010481 162
-0.046465 -0.123232 0.008649 142
-0.046465 -0.002020 0.015403 163
-0.191919 0.030303 0.018953 183
-0.139394 -0.052525 -0.010481 162
-0.046465 -0.002020 0.015403 163
-0.232323 -0.103030 0.024800 164
-0.159596 -0.179798 -0.022566 144
-0.139394 -0.052525 -0.010481 162
-0.162828 -0.288081 0.033643 145
-0.159596 -0.179798 -0.022566 144
-0.272727 -0.236364 -0.039537 165
-0.282424 -0.374545 0.013557 159
-0.162828 -0.288081 0.033643 145
-0.272727 -0.236364 -0.039537 165
-0.166061 -0.396364 -0.095874 136
-0.049697 -0.364848 0.017710 121
-0.162828 -0.288081 0.033643 145
-0.049697 -0.258182 0.036689 122
-0.046465 -0.123232 0.008649 142
-0.159596 -0.179798 -0.022566 144
-0.049697 -0.364848 0.017710 121
-0.049697 -0.258182 0.036689 122
-0.162828 -0.288081 0.033643 145
-0.049697 -0.364848 0.017710 121
0.066667 -0.333333 -0.058376 102
-0.049697 -0.258182 0.036689 122
0.416667 -0.900000 -0.021958 21
0.333333 -1.000000 0.000000 22
0.466667 -1.000000 0.000000 13
0.555556 -0.888889 -0.021220 14
0.416667 -0.900000 -0.021958 21
0.466667 -1.000000 0.000000 13
0.400000 -0.800000 0.006550 33
0.253333 -0.813333 0.039460 52
0.300000 -0.900000 -0.021757 34
0.300000 -0.900000 -0.021757 34
0.160000 -0.906667 -0.024433 53
0.200000 -1.000000 0.000000 35
0.206667 -0.660000 -0.034324 74
0.253333 -0.813333 0.039460 52
0.346667 -0.720000 -0.012900 51
0.160000 -0.773333 0.018926 73
0.066667 -0.866667 0.003441 76
0.160000 -0.906667 -0.024433 53
0.206667 -0.660000 -0.034324 74
0.160000 -0.773333 0.018926 73
0.253333 -0.813333 0.039460 52
0.066667 -0.733333 0.009681 96
0.066667 -0.866667 0.003441 76
0.160000 -0.773333 0.018926 73
0.066667 -0.866667 0.003441 76
0.066667 -1.000000 0.000000 54
0.160000 -0.906667 -0.024433 53
0.160000 -0.906667 -0.024433 53
0.066667 -1.000000 0.000000 54
0.200000 -1.000000 0.000000 35
-0.346667 -0.720000 0.004816 140
-0.243333 -0.656667 -0.022914 137
-0.321061 -0.544697 -0.008831 160
-0.346667 0.720000 0.006802 252
-0.466667 0.688889 0.000877 265
-0.418182 0.575758 -0.001534 251
-0.288889 0.896296 -0.005869 253
-0.346667 0.720000 0.006802 252
-0.224242 0.745455 0.004738 236
-0.400000 0.800000 -0.001998 264
-0.466667 0.688889 0.000877 265
-0.346667 0.720000 0.006802 252
-0.288889 0.896296 -0.005869 253
-0.400000 0.800000 -0.001998 264
-0.346667 0.720000 0.006802 252
-0.160000 0.906667 -0.005819 235
-0.288889 0.896296 -0.005869 253
-0.224242 0.745455 0.004738 236
-0.333333 1.000000 0.000000 263
-0.428571 0.904762 -0.002260 266
-0.288889 0.896296 -0.005869 253
-0.428571 0.904762 -0.002260 266
-0.523810 0.809524 -0.002702 278
-0.400000 0.800000 -0.001998 264
-0.709091 0.224242 0.007309 259
-0.720000 0.346667 0.000102 267
-0.806061 0.236364 -0.008001 272
-0.476364 -0.364848 0.000291 195
-0.612121 -0.406061 -0.008444 205
-0.515152 -0.490909 0.006224 182
-0.385859 -0.292929 0.007418 180
-0.476364 -0.364848 0.000291 195
-0.398788 -0.432727 -0.002240 174
-0.447811 -0.187273 0.016759 186
-0.331987 -0.115152 0.013753 185
-0.487677 -0.027071 -0.025229 208
-0.385859 -0.292929 0.007418 180
-0.447811 -0.187273 0.016759 186
-0.563636 -0.259394 -0.001240 203
-0.385859 -0.292929 0.007418 180
-0.272727 -0.236364 -0.039537 165
-0.447811 -0.187273 0.016759 186
-0.515152 0.418182 -0.006426 249
-0.418182 0.446970 -0.002057 245
-0.533333 0.533333 0.006194 258
-0.498990 0.256566 0.001689 241
-0.515152 0.418182 -0.006426 249
-0.612121 0.321212 0.004319 255
-0.398788 0.347879 -0.006392 231
-0.282424 0.277576 0.041283 217
-0.224242 0.375758 0.026287 211
-0.498990 0.256566 0.001689 241
-0.398788 0.347879 -0.006392 231
-0.515152 0.418182 -0.006426 249
-0.498990 0.256566 0.001689 241
-0.366465 0.202424 0.001463 224
-0.398788 0.347879 -0.006392 231
-0.709091 0.224242 0.007309 259
-0.579798 0.175758 -0.017215 246
-0.612121 0.321212 0.004319 255
-0.232323 -0.103030 0.024800 164
-0.331987 -0.115152 0.013753 185
-0.272727 -0.236364 -0.039537 165
-0.046465 -0.123232 0.008649 142
-0.139394 -0.052525 -0.010481 162
-0.159596 -0.179798 -0.022566 144
-0.291582 0.018182 -0.033053 184
-0.391246 0.006061 0.017658 207
-0.331987 -0.115152 0.013753 185
-0.191919 0.030303 0.018953 183
-0.291582 0.018182 -0.033053 184
-0.232323 -0.103030 0.024800 164
-0.191919 0.030303 0.018953 183
-0.272727 0.127273 0.001231 206
-0.291582 0.018182 -0.033053 184
-0.069091 0.117576 0.228934 175
-0.191919 0.030303 0.018953 183
-0.046465 -0.002020 0.015403 163
-0.272727 0.127273 0.001231 206
-0.391246 0.006061 0.017658 207
-0.291582 0.018182 -0.033053 184
-0.709091 0.224242 0.007309 259
-0.709091 0.087879 -0.001557 248
-0.579798 0.175758 -0.017215 246
-0.563636 -0.259394 -0.001240 203
-0.709091 -0.321212 0.010357 227
-0.612121 -0.406061 -0.008444 205
-0.447811 -0.187273 0.016759 186
-0.487677 -0.027071 -0.025229 208
-0.584108 -0.060202 -0.000969 209
-0.709091 -0.048485 -0.001406 230
-0.810909 -0.126465 0.008915 243
-0.650909 -0.153939 -0.005568 225
-0.049697 0.243636 0.378873 176
0.066667 0.200000 0.496525 155
0.066667 0.333333 0.312305 169
-0.166061 0.287273 0.149715 197
-0.049697 0.243636 0.378873 176
-0.078788 0.354545 0.148230 189
-0.069091 0.117576 0.228934 175
0.066667 0.200000 0.496525 155
-0.049697 0.243636 0.378873 176
-0.078788 0.354545 0.148230 189
0.066667 0.333333 0.312305 169
0.066667 0.466667 0.034412 171
-0.062626 0.515152 -0.011519 191
-0.078788 0.354545 0.148230 189
0.066667 0.466667 0.034412 171
0.066667 0.600000 -0.011859 192
-0.062626 0.515152 -0.011519 191
0.066667 0.466667 0.034412 171
-0.191919 0.608081 -0.006463 214
-0.208081 0.491919 -0.017905 212
-0.062626 0.515152 -0.011519 191
-0.166061 0.287273 0.149715 197
-0.170909 0.122424 0.065534 196
-0.049697 0.243636 0.378873 176
-0.062626 0.515152 -0.011519 191
-0.208081 0.491919 -0.017905 212
-0.078788 0.354545 0.148230 189
-0.282424 0.277576 0.041283 217
-0.272727 0.127273 0.001231 206
-0.170909 0.122424 0.065534 196
0.477333 0.509333 0.014036 130
0.585185 0.555556 -0.021032 111
0.440000 0.626667 0.016948 131
0.741683 0.030707 0.021791 59
0.830303 -0.127273 -0.003454 39
0.868485 0.016364 -0.013210 37
0.653064 0.110909 0.005440 63
0.564444 0.191111 -0.004467 87
0.534276 0.073670 -0.038857 86
0.610640 0.000572 -0.011578 83
0.653064 0.110909 0.005440 63
0.534276 0.073670 -0.038857 86
0.741683 0.030707 0.021791 59
0.796364 0.133939 -0.012374 42
0.653064 0.110909 0.005440 63
0.185455 -0.117576 0.037554 120
0.185455 -0.224242 0.101843 112
0.338182 -0.129697 0.028699 100
0.179798 0.018182 -0.077520 132
0.185455 -0.117576 0.037554 120
0.292929 -0.030303 0.056879 113
0.315556 0.128889 -0.102915 127
0.179798 0.018182 -0.077520 132
0.292929 -0.030303 0.056879 113
0.066667 0.066667 0.045192 154
0.066667 -0.066667 -0.037061 143
0.179798 0.018182 -0.077520 132
0.185455 -0.224242 0.101843 112
0.215152 -0.330303 0.034304 94
0.304242 -0.248485 -0.136973 93
0.066667 -0.200000 -0.023955 119
0.185455 -0.224242 0.101843 112
0.185455 -0.117576 0.037554 120
0.066667 -0.200000 -0.023955 119
0.066667 -0.333333 -0.058376 102
0.185455 -0.224242 0.101843 112
0.626667 -0.440000 0.005666 38
0.666667 -0.600000 -0.016963 25
0.750000 -0.500000 0.005459 28
0.315556 -0.573333 0.032093 55
0.206667 -0.660000 -0.034324 74
0.346667 -0.720000 -0.012900 51
0.300000 -0.433333 -0.021638 72
0.183333 -0.483333 0.003355 78
0.315556 -0.573333 0.032093 55
0.522727 -0.428788 -0.080220 49
0.406061 -0.378788 0.134466 71
0.416667 -0.516667 -0.026510 50
0.215152 -0.330303 0.034304 94
0.183333 -0.483333 0.003355 78
0.300000 -0.433333 -0.021638 72
0.183333 -0.483333 0.003355 78
0.066667 -0.466667 0.025992 101
0.066667 -0.600000 0.000995 95
0.416667 -0.516667 -0.026510 50
0.300000 -0.433333 -0.021638 72
0.315556 -0.573333 0.032093 55
0.215152 -0.330303 0.034304 94
0.066667 -0.333333 -0.058376 102
0.183333 -0.483333 0.003355 78
-0.049697 -0.364848 0.017710 121
0.066667 -0.466667 0.025992 101
0.066667 -0.333333 -0.058376 102
0.066667 -0.200000 -0.023955 119
-0.049697 -0.258182 0.036689 122
0.066667 -0.333333 -0.058376 102
-0.185303 -0.743485 0.009199 117
-0.346667 -0.720000 0.004816 140
-0.274074 -0.822222 -0.002646 118
-0.147677 -0.559394 0.022142 139
-0.243333 -0.656667 -0.022914 137
-0.071111 -0.640000 -0.003326 116
-0.224242 -0.478788 0.057023 138
-0.282424 -0.374545 0.013557 159
-0.321061 -0.544697 -0.008831 160
0.416667 -0.516667 -0.026510 50
0.315556 -0.573333 0.032093 55
0.440000 -0.626667 -0.006498 36
0.626667 -0.440000 0.005666 38
0.750000 -0.500000 0.005459 28
0.660606 -0.321212 -0.015236 40
0.632323 -0.175758 0.055378 62
0.473939 -0.161212 -0.048312 84
0.512121 -0.324242 0.022448 60
0.533333 -0.533333 0.040294 32
0.666667 -0.600000 -0.016963 25
0.626667 -0.440000 0.005666 38
0.896296 -0.288889 0.004279 30
1.000000 -0.200000 0.000000 27
0.830303 -0.127273 -0.003454 39
0.792593 0.377778 0.001685 90
0.800000 0.500000 -0.000678 68
0.700000 0.500000 0.024406 91
0.900000 0.300000 0.023490 66
0.904762 0.428571 0.032827 67
0.792593 0.377778 0.001685 90
0.906667 0.160000 0.029491 44
0.900000 0.300000 0.023490 66
0.813333 0.253333 -0.020230 65
1.000000 0.333333 0.000000 45
0.904762 0.428571 0.032827 67
0.900000 0.300000 0.023490 66
0.904762 0.428571 0.032827 67
0.911111 0.555556 0.018954 70
0.800000 0.500000 -0.000678 68
0.745455 -0.224242 -0.019471 41
0.660606 -0.321212 -0.015236 40
0.833333 -0.400000 0.006586 29
0.830303 -0.127273 -0.003454 39
0.745455 -0.224242 -0.019471 41
0.896296 -0.288889 0.004279 30
0.657778 0.331111 0.002037 89
0.813333 0.253333 -0.020230 65
0.792593 0.377778 0.001685 90
0.539556 0.291556 -0.018659 88
0.688889 0.222222 0.012118 64
0.657778 0.331111 0.002037 89
0.402667 0.290667 0.018027 108
0.440000 0.160000 0.047632 107
0.539556 0.291556 -0.018659 88
0.632323 -0.175758 0.055378 62
0.687003 -0.072525 0.018754 61
0.542290 -0.080320 -0.053013 85
0.440000 0.160000 0.047632 107
0.534276 0.073670 -0.038857 86
0.564444 0.191111 -0.004467 87
0.440000 0.160000 0.047632 107
0.315556 0.128889 -0.102915 127
0.456970 -0.000606 0.038640 106
0.688889 0.222222 0.012118 64
0.564444 0.191111 -0.004467 87
0.653064 0.110909 0.005440 63
0.688889 0.222222 0.012118 64
0.796364 0.133939 -0.012374 42
0.813333 0.253333 -0.020230 65
0.160000 0.406667 -0.024571 151
0.066667 0.466667 0.034412 171
0.066667 0.333333 0.312305 169
0.346667 0.386667 -0.008103 129
0.160000 0.406667 -0.024571 151
0.290667 0.296000 -0.001719 128
0.160000 0.540000 -0.026862 170
0.170370 0.644444 0.027278 172
0.066667 0.600000 -0.011859 192
0.346667 0.386667 -0.008103 129
0.253333 0.480000 0.046235 150
0.160000 0.406667 -0.024571 151
0.346667 0.553333 -0.013155 152
0.170370 0.644444 0.027278 172
0.160000 0.540000 -0.026862 170
0.687003 -0.072525 0.018754 61
0.745455 -0.224242 -0.019471 41
0.830303 -0.127273 -0.003454 39
0.741683 0.030707 0.021791 59
0.687003 -0.072525 0.018754 61
0.830303 -0.127273 -0.003454 39
0.688889 0.222222 0.012118 64
0.653064 0.110909 0.005440 63
0.796364 0.133939 -0.012374 42
0.687003 -0.072525 0.018754 61
0.632323 -0.175758 0.055378 62
0.745455 -0.224242 -0.019471 41
0.653064 0.110909 0.005440 63
0.610640 0.000572 -0.011578 83
0.741683 0.030707 0.021791 59
0.542290 -0.080320 -0.053013 85
0.456970 -0.000606 0.038640 106
0.473939 -0.161212 -0.048312 84
0.632323 -0.175758 0.055378 62
0.542290 -0.080320 -0.053013 85
0.473939 -0.161212 -0.048312 84
0.610640 0.000572 -0.011578 83
0.456970 -0.000606 0.038640 106
0.542290 -0.080320 -0.053013 85
0.741683 0.030707 0.021791 59
0.610640 0.000572 -0.011578 83
0.687003 -0.072525 0.018754 61
0.534276 0.073670 -0.038857 86
0.456970 -0.000606 0.038640 106
0.610640 0.000572 -0.011578 83
0.687003 -0.072525 0.018754 61
0.610640 0.000572 -0.011578 83
0.542290 -0.080320 -0.053013 85
0.440000 0.160000 0.047632 107
0.456970 -0.000606 0.038640 106
0.534276 0.073670 -0.038857 86
0.292929 -0.030303 0.056879 113
0.338182 -0.129697 0.028699 100
0.456970 -0.000606 0.038640 106
0.522727 -0.428788 -0.080220 49
0.416667 -0.516667 -0.026510 50
0.533333 -0.533333 0.040294 32
0.626667 -0.440000 0.005666 38
0.522727 -0.428788 -0.080220 49
0.533333 -0.533333 0.040294 32
0.512121 -0.324242 0.022448 60
0.423030 -0.272727 -0.046079 77
0.406061 -0.378788 0.134466 71
0.338182 -0.129697 0.028699 100
0.423030 -0.272727 -0.046079 77
0.473939 -0.161212 -0.048312 84
0.304242 -0.248485 -0.136973 93
0.215152 -0.330303 0.034304 94
0.300000 -0.433333 -0.021638 72
0.473939 -0.161212 -0.048312 84
0.423030 -0.272727 -0.046079 77
0.512121 -0.324242 0.022448 60
0.868485 0.016364 -0.013210 37
1.000000 0.066667 0.000000 31
0.906667 0.160000 0.029491 44
0.741683 0.030707 0.021791 59
0.868485 0.016364 -0.013210 37
0.796364 0.133939 -0.012374 42
0.830303 -0.127273 -0.003454 39
1.000000 -0.066667 0.000000 26
0.868485 0.016364 -0.013210 37
0.440000 0.626667 0.016948 131
0.500000 0.700000 -0.007018 124
0.377778 0.733333 -0.016597 147
0.657778 0.331111 0.002037 89
0.792593 0.377778 0.001685 90
0.626667 0.440000 -0.027580 110
0.868485 0.016364 -0.013210 37
0.906667 0.160000 0.029491 44
0.796364 0.133939 -0.012374 42
0.906667 0.160000 0.029491 44
1.000000 0.200000 0.000000 43
0.900000 0.300000 0.023490 66
0.796364 0.133939 -0.012374 42
0.906667 0.160000 0.029491 44
0.813333 0.253333 -0.020230 65
1.000000 0.066667 0.000000 31
1.000000 0.200000 0.000000 43
0.906667 0.160000 0.029491 44
0.900000 0.300000 0.023490 66
1.000000 0.200000 0.000000 43
1.000000 0.333333 0.000000 45
0.300000 -0.900000 -0.021757 34
0.200000 -1.000000 0.000000 35
0.333333 -1.000000 0.000000 22
1.000000 -1.000000 0.000000 1
1.000000 -0.866667 0.000000 3
0.866667 -1.000000 0.000000 2
0.911111 -0.822222 -0.010872 6
1.000000 -0.733333 0.000000 7
0.900000 -0.700000 -0.006710 11
0.800000 -0.900000 -0.005352 5
0.911111 -0.822222 -0.010872 6
0.760000 -0.786667 -0.006731 10
1.000000 -0.866667 0.000000 3
1.000000 -0.733333 0.000000 7
0.911111 -0.822222 -0.010872 6
0.911111 -0.822222 -0.010872 6
0.866667 -1.000000 0.000000 2
1.000000 -0.866667 0.000000 3
0.900000 -0.700000 -0.006710 11
0.760000 -0.786667 -0.006731 10
0.911111 -0.822222 -0.010872 6
0.911111 -0.555556 -0.016824 18
0.822222 -0.611111 0.004134 17
0.900000 -0.700000 -0.006710 11
0.666667 -0.600000 -0.016963 25
0.583333 -0.700000 -0.019476 23
0.733333 -0.666667 -0.005573 16
0.800000 -0.900000 -0.005352 5
0.733333 -1.000000 0.000000 4
0.866667 -1.000000 0.000000 2
0.911111 -0.822222 -0.010872 6
0.800000 -0.900000 -0.005352 5
0.866667 -1.000000 0.000000 2
0.644444 -0.777778 0.009671 15
0.583333 -0.700000 -0.019476 23
0.500000 -0.800000 0.008700 24
0.760000 -0.786667 -0.006731 10
0.644444 -0.777778 0.009671 15
0.700000 -0.900000 -0.025926 9
0.760000 -0.786667 -0.006731 10
0.733333 -0.666667 -0.005573 16
0.644444 -0.777778 0.009671 15
0.900000 -0.700000 -0.006710 11
0.733333 -0.666667 -0.005573 16
0.760000 -0.786667 -0.006731 10
1.000000 -0.600000 0.000000 12
0.900000 -0.700000 -0.006710 11
1.000000 -0.733333 0.000000 7
0.750000 -0.500000 0.005459 28
0.833333 -0.400000 0.006586 29
0.660606 -0.321212 -0.015236 40
0.733333 -0.666667 -0.005573 16
0.822222 -0.611111 0.004134 17
0.666667 -0.600000 -0.016963 25
0.911111 -0.555556 -0.016824 18
0.833333 -0.400000 0.006586 29
0.750000 -0.500000 0.005459 28
1.000000 -0.600000 0.000000 12
0.911111 -0.555556 -0.016824 18
0.900000 -0.700000 -0.006710 11
1.000000 -0.600000 0.000000 12
1.000000 -0.466667 0.000000 19
0.911111 -0.555556 -0.016824 18
0.555556 -0.888889 -0.021220 14
0.466667 -1.000000 0.000000 13
0.600000 -1.000000 0.000000 8
0.733333 -0.666667 -0.005573 16
0.583333 -0.700000 -0.019476 23
0.644444 -0.777778 0.009671 15
-0.078788 -0.472727 -0.001217 115
0.066667 -0.600000 0.000995 95
0.066667 -0.466667 0.025992 101
-0.185303 -0.743485 0.009199 117
-0.127273 -0.830303 -0.002936 99
-0.030303 -0.781818 -0.004360 97
-0.346667 -0.720000 0.004816 140
-0.185303 -0.743485 0.009199 117
-0.243333 -0.656667 -0.022914 137
-0.274074 -0.822222 -0.002646 118
-0.127273 -0.830303 -0.002936 99
-0.185303 -0.743485 0.009199 117
-0.185303 -0.743485 0.009199 117
-0.030303 -0.781818 -0.004360 97
-0.071111 -0.640000 -0.003326 116
0.160000 -0.906667 -0.024433 53
0.253333 -0.813333 0.039460 52
0.160000 -0.773333 0.018926 73
0.206667 -0.660000 -0.034324 74
0.066667 -0.600000 0.000995 95
0.066667 -0.733333 0.009681 96
0.160000 -0.773333 0.018926 73
0.206667 -0.660000 -0.034324 74
0.066667 -0.733333 0.009681 96
0.346667 -0.720000 -0.012900 51
0.440000 -0.626667 -0.006498 36
0.315556 -0.573333 0.032093 55
0.512121 -0.324242 0.022448 60
0.522727 -0.428788 -0.080220 49
0.626667 -0.440000 0.005666 38
0.304242 -0.248485 -0.136973 93
0.300000 -0.433333 -0.021638 72
0.406061 -0.378788 0.134466 71
0.440000 -0.626667 -0.006498 36
0.533333 -0.533333 0.040294 32
0.416667 -0.516667 -0.026510 50
0.400000 -0.800000 0.006550 33
0.440000 -0.626667 -0.006498 36
0.346667 -0.720000 -0.012900 51
0.583333 -0.700000 -0.019476 23
0.533333 -0.533333 0.040294 32
0.440000 -0.626667 -0.006498 36
0.400000 -0.800000 0.006550 33
0.500000 -0.800000 0.008700 24
0.440000 -0.626667 -0.006498 36
0.833333 -0.400000 0.006586 29
0.911111 -0.555556 -0.016824 18
1.000000 -0.466667 0.000000 19
0.700000 -0.900000 -0.025926 9
0.555556 -0.888889 -0.021220 14
0.600000 -1.000000 0.000000 8
0.800000 -0.900000 -0.005352 5
0.700000 -0.900000 -0.025926 9
0.733333 -1.000000 0.000000 4
0.800000 -0.900000 -0.005352 5
0.760000 -0.786667 -0.006731 10
0.700000 -0.900000 -0.025926 9
0.833333 -0.400000 0.006586 29
1.000000 -0.333333 0.000000 20
0.896296 -0.288889 0.004279 30
0.733333 -1.000000 0.000000 4
0.700000 -0.900000 -0.025926 9
0.600000 -1.000000 0.000000 8
0.830303 -0.127273 -0.003454 39
1.000000 -0.200000 0.000000 27
1.000000 -0.066667 0.000000 26
1.000000 0.066667 0.000000 31
0.868485 0.016364 -0.013210 37
1.000000 -0.066667 0.000000 26
0.833333 -0.400000 0.006586 29
1.000000 -0.466667 0.000000 19
1.000000 -0.333333 0.000000 20
0.477333 0.509333 0.014036 130
0.626667 0.440000 -0.027580 110
0.585185 0.555556 -0.021032 111
0.315556 0.128889 -0.102915 127
0.292929 -0.030303 0.056879 113
0.456970 -0.000606 0.038640 106
0.402667 0.290667 0.018027 108
0.315556 0.128889 -0.102915 127
0.440000 0.160000 0.047632 107
0.178667 0.141333 0.066689 133
0.179798 0.018182 -0.077520 132
0.315556 0.128889 -0.102915 127
0.066667 0.200000 0.496525 155
0.178667 0.141333 0.066689 133
0.178667 0.248000 0.154280 149
0.066667 0.066667 0.045192 154
0.179798 0.018182 -0.077520 132
0.178667 0.141333 0.066689 133
0.179798 0.018182 -0.077520 132
0.066667 -0.066667 -0.037061 143
0.185455 -0.117576 0.037554 120
0.822222 -0.611111 0.004134 17
0.733333 -0.666667 -0.005573 16
0.900000 -0.700000 -0.006710 11
0.750000 -0.500000 0.005459 28
0.822222 -0.611111 0.004134 17
0.911111 -0.555556 -0.016824 18
0.750000 -0.500000 0.005459 28
0.666667 -0.600000 -0.016963 25
0.822222 -0.611111 0.004134 17
0.644444 -0.777778 0.009671 15
0.555556 -0.888889 -0.021220 14
0.700000 -0.900000 -0.025926 9
0.533333 -0.533333 0.040294 32
0.583333 -0.700000 -0.019476 23
0.666667 -0.600000 -0.016963 25
0.500000 -0.800000 0.008700 24
0.555556 -0.888889 -0.021220 14
0.644444 -0.777778 0.009671 15
0.440000 -0.626667 -0.006498 36
0.500000 -0.800000 0.008700 24
0.583333 -0.700000 -0.019476 23
0.400000 -0.800000 0.006550 33
0.416667 -0.900000 -0.021958 21
0.500000 -0.800000 0.008700 24
0.253333 -0.813333 0.039460 52
0.400000 -0.800000 0.006550 33
0.346667 -0.720000 -0.012900 51
0.416667 -0.900000 -0.021958 21
0.555556 -0.888889 -0.021220 14
0.500000 -0.800000 0.008700 24
1.000000 -0.333333 0.000000 20
1.000000 -0.200000 0.000000 27
0.896296 -0.288889 0.004279 30
0.300000 -0.900000 -0.021757 34
0.253333 -0.813333 0.039460 52
0.160000 -0.906667 -0.024433 53
0.416667 -0.900000 -0.021958 21
0.300000 -0.900000 -0.021757 34
0.333333 -1.000000 0.000000 22
0.416667 -0.900000 -0.021958 21
0.400000 -0.800000 0.006550 33
0.300000 -0.900000 -0.021757 34
1.000000 0.866667 0.000000 57
1.000000 1.000000 0.000000 56
0.866667 1.000000 0.000000 79
0.733333 1.000000 0.000000 103
0.600000 1.000000 0.000000 123
0.680000 0.840000 -0.000673 105
0.800000 0.900000 -0.001856 80
0.911111 0.822222 0.001868 58
0.866667 1.000000 0.000000 79
0.800000 0.900000 -0.001856 80
0.800000 0.800000 -0.000821 82
0.911111 0.822222 0.001868 58
0.733333 1.000000 0.000000 103
0.800000 0.900000 -0.001856 80
0.866667 1.000000 0.000000 79
0.733333 1.000000 0.000000 103
0.680000 0.840000 -0.000673 105
0.800000 0.900000 -0.001856 80
0.733333 0.733333 0.011478 81
0.714286 0.619048 0.011385 92
0.893333 0.680000 0.001021 69
0.911111 0.822222 0.001868 58
1.000000 0.733333 0.000000 46
1.000000 0.866667 0.000000 57
0.866667 1.000000 0.000000 79
0.911111 0.822222 0.001868 58
1.000000 0.866667 0.000000 57
0.800000 0.800000 -0.000821 82
0.893333 0.680000 0.001021 69
0.911111 0.822222 0.001868 58
0.555556 0.911111 -0.009177 125
0.600000 1.000000 0.000000 123
0.466667 1.000000 0.000000 146
0.333333 1.000000 0.000000 166
0.400000 0.833333 0.003431 148
0.466667 1.000000 0.000000 146
0.523810 0.809524 0.009543 126
0.600000 0.666667 0.002634 104
0.680000 0.840000 -0.000673 105
0.400000 0.833333 0.003431 148
0.555556 0.911111 -0.009177 125
0.466667 1.000000 0.000000 146
0.500000 0.700000 -0.007018 124
0.523810 0.809524 0.009543 126
0.377778 0.733333 -0.016597 147
0.500000 0.700000 -0.007018 124
0.600000 0.666667 0.002634 104
0.523810 0.809524 0.009543 126
0.893333 0.680000 0.001021 69
1.000000 0.600000 0.000000 48
1.000000 0.733333 0.000000 46
0.333333 1.000000 0.000000 166
0.300000 0.900000 -0.012135 168
0.400000 0.833333 0.003431 148
1.000000 0.466667 0.000000 47
1.000000 0.600000 0.000000 48
0.911111 0.555556 0.018954 70
-0.533333 0.533333 0.006194 258
-0.644444 0.481481 0.000544 262
-0.515152 0.418182 -0.006426 249
0.274074 0.688889 0.007698 153
0.170370 0.644444 0.027278 172
0.346667 0.553333 -0.013155 152
0.160000 0.906667 0.003771 188
0.160000 0.773333 -0.018120 173
0.253333 0.813333 0.003699 167
0.066667 0.733333 0.009254 193
0.066667 0.600000 -0.011859 192
0.170370 0.644444 0.027278 172
0.253333 0.813333 0.003699 167
0.160000 0.773333 -0.018120 173
0.274074 0.688889 0.007698 153
-0.321212 0.475758 -0.012249 233
-0.208081 0.491919 -0.017905 212
-0.321212 0.612121 0.006285 234
-0.533333 0.533333 0.006194 258
-0.418182 0.446970 -0.002057 245
-0.418182 0.575758 -0.001534 251
-0.398788 0.347879 -0.006392 231
-0.224242 0.375758 0.026287 211
-0.321212 0.475758 -0.012249 233
0.657778 0.331111 0.002037 89
0.688889 0.222222 0.012118 64
0.813333 0.253333 -0.020230 65
0.514667 0.392000 0.012486 109
0.657778 0.331111 0.002037 89
0.626667 0.440000 -0.027580 110
0.539556 0.291556 -0.018659 88
0.564444 0.191111 -0.004467 87
0.688889 0.222222 0.012118 64
0.514667 0.392000 0.012486 109
0.539556 0.291556 -0.018659 88
0.657778 0.331111 0.002037 89
0.514667 0.392000 0.012486 109
0.402667 0.290667 0.018027 108
0.539556 0.291556 -0.018659 88
-0.515152 0.418182 -0.006426 249
-0.644444 0.481481 0.000544 262
-0.612121 0.321212 0.004319 255
0.406061 -0.378788 0.134466 71
0.423030 -0.272727 -0.046079 77
0.304242 -0.248485 -0.136973 93
0.416667 -0.516667 -0.026510 50
0.406061 -0.378788 0.134466 71
0.300000 -0.433333 -0.021638 72
0.522727 -0.428788 -0.080220 49
0.512121 -0.324242 0.022448 60
0.406061 -0.378788 0.134466 71
0.660606 -0.321212 -0.015236 40
0.512121 -0.324242 0.022448 60
0.626667 -0.440000 0.005666 38
0.660606 -0.321212 -0.015236 40
0.632323 -0.175758 0.055378 62
0.512121 -0.324242 0.022448 60
-0.291582 0.018182 -0.033053 184
-0.331987 -0.115152 0.013753 185
-0.232323 -0.103030 0.024800 164
-0.579798 0.039394 0.012462 229
-0.487677 -0.027071 -0.025229 208
-0.450505 0.127273 0.006741 228
-0.579798 0.175758 -0.017215 246
-0.579798 0.039394 0.012462 229
-0.450505 0.127273 0.006741 228
-0.709091 -0.048485 -0.001406 230
-0.650909 -0.153939 -0.005568 225
-0.584108 -0.060202 -0.000969 209
-0.232323 -0.103030 0.024800 164
-0.272727 -0.236364 -0.039537 165
-0.159596 -0.179798 -0.022566 144
-0.487677 -0.027071 -0.025229 208
-0.331987 -0.115152 0.013753 185
-0.391246 0.006061 0.017658 207
-0.450505 0.127273 0.006741 228
-0.487677 -0.027071 -0.025229 208
-0.391246 0.006061 0.017658 207
-0.584108 -0.060202 -0.000969 209
-0.563636 -0.259394 -0.001240 203
-0.447811 -0.187273 0.016759 186
-0.447811 -0.187273 0.016759 186
-0.272727 -0.236364 -0.039537 165
-0.331987 -0.115152 0.013753 185
-0.584108 -0.060202 -0.000969 209
-0.650909 -0.153939 -0.005568 225
-0.563636 -0.259394 -0.001240 203
-0.579798 0.039394 0.012462 229
-0.584108 -0.060202 -0.000969 209
-0.487677 -0.027071 -0.025229 208
-0.579798 0.039394 0.012462 229
-0.709091 -0.048485 -0.001406 230
-0.584108 -0.060202 -0.000969 209
-0.398788 -0.432727 -0.002240 174
-0.321061 -0.544697 -0.008831 160
-0.282424 -0.374545 0.013557 159
0.178667 0.141333 0.066689 133
0.315556 0.128889 -0.102915 127
0.178667 0.248000 0.154280 149
0.066667 -0.200000 -0.023955 119
0.185455 -0.117576 0.037554 120
0.066667 -0.066667 -0.037061 143
0.338182 -0.129697 0.028699 100
0.473939 -0.161212 -0.048312 84
0.456970 -0.000606 0.038640 106
0.185455 -0.117576 0.037554 120
0.338182 -0.129697 0.028699 100
0.292929 -0.030303 0.056879 113
0.304242 -0.248485 -0.136973 93
0.423030 -0.272727 -0.046079 77
0.338182 -0.129697 0.028699 100
-0.049697 0.243636 0.378873 176
0.066667 0.333333 0.312305 169
-0.078788 0.354545 0.148230 189
0.183333 -0.483333 0.003355 78
0.066667 -0.600000 0.000995 95
0.206667 -0.660000 -0.034324 74
0.585185 0.555556 -0.021032 111
0.500000 0.700000 -0.007018 124
0.440000 0.626667 0.016948 131
0.714286 0.619048 0.011385 92
0.600000 0.666667 0.002634 104
0.585185 0.555556 -0.021032 111
0.893333 0.680000 0.001021 69
0.800000 0.800000 -0.000821 82
0.733333 0.733333 0.011478 81
1.000000 0.600000 0.000000 48
0.893333 0.680000 0.001021 69
0.911111 0.555556 0.018954 70
1.000000 0.733333 0.000000 46
0.911111 0.822222 0.001868 58
0.893333 0.680000 0.001021 69
0.680000 0.840000 -0.000673 105
0.600000 1.000000 0.000000 123
0.555556 0.911111 -0.009177 125
0.680000 0.840000 -0.000673 105
0.800000 0.800000 -0.000821 82
0.800000 0.900000 -0.001856 80
0.523810 0.809524 0.009543 126
0.680000 0.840000 -0.000673 105
0.555556 0.911111 -0.009177 125
0.733333 0.733333 0.011478 81
0.800000 0.800000 -0.000821 82
0.680000 0.840000 -0.000673 105
0.300000 0.900000 -0.012135 168
0.200000 1.000000 0.000000 187
0.160000 0.906667 0.003771 188
0.911111 0.555556 0.018954 70
0.904762 0.428571 0.032827 67
1.000000 0.466667 0.000000 47
0.160000 0.906667 0.003771 188
0.200000 1.000000 0.000000 187
0.066667 1.000000 0.000000 210
0.900000 0.300000 0.023490 66
0.792593 0.377778 0.001685 90
0.813333 0.253333 -0.020230 65
-0.030303 0.903030 -0.017251 213
0.066667 1.000000 0.000000 210
-0.066667 1.000000 0.000000 232
0.160000 0.906667 0.003771 188
0.253333 0.813333 0.003699 167
0.300000 0.900000 -0.012135 168
-0.030303 0.903030 -0.017251 213
0.066667 0.866667 -0.001183 190
0.066667 1.000000 0.000000 210
0.066667 0.866667 -0.001183 190
0.160000 0.773333 -0.018120 173
0.160000 0.906667 0.003771 188
-0.321212 0.612121 0.006285 234
-0.191919 0.608081 -0.006463 214
-0.224242 0.745455 0.004738 236
0.274074 0.688889 0.007698 153
0.346667 0.553333 -0.013155 152
0.440000 0.626667 0.016948 131
0.253333 0.813333 0.003699 167
0.274074 0.688889 0.007698 153
0.377778 0.733333 -0.016597 147
0.160000 0.540000 -0.026862 170
0.066667 0.600000 -0.011859 192
0.066667 0.466667 0.034412 171
0.160000 0.406667 -0.024571 151
0.160000 0.540000 -0.026862 170
0.066667 0.466667 0.034412 171
0.253333 0.480000 0.046235 150
0.346667 0.553333 -0.013155 152
0.160000 0.540000 -0.026862 170
0.160000 0.773333 -0.018120 173
0.170370 0.644444 0.027278 172
0.274074 0.688889 0.007698 153
0.160000 0.773333 -0.018120 173
0.066667 0.733333 0.009254 193
0.170370 0.644444 0.027278 172
-0.078788 0.672727 -0.001176 216
-0.191919 0.608081 -0.006463 214
-0.062626 0.515152 -0.011519 191
-0.030303 0.769697 0.012425 194
-0.078788 0.672727 -0.001176 216
0.066667 0.733333 0.009254 193
0.066667 0.866667 -0.001183 190
-0.030303 0.769697 0.012425 194
0.066667 0.733333 0.009254 193
-0.127273 0.806061 0.011037 215
-0.078788 0.672727 -0.001176 216
-0.030303 0.769697 0.012425 194
-0.127273 0.806061 0.011037 215
-0.224242 0.745455 0.004738 236
-0.078788 0.672727 -0.001176 216
0.160000 0.540000 -0.026862 170
0.160000 0.406667 -0.024571 151
0.253333 0.480000 0.046235 150
-0.078788 0.672727 -0.001176 216
-0.062626 0.515152 -0.011519 191
0.066667 0.600000 -0.011859 192
0.066667 0.733333 0.009254 193
-0.078788 0.672727 -0.001176 216
0.066667 0.600000 -0.011859 192
-0.224242 0.375758 0.026287 211
-0.208081 0.491919 -0.017905 212
-0.321212 0.475758 -0.012249 233
-0.346667 0.720000 0.006802 252
-0.321212 0.612121 0.006285 234
-0.224242 0.745455 0.004738 236
-0.418182 0.446970 -0.002057 245
-0.515152 0.418182 -0.006426 249
-0.398788 0.347879 -0.006392 231
-0.321212 0.475758 -0.012249 233
-0.418182 0.446970 -0.002057 245
-0.398788 0.347879 -0.006392 231
-0.321212 0.475758 -0.012249 233
-0.418182 0.575758 -0.001534 251
-0.418182 0.446970 -0.002057 245
0.477333 0.509333 0.014036 130
0.514667 0.392000 0.012486 109
0.626667 0.440000 -0.027580 110
0.346667 0.553333 -0.013155 152
0.477333 0.509333 0.014036 130
0.440000 0.626667 0.016948 131
0.346667 0.553333 -0.013155 152
0.346667 0.386667 -0.008103 129
0.477333 0.509333 0.014036 130
0.377778 0.733333 -0.016597 147
0.274074 0.688889 0.007698 153
0.440000 0.626667 0.016948 131
0.290667 0.296000 -0.001719 128
0.160000 0.406667 -0.024571 151
0.178667 0.248000 0.154280 149
-0.224242 0.375758 0.026287 211
-0.282424 0.277576 0.041283 217
-0.166061 0.287273 0.149715 197
-0.078788 0.354545 0.148230 189
-0.224242 0.375758 0.026287 211
-0.166061 0.287273 0.149715 197
-0.321212 0.475758 -0.012249 233
-0.321212 0.612121 0.006285 234
-0.418182 0.575758 -0.001534 251
-0.078788 0.354545 0.148230 189
-0.208081 0.491919 -0.017905 212
-0.224242 0.375758 0.026287 211
-0.191919 0.608081 -0.006463 214
-0.321212 0.612121 0.006285 234
-0.208081 0.491919 -0.017905 212
0.539556 0.291556 -0.018659 88
0.440000 0.160000 0.047632 107
0.564444 0.191111 -0.004467 87
0.346667 0.386667 -0.008103 129
0.402667 0.290667 0.018027 108
0.514667 0.392000 0.012486 109
0.346667 0.386667 -0.008103 129
0.290667 0.296000 -0.001719 128
0.402667 0.290667 0.018027 108
0.402667 0.290667 0.018027 108
0.290667 0.296000 -0.001719 128
0.315556 0.128889 -0.102915 127
0.477333 0.509333 0.014036 130
0.346667 0.386667 -0.008103 129
0.514667 0.392000 0.012486 109
0.346667 0.553333 -0.013155 152
0.253333 0.480000 0.046235 150
0.346667 0.386667 -0.008103 129
0.178667 0.248000 0.154280 149
0.315556 0.128889 -0.102915 127
0.290667 0.296000 -0.001719 128
0.066667 0.200000 0.496525 155
0.178667 0.248000 0.154280 149
0.066667 0.333333 0.312305 169
0.066667 0.200000 0.496525 155
0.066667 0.066667 0.045192 154
0.178667 0.141333 0.066689 133
0.300000 0.900000 -0.012135 168
0.333333 1.000000 0.000000 166
0.200000 1.000000 0.000000 187
0.377778 0.733333 -0.016597 147
0.400000 0.833333 0.003431 148
0.253333 0.813333 0.003699 167
0.400000 0.833333 0.003431 148
0.523810 0.809524 0.009543 126
0.555556 0.911111 -0.009177 125
0.253333 0.813333 0.003699 167
0.400000 0.833333 0.003431 148
0.300000 0.900000 -0.012135 168
0.377778 0.733333 -0.016597 147
0.523810 0.809524 0.009543 126
0.400000 0.833333 0.003431 148
0.800000 0.500000 -0.000678 68
0.911111 0.555556 0.018954 70
0.714286 0.619048 0.011385 92
0.700000 0.500000 0.024406 91
0.800000 0.500000 -0.000678 68
0.714286 0.619048 0.011385 92
0.585185 0.555556 -0.021032 111
0.700000 0.500000 0.024406 91
0.714286 0.619048 0.011385 92
0.626667 0.440000 -0.027580 110
0.792593 0.377778 0.001685 90
0.700000 0.500000 0.024406 91
0.792593 0.377778 0.001685 90
0.904762 0.428571 0.032827 67
0.800000 0.500000 -0.000678 68
1.000000 0.466667 0.000000 47
0.904762 0.428571 0.032827 67
1.000000 0.333333 0.000000 45
0.600000 0.666667 0.002634 104
0.733333 0.733333 0.011478 81
0.680000 0.840000 -0.000673 105
0.585185 0.555556 -0.021032 111
0.600000 0.666667 0.002634 104
0.500000 0.700000 -0.007018 124
0.714286 0.619048 0.011385 92
0.733333 0.733333 0.011478 81
0.600000 0.666667 0.002634 104
0.626667 0.440000 -0.027580 110
0.700000 0.500000 0.024406 91
0.585185 0.555556 -0.021032 111
0.911111 0.555556 0.018954 70
0.893333 0.680000 0.001021 69
0.714286 0.619048 0.011385 92
