-0.507514 0.097964 0.714534 8
-0.809017 -0.587785 0.680013 13
-0.206011 -0.391857 0.732346 12
-0.507514 0.097964 0.714534 8
-1.000000 -0.000000 0.686657 9
-0.809017 -0.587785 0.680013 13
0.333333 -0.000000 0.841466 7
-0.507514 0.097964 0.714534 8
-0.206011 -0.391857 0.732346 12
0.012158 0.475528 0.746369 4
-0.809017 0.587785 0.675580 5
-0.507514 0.097964 0.714534 8
0.333333 -0.000000 0.841466 7
0.012158 0.475528 0.746369 4
-0.507514 0.097964 0.714534 8
0.012158 0.475528 0.746369 4
0.309017 0.951057 0.712434 1
-0.309017 0.951057 0.692598 2
0.012158 0.475528 0.746369 4
0.333333 -0.000000 0.841466 7
0.809017 0.587785 0.789200 3
-0.809017 0.587785 0.675580 5
0.012158 0.475528 0.746369 4
-0.309017 0.951057 0.692598 2
-0.809017 0.587785 0.675580 5
-1.000000 -0.000000 0.686657 9
-0.507514 0.097964 0.714534 8
-0.309017 -0.951057 0.687735 15
0.309017 -0.951057 0.709541 14
-0.206011 -0.391857 0.732346 12
0.321175 -0.475528 0.771466 11
0.809017 -0.587785 0.784203 10
0.333333 -0.000000 0.841466 7
0.333333 -0.000000 0.841466 7
0.809017 -0.587785 0.784203 10
1.000000 0.000000 0.837564 6
0.321175 -0.475528 0.771466 11
-0.206011 -0.391857 0.732346 12
0.309017 -0.951057 0.709541 14
0.809017 -0.587785 0.784203 10
0.321175 -0.475528 0.771466 11
0.309017 -0.951057 0.709541 14
0.333333 -0.000000 0.841466 7
-0.206011 -0.391857 0.732346 12
0.321175 -0.475528 0.771466 11
0.809017 0.587785 0.789200 3
0.333333 -0.000000 0.841466 7
1.000000 0.000000 0.837564 6
0.809017 0.587785 0.789200 3
0.309017 0.951057 0.712434 1
0.012158 0.475528 0.746369 4
-0.809017 -0.587785 0.680013 13
-0.309017 -0.951057 0.687735 15
-0.206011 -0.391857 0.732346 12
