-0.507514 0.097964 2.132632 8
-0.809017 -0.587785 2.124902 13
-0.206011 -0.391857 2.146446 12
-0.507514 0.097964 2.132632 8
-1.000000 -0.000000 2.122721 9
-0.809017 -0.587785 2.124902 13
0.333333 -0.000000 2.186457 7
-0.507514 0.097964 2.132632 8
-0.206011 -0.391857 2.146446 12
0.012158 0.475528 2.159096 4
-0.809017 0.587785 2.123555 5
-0.507514 0.097964 2.132632 8
0.333333 -0.000000 2.186457 7
0.012158 0.475528 2.159096 4
-0.507514 0.097964 2.132632 8
0.012158 0.475528 2.159096 4
0.309017 0.951057 2.166165 1
-0.309017 0.951057 2.143096 2
0.012158 0.475528 2.159096 4
0.333333 -0.000000 2.186457 7
0.809017 0.587785 2.198039 3
-0.809017 0.587785 2.123555 5
0.012158 0.475528 2.159096 4
-0.309017 0.951057 2.143096 2
-0.809017 0.587785 2.123555 5
-1.000000 -0.000000 2.122721 9
-0.507514 0.097964 2.132632 8
-0.309017 -0.951057 2.139719 15
0.309017 -0.951057 2.165092 14
-0.206011 -0.391857 2.146446 12
0.321175 -0.475528 2.176162 11
0.809017 -0.587785 2.196030 10
0.333333 -0.000000 2.186457 7
0.333333 -0.000000 2.186457 7
0.809017 -0.587785 2.196030 10
1.000000 0.000000 2.209184 6
0.321175 -0.475528 2.176162 11
-0.206011 -0.391857 2.146446 12
0.309017 -0.951057 2.165092 14
0.809017 -0.587785 2.196030 10
0.321175 -0.475528 2.176162 11
0.309017 -0.951057 2.165092 14
0.333333 -0.000000 2.186457 7
-0.206011 -0.391857 2.146446 12
0.321175 -0.475528 2.176162 11
0.809017 0.587785 2.198039 3
0.333333 -0.000000 2.186457 7
1.000000 0.000000 2.209184 6
0.809017 0.587785 2.198039 3
0.309017 0.951057 2.166165 1
0.012158 0.475528 2.159096 4
-0.809017 -0.587785 2.124902 13
-0.309017 -0.951057 2.139719 15
-0.206011 -0.391857 2.146446 12
