-0.507514 0.097964 2.208050 8
-0.809017 -0.587785 2.200738 13
-0.206011 -0.391857 2.221671 12
-0.507514 0.097964 2.208050 8
-1.000000 -0.000000 2.198417 9
-0.809017 -0.587785 2.200738 13
0.333333 -0.000000 2.260245 7
-0.507514 0.097964 2.208050 8
-0.206011 -0.391857 2.221671 12
0.012158 0.475528 2.234097 4
-0.809017 0.587785 2.199486 5
-0.507514 0.097964 2.208050 8
0.333333 -0.000000 2.260245 7
0.012158 0.475528 2.234097 4
-0.507514 0.097964 2.208050 8
0.012158 0.475528 2.234097 4
0.309017 0.951057 2.241308 1
-0.309017 0.951057 2.218836 2
0.012158 0.475528 2.234097 4
0.333333 -0.000000 2.260245 7
0.809017 0.587785 2.271860 3
-0.809017 0.587785 2.199486 5
0.012158 0.475528 2.234097 4
-0.309017 0.951057 2.218836 2
-0.809017 0.587785 2.199486 5
-1.000000 -0.000000 2.198417 9
-0.507514 0.097964 2.208050 8
-0.309017 -0.951057 2.215510 15
0.309017 -0.951057 2.240341 14
-0.206011 -0.391857 2.221671 12
0.321175 -0.475528 2.250652 11
0.809017 -0.587785 2.269898 10
0.333333 -0.000000 2.260245 7
0.333333 -0.000000 2.260245 7
0.809017 -0.587785 2.269898 10
1.000000 0.000000 2.282321 6
0.321175 -0.475528 2.250652 11
-0.206011 -0.391857 2.221671 12
0.309017 -0.951057 2.240341 14
0.809017 -0.587785 2.269898 10
0.321175 -0.475528 2.250652 11
0.309017 -0.951057 2.240341 14
0.333333 -0.000000 2.260245 7
-0.206011 -0.391857 2.221671 12
0.321175 -0.475528 2.250652 11
0.809017 0.587785 2.271860 3
0.333333 -0.000000 2.260245 7
1.000000 0.000000 2.282321 6
0.809017 0.587785 2.271860 3
0.309017 0.951057 2.241308 1
0.012158 0.475528 2.234097 4
-0.809017 -0.587785 2.200738 13
-0.309017 -0.951057 2.215510 15
-0.206011 -0.391857 2.221671 12
