-0.507514 0.097964 1.122388 8
-0.809017 -0.587785 1.101017 13
-0.206011 -0.391857 1.138223 12
-0.507514 0.097964 1.122388 8
-1.000000 -0.000000 1.103486 9
-0.809017 -0.587785 1.101017 13
0.333333 -0.000000 1.211272 7
-0.507514 0.097964 1.122388 8
-0.206011 -0.391857 1.138223 12
0.012158 0.475528 1.152326 4
-0.809017 0.587785 1.097858 5
-0.507514 0.097964 1.122388 8
0.333333 -0.000000 1.211272 7
0.012158 0.475528 1.152326 4
-0.507514 0.097964 1.122388 8
0.012158 0.475528 1.152326 4
0.309017 0.951057 1.144645 1
-0.309017 0.951057 1.116807 2
0.012158 0.475528 1.152326 4
0.333333 -0.000000 1.211272 7
0.809017 0.587785 1.203620 3
-0.809017 0.587785 1.097858 5
0.012158 0.475528 1.152326 4
-0.309017 0.951057 1.116807 2
-0.809017 0.587785 1.097858 5
-1.000000 -0.000000 1.103486 9
-0.507514 0.097964 1.122388 8
-0.309017 -0.951057 1.112604 15
0.309017 -0.951057 1.141238 14
-0.206011 -0.391857 1.138223 12
0.321175 -0.475528 1.176239 11
0.809017 -0.587785 1.200845 10
0.333333 -0.000000 1.211272 7
0.333333 -0.000000 1.211272 7
0.809017 -0.587785 1.200845 10
1.000000 0.000000 1.234070 6
0.321175 -0.475528 1.176239 11
-0.206011 -0.391857 1.138223 12
0.309017 -0.951057 1.141238 14
0.809017 -0.587785 1.200845 10
0.321175 -0.475528 1.176239 11
0.309017 -0.951057 1.141238 14
0.333333 -0.000000 1.211272 7
-0.206011 -0.391857 1.138223 12
0.321175 -0.475528 1.176239 11
0.809017 0.587785 1.203620 3
0.333333 -0.000000 1.211272 7
1.000000 0.000000 1.234070 6
0.809017 0.587785 1.203620 3
0.309017 0.951057 1.144645 1
0.012158 0.475528 1.152326 4
-0.809017 -0.587785 1.101017 13
-0.309017 -0.951057 1.112604 15
-0.206011 -0.391857 1.138223 12
