-0.507514 0.097964 2.220414 8
-0.809017 -0.587785 2.213167 13
-0.206011 -0.391857 2.234003 12
-0.507514 0.097964 2.220414 8
-1.000000 -0.000000 2.210825 9
-0.809017 -0.587785 2.213167 13
0.333333 -0.000000 2.272349 7
-0.507514 0.097964 2.220414 8
-0.206011 -0.391857 2.234003 12
0.012158 0.475528 2.246392 4
-0.809017 0.587785 2.211930 5
-0.507514 0.097964 2.220414 8
0.333333 -0.000000 2.272349 7
0.012158 0.475528 2.246392 4
-0.507514 0.097964 2.220414 8
0.012158 0.475528 2.246392 4
0.309017 0.951057 2.253620 1
-0.309017 0.951057 2.231247 2
0.012158 0.475528 2.246392 4
0.333333 -0.000000 2.272349 7
0.809017 0.587785 2.283963 3
-0.809017 0.587785 2.211930 5
0.012158 0.475528 2.246392 4
-0.309017 0.951057 2.231247 2
-0.809017 0.587785 2.211930 5
-1.000000 -0.000000 2.210825 9
-0.507514 0.097964 2.220414 8
-0.309017 -0.951057 2.227929 15
0.309017 -0.951057 2.252670 14
-0.206011 -0.391857 2.234003 12
0.321175 -0.475528 2.262864 11
0.809017 -0.587785 2.282008 10
0.333333 -0.000000 2.272349 7
0.333333 -0.000000 2.272349 7
0.809017 -0.587785 2.282008 10
1.000000 0.000000 2.294318 6
0.321175 -0.475528 2.262864 11
-0.206011 -0.391857 2.234003 12
0.309017 -0.951057 2.252670 14
0.809017 -0.587785 2.282008 10
0.321175 -0.475528 2.262864 11
0.309017 -0.951057 2.252670 14
0.333333 -0.000000 2.272349 7
-0.206011 -0.391857 2.234003 12
0.321175 -0.475528 2.262864 11
0.809017 0.587785 2.283963 3
0.333333 -0.000000 2.272349 7
1.000000 0.000000 2.294318 6
0.809017 0.587785 2.283963 3
0.309017 0.951057 2.253620 1
0.012158 0.475528 2.246392 4
-0.809017 -0.587785 2.213167 13
-0.309017 -0.951057 2.227929 15
-0.206011 -0.391857 2.234003 12
