-0.507514 0.097964 2.234014 8
-0.809017 -0.587785 2.226837 13
-0.206011 -0.391857 2.247568 12
-0.507514 0.097964 2.234014 8
-1.000000 -0.000000 2.224474 9
-0.809017 -0.587785 2.226837 13
0.333333 -0.000000 2.285665 7
-0.507514 0.097964 2.234014 8
-0.206011 -0.391857 2.247568 12
0.012158 0.475528 2.259915 4
-0.809017 0.587785 2.225617 5
-0.507514 0.097964 2.234014 8
0.333333 -0.000000 2.285665 7
0.012158 0.475528 2.259915 4
-0.507514 0.097964 2.234014 8
0.012158 0.475528 2.259915 4
0.309017 0.951057 2.267163 1
-0.309017 0.951057 2.244896 2
0.012158 0.475528 2.259915 4
0.333333 -0.000000 2.285665 7
0.809017 0.587785 2.297277 3
-0.809017 0.587785 2.225617 5
0.012158 0.475528 2.259915 4
-0.309017 0.951057 2.244896 2
-0.809017 0.587785 2.225617 5
-1.000000 -0.000000 2.224474 9
-0.507514 0.097964 2.234014 8
-0.309017 -0.951057 2.241588 15
0.309017 -0.951057 2.266230 14
-0.206011 -0.391857 2.247568 12
0.321175 -0.475528 2.276297 11
0.809017 -0.587785 2.295331 10
0.333333 -0.000000 2.285665 7
0.333333 -0.000000 2.285665 7
0.809017 -0.587785 2.295331 10
1.000000 0.000000 2.307516 6
0.321175 -0.475528 2.276297 11
-0.206011 -0.391857 2.247568 12
0.309017 -0.951057 2.266230 14
0.809017 -0.587785 2.295331 10
0.321175 -0.475528 2.276297 11
0.309017 -0.951057 2.266230 14
0.333333 -0.000000 2.285665 7
-0.206011 -0.391857 2.247568 12
0.321175 -0.475528 2.276297 11
0.809017 0.587785 2.297277 3
0.333333 -0.000000 2.285665 7
1.000000 0.000000 2.307516 6
0.809017 0.587785 2.297277 3
0.309017 0.951057 2.267163 1
0.012158 0.475528 2.259915 4
-0.809017 -0.587785 2.226837 13
-0.309017 -0.951057 2.241588 15
-0.206011 -0.391857 2.247568 12
