-0.507514 0.097964 0.760056 8
-0.809017 -0.587785 0.727163 13
-0.206011 -0.391857 0.777538 12
-0.507514 0.097964 0.760056 8
-1.000000 -0.000000 0.733227 9
-0.809017 -0.587785 0.727163 13
0.333333 -0.000000 0.880807 7
-0.507514 0.097964 0.760056 8
-0.206011 -0.391857 0.777538 12
0.012158 0.475528 0.791498 4
-0.809017 0.587785 0.722915 5
-0.507514 0.097964 0.760056 8
0.333333 -0.000000 0.880807 7
0.012158 0.475528 0.791498 4
-0.507514 0.097964 0.760056 8
0.012158 0.475528 0.791498 4
0.309017 0.951057 0.761652 1
-0.309017 0.951057 0.740174 2
0.012158 0.475528 0.791498 4
0.333333 -0.000000 0.880807 7
0.809017 0.587785 0.836299 3
-0.809017 0.587785 0.722915 5
0.012158 0.475528 0.791498 4
-0.309017 0.951057 0.740174 2
-0.809017 0.587785 0.722915 5
-1.000000 -0.000000 0.733227 9
-0.507514 0.097964 0.760056 8
-0.309017 -0.951057 0.735355 15
0.309017 -0.951057 0.758528 14
-0.206011 -0.391857 0.777538 12
0.321175 -0.475528 0.816517 11
0.809017 -0.587785 0.831774 10
0.333333 -0.000000 0.880807 7
0.333333 -0.000000 0.880807 7
0.809017 -0.587785 0.831774 10
1.000000 0.000000 0.882300 6
0.321175 -0.475528 0.816517 11
-0.206011 -0.391857 0.777538 12
0.309017 -0.951057 0.758528 14
0.809017 -0.587785 0.831774 10
0.321175 -0.475528 0.816517 11
0.309017 -0.951057 0.758528 14
0.333333 -0.000000 0.880807 7
-0.206011 -0.391857 0.777538 12
0.321175 -0.475528 0.816517 11
0.809017 0.587785 0.836299 3
0.333333 -0.000000 0.880807 7
1.000000 0.000000 0.882300 6
0.809017 0.587785 0.836299 3
0.309017 0.951057 0.761652 1
0.012158 0.475528 0.791498 4
-0.809017 -0.587785 0.727163 13
-0.309017 -0.951057 0.735355 15
-0.206011 -0.391857 0.777538 12
