-0.507514 0.097964 0.846071 8
-0.809017 -0.587785 0.816220 13
-0.206011 -0.391857 0.863009 12
-0.507514 0.097964 0.846071 8
-1.000000 -0.000000 0.821281 9
-0.809017 -0.587785 0.816220 13
0.333333 -0.000000 0.956866 7
-0.507514 0.097964 0.846071 8
-0.206011 -0.391857 0.863009 12
0.012158 0.475528 0.876938 4
-0.809017 0.587785 0.812284 5
-0.507514 0.097964 0.846071 8
0.333333 -0.000000 0.956866 7
0.012158 0.475528 0.876938 4
-0.507514 0.097964 0.846071 8
0.012158 0.475528 0.876938 4
0.309017 0.951057 0.853951 1
-0.309017 0.951057 0.829983 2
0.012158 0.475528 0.876938 4
0.333333 -0.000000 0.956866 7
0.809017 0.587785 0.924617 3
-0.809017 0.587785 0.812284 5
0.012158 0.475528 0.876938 4
-0.309017 0.951057 0.829983 2
-0.809017 0.587785 0.812284 5
-1.000000 -0.000000 0.821281 9
-0.507514 0.097964 0.846071 8
-0.309017 -0.951057 0.825298 15
0.309017 -0.951057 0.850532 14
-0.206011 -0.391857 0.863009 12
0.321175 -0.475528 0.901797 11
0.809017 -0.587785 0.920776 10
0.333333 -0.000000 0.956866 7
0.333333 -0.000000 0.956866 7
0.809017 -0.587785 0.920776 10
1.000000 0.000000 0.966369 6
0.321175 -0.475528 0.901797 11
-0.206011 -0.391857 0.863009 12
0.309017 -0.951057 0.850532 14
0.809017 -0.587785 0.920776 10
0.321175 -0.475528 0.901797 11
0.309017 -0.951057 0.850532 14
0.333333 -0.000000 0.956866 7
-0.206011 -0.391857 0.863009 12
0.321175 -0.475528 0.901797 11
0.809017 0.587785 0.924617 3
0.333333 -0.000000 0.956866 7
1.000000 0.000000 0.966369 6
0.809017 0.587785 0.924617 3
0.309017 0.951057 0.853951 1
0.012158 0.475528 0.876938 4
-0.809017 -0.587785 0.816220 13
-0.309017 -0.951057 0.825298 15
-0.206011 -0.391857 0.863009 12
