-0.507514 0.097964 2.277291 8
-0.809017 -0.587785 2.270328 13
-0.206011 -0.391857 2.290729 12
-0.507514 0.097964 2.277291 8
-1.000000 -0.000000 2.267897 9
-0.809017 -0.587785 2.270328 13
0.333333 -0.000000 2.328049 7
-0.507514 0.097964 2.277291 8
-0.206011 -0.391857 2.290729 12
0.012158 0.475528 2.302943 4
-0.809017 0.587785 2.269158 5
-0.507514 0.097964 2.277291 8
0.333333 -0.000000 2.328049 7
0.012158 0.475528 2.302943 4
-0.507514 0.097964 2.277291 8
0.012158 0.475528 2.302943 4
0.309017 0.951057 2.310241 1
-0.309017 0.951057 2.288315 2
0.012158 0.475528 2.302943 4
0.333333 -0.000000 2.328049 7
0.809017 0.587785 2.339642 3
-0.809017 0.587785 2.269158 5
0.012158 0.475528 2.302943 4
-0.309017 0.951057 2.288315 2
-0.809017 0.587785 2.269158 5
-1.000000 -0.000000 2.267897 9
-0.507514 0.097964 2.277291 8
-0.309017 -0.951057 2.285036 15
0.309017 -0.951057 2.309362 14
-0.206011 -0.391857 2.290729 12
0.321175 -0.475528 2.319039 11
0.809017 -0.587785 2.337723 10
0.333333 -0.000000 2.328049 7
0.333333 -0.000000 2.328049 7
0.809017 -0.587785 2.337723 10
1.000000 0.000000 2.349525 6
0.321175 -0.475528 2.319039 11
-0.206011 -0.391857 2.290729 12
0.309017 -0.951057 2.309362 14
0.809017 -0.587785 2.337723 10
0.321175 -0.475528 2.319039 11
0.309017 -0.951057 2.309362 14
0.333333 -0.000000 2.328049 7
-0.206011 -0.391857 2.290729 12
0.321175 -0.475528 2.319039 11
0.809017 0.587785 2.339642 3
0.333333 -0.000000 2.328049 7
1.000000 0.000000 2.349525 6
0.809017 0.587785 2.339642 3
0.309017 0.951057 2.310241 1
0.012158 0.475528 2.302943 4
-0.809017 -0.587785 2.270328 13
-0.309017 -0.951057 2.285036 15
-0.206011 -0.391857 2.290729 12
