-0.507514 0.097964 2.538197 8
-0.809017 -0.587785 2.532317 13
-0.206011 -0.391857 2.550892 12
-0.507514 0.097964 2.538197 8
-1.000000 -0.000000 2.529596 9
-0.809017 -0.587785 2.532317 13
0.333333 -0.000000 2.583967 7
-0.507514 0.097964 2.538197 8
-0.206011 -0.391857 2.550892 12
0.012158 0.475528 2.562280 4
-0.809017 0.587785 2.531415 5
-0.507514 0.097964 2.538197 8
0.333333 -0.000000 2.583967 7
0.012158 0.475528 2.562280 4
-0.507514 0.097964 2.538197 8
0.012158 0.475528 2.562280 4
0.309017 0.951057 2.569639 1
-0.309017 0.951057 2.549706 2
0.012158 0.475528 2.562280 4
0.333333 -0.000000 2.583967 7
0.809017 0.587785 2.595163 3
-0.809017 0.587785 2.531415 5
0.012158 0.475528 2.562280 4
-0.309017 0.951057 2.549706 2
-0.809017 0.587785 2.531415 5
-1.000000 -0.000000 2.529596 9
-0.507514 0.097964 2.538197 8
-0.309017 -0.951057 2.546612 15
0.309017 -0.951057 2.569020 14
-0.206011 -0.391857 2.550892 12
0.321175 -0.475528 2.576743 11
0.809017 -0.587785 2.593412 10
0.333333 -0.000000 2.583967 7
0.333333 -0.000000 2.583967 7
0.809017 -0.587785 2.593412 10
1.000000 0.000000 2.603226 6
0.321175 -0.475528 2.576743 11
-0.206011 -0.391857 2.550892 12
0.309017 -0.951057 2.569020 14
0.809017 -0.587785 2.593412 10
0.321175 -0.475528 2.576743 11
0.309017 -0.951057 2.569020 14
0.333333 -0.000000 2.583967 7
-0.206011 -0.391857 2.550892 12
0.321175 -0.475528 2.576743 11
0.809017 0.587785 2.595163 3
0.333333 -0.000000 2.583967 7
1.000000 0.000000 2.603226 6
0.809017 0.587785 2.595163 3
0.309017 0.951057 2.569639 1
0.012158 0.475528 2.562280 4
-0.809017 -0.587785 2.532317 13
-0.309017 -0.951057 2.546612 15
-0.206011 -0.391857 2.550892 12
