-0.507514 0.097964 2.170958 8
-0.809017 -0.587785 2.163446 13
-0.206011 -0.391857 2.184676 12
-0.507514 0.097964 2.170958 8
-1.000000 -0.000000 2.161191 9
-0.809017 -0.587785 2.163446 13
0.333333 -0.000000 2.223946 7
-0.507514 0.097964 2.170958 8
-0.206011 -0.391857 2.184676 12
0.012158 0.475528 2.197212 4
-0.809017 0.587785 2.162148 5
-0.507514 0.097964 2.170958 8
0.333333 -0.000000 2.223946 7
0.012158 0.475528 2.197212 4
-0.507514 0.097964 2.170958 8
0.012158 0.475528 2.197212 4
0.309017 0.951057 2.204360 1
-0.309017 0.951057 2.181595 2
0.012158 0.475528 2.197212 4
0.333333 -0.000000 2.223946 7
0.809017 0.587785 2.235553 3
-0.809017 0.587785 2.162148 5
0.012158 0.475528 2.197212 4
-0.309017 0.951057 2.181595 2
-0.809017 0.587785 2.162148 5
-1.000000 -0.000000 2.161191 9
-0.507514 0.097964 2.170958 8
-0.309017 -0.951057 2.178243 15
0.309017 -0.951057 2.203342 14
-0.206011 -0.391857 2.184676 12
0.321175 -0.475528 2.214017 11
0.809017 -0.587785 2.233568 10
0.333333 -0.000000 2.223946 7
0.333333 -0.000000 2.223946 7
0.809017 -0.587785 2.233568 10
1.000000 0.000000 2.246344 6
0.321175 -0.475528 2.214017 11
-0.206011 -0.391857 2.184676 12
0.309017 -0.951057 2.203342 14
0.809017 -0.587785 2.233568 10
0.321175 -0.475528 2.214017 11
0.309017 -0.951057 2.203342 14
0.333333 -0.000000 2.223946 7
-0.206011 -0.391857 2.184676 12
0.321175 -0.475528 2.214017 11
0.809017 0.587785 2.235553 3
0.333333 -0.000000 2.223946 7
1.000000 0.000000 2.246344 6
0.809017 0.587785 2.235553 3
0.309017 0.951057 2.204360 1
0.012158 0.475528 2.197212 4
-0.809017 -0.587785 2.163446 13
-0.309017 -0.951057 2.178243 15
-0.206011 -0.391857 2.184676 12
