-0.507514 0.097964 0.314671 8
-0.809017 -0.587785 0.272983 13
-0.206011 -0.391857 0.333923 12
-0.507514 0.097964 0.314671 8
-1.000000 -0.000000 0.285943 9
-0.809017 -0.587785 0.272983 13
0.333333 -0.000000 0.548962 7
-0.507514 0.097964 0.314671 8
-0.206011 -0.391857 0.333923 12
0.012158 0.475528 0.351072 4
-0.809017 0.587785 0.266730 5
-0.507514 0.097964 0.314671 8
0.333333 -0.000000 0.548962 7
0.012158 0.475528 0.351072 4
-0.507514 0.097964 0.314671 8
0.012158 0.475528 0.351072 4
0.309017 0.951057 0.276091 1
-0.309017 0.951057 0.280383 2
0.012158 0.475528 0.351072 4
0.333333 -0.000000 0.548962 7
0.809017 0.587785 0.361263 3
-0.809017 0.587785 0.266730 5
0.012158 0.475528 0.351072 4
-0.309017 0.951057 0.280383 2
-0.809017 0.587785 0.266730 5
-1.000000 -0.000000 0.285943 9
-0.507514 0.097964 0.314671 8
-0.309017 -0.951057 0.279171 15
0.309017 -0.951057 0.275987 14
-0.206011 -0.391857 0.333923 12
0.321175 -0.475528 0.379065 11
0.809017 -0.587785 0.347183 10
0.333333 -0.000000 0.548962 7
0.333333 -0.000000 0.548962 7
0.809017 -0.587785 0.347183 10
1.000000 0.000000 0.426185 6
0.321175 -0.475528 0.379065 11
-0.206011 -0.391857 0.333923 12
0.309017 -0.951057 0.275987 14
0.809017 -0.587785 0.347183 10
0.321175 -0.475528 0.379065 11
0.309017 -0.951057 0.275987 14
0.333333 -0.000000 0.548962 7
-0.206011 -0.391857 0.333923 12
0.321175 -0.475528 0.379065 11
0.809017 0.587785 0.361263 3
0.333333 -0.000000 0.548962 7
1.000000 0.000000 0.426185 6
0.809017 0.587785 0.361263 3
0.309017 0.951057 0.276091 1
0.012158 0.475528 0.351072 4
-0.809017 -0.587785 0.272983 13
-0.309017 -0.951057 0.279171 15
-0.206011 -0.391857 0.333923 12
