-0.507514 0.097964 1.655736 8
-0.809017 -0.587785 1.644023 13
-0.206011 -0.391857 1.670564 12
-0.507514 0.097964 1.655736 8
-1.000000 -0.000000 1.643287 9
-0.809017 -0.587785 1.644023 13
0.333333 -0.000000 1.721935 7
-0.507514 0.097964 1.655736 8
-0.206011 -0.391857 1.670564 12
0.012158 0.475528 1.684367 4
-0.809017 0.587785 1.641945 5
-0.507514 0.097964 1.655736 8
0.333333 -0.000000 1.721935 7
0.012158 0.475528 1.684367 4
-0.507514 0.097964 1.655736 8
0.012158 0.475528 1.684367 4
0.309017 0.951057 1.688711 1
-0.309017 0.951057 1.662035 2
0.012158 0.475528 1.684367 4
0.333333 -0.000000 1.721935 7
0.809017 0.587785 1.730849 3
-0.809017 0.587785 1.641945 5
0.012158 0.475528 1.684367 4
-0.309017 0.951057 1.662035 2
-0.809017 0.587785 1.641945 5
-1.000000 -0.000000 1.643287 9
-0.507514 0.097964 1.655736 8
-0.309017 -0.951057 1.658343 15
0.309017 -0.951057 1.686687 14
-0.206011 -0.391857 1.670564 12
0.321175 -0.475528 1.704851 11
0.809017 -0.587785 1.728569 10
0.333333 -0.000000 1.721935 7
0.333333 -0.000000 1.721935 7
0.809017 -0.587785 1.728569 10
1.000000 0.000000 1.748113 6
0.321175 -0.475528 1.704851 11
-0.206011 -0.391857 1.670564 12
0.309017 -0.951057 1.686687 14
0.809017 -0.587785 1.728569 10
0.321175 -0.475528 1.704851 11
0.309017 -0.951057 1.686687 14
0.333333 -0.000000 1.721935 7
-0.206011 -0.391857 1.670564 12
0.321175 -0.475528 1.704851 11
0.809017 0.587785 1.730849 3
0.333333 -0.000000 1.721935 7
1.000000 0.000000 1.748113 6
0.809017 0.587785 1.730849 3
0.309017 0.951057 1.688711 1
0.012158 0.475528 1.684367 4
-0.809017 -0.587785 1.644023 13
-0.309017 -0.951057 1.658343 15
-0.206011 -0.391857 1.670564 12
