-0.507514 0.097964 1.638457 8
-0.809017 -0.587785 1.626540 13
-0.206011 -0.391857 1.653316 12
-0.507514 0.097964 1.638457 8
-1.000000 -0.000000 1.625878 9
-0.809017 -0.587785 1.626540 13
0.333333 -0.000000 1.705196 7
-0.507514 0.097964 1.638457 8
-0.206011 -0.391857 1.653316 12
0.012158 0.475528 1.667148 4
-0.809017 0.587785 1.624431 5
-0.507514 0.097964 1.638457 8
0.333333 -0.000000 1.705196 7
0.012158 0.475528 1.667148 4
-0.507514 0.097964 1.638457 8
0.012158 0.475528 1.667148 4
0.309017 0.951057 1.671304 1
-0.309017 0.951057 1.644515 2
0.012158 0.475528 1.667148 4
0.333333 -0.000000 1.705196 7
0.809017 0.587785 1.713886 3
-0.809017 0.587785 1.624431 5
0.012158 0.475528 1.667148 4
-0.309017 0.951057 1.644515 2
-0.809017 0.587785 1.624431 5
-1.000000 -0.000000 1.625878 9
-0.507514 0.097964 1.638457 8
-0.309017 -0.951057 1.640811 15
0.309017 -0.951057 1.669236 14
-0.206011 -0.391857 1.653316 12
0.321175 -0.475528 1.687758 11
0.809017 -0.587785 1.711597 10
0.333333 -0.000000 1.705196 7
0.333333 -0.000000 1.705196 7
0.809017 -0.587785 1.711597 10
1.000000 0.000000 1.731449 6
0.321175 -0.475528 1.687758 11
-0.206011 -0.391857 1.653316 12
0.309017 -0.951057 1.669236 14
0.809017 -0.587785 1.711597 10
0.321175 -0.475528 1.687758 11
0.309017 -0.951057 1.669236 14
0.333333 -0.000000 1.705196 7
-0.206011 -0.391857 1.653316 12
0.321175 -0.475528 1.687758 11
0.809017 0.587785 1.713886 3
0.333333 -0.000000 1.705196 7
1.000000 0.000000 1.731449 6
0.809017 0.587785 1.713886 3
0.309017 0.951057 1.671304 1
0.012158 0.475528 1.667148 4
-0.809017 -0.587785 1.626540 13
-0.309017 -0.951057 1.640811 15
-0.206011 -0.391857 1.653316 12
