-0.507514 0.097964 2.323041 8
-0.809017 -0.587785 2.316293 13
-0.206011 -0.391857 2.336354 12
-0.507514 0.097964 2.323041 8
-1.000000 -0.000000 2.313798 9
-0.809017 -0.587785 2.316293 13
0.333333 -0.000000 2.372877 7
-0.507514 0.097964 2.323041 8
-0.206011 -0.391857 2.336354 12
0.012158 0.475528 2.348427 4
-0.809017 0.587785 2.315175 5
-0.507514 0.097964 2.323041 8
0.333333 -0.000000 2.372877 7
0.012158 0.475528 2.348427 4
-0.507514 0.097964 2.323041 8
0.012158 0.475528 2.348427 4
0.309017 0.951057 2.355764 1
-0.309017 0.951057 2.334194 2
0.012158 0.475528 2.348427 4
0.333333 -0.000000 2.372877 7
0.809017 0.587785 2.384433 3
-0.809017 0.587785 2.315175 5
0.012158 0.475528 2.348427 4
-0.309017 0.951057 2.334194 2
-0.809017 0.587785 2.315175 5
-1.000000 -0.000000 2.313798 9
-0.507514 0.097964 2.323041 8
-0.309017 -0.951057 2.330948 15
0.309017 -0.951057 2.354938 14
-0.206011 -0.391857 2.336354 12
0.321175 -0.475528 2.364226 11
0.809017 -0.587785 2.382543 10
0.333333 -0.000000 2.372877 7
0.333333 -0.000000 2.372877 7
0.809017 -0.587785 2.382543 10
1.000000 0.000000 2.393958 6
0.321175 -0.475528 2.364226 11
-0.206011 -0.391857 2.336354 12
0.309017 -0.951057 2.354938 14
0.809017 -0.587785 2.382543 10
0.321175 -0.475528 2.364226 11
0.309017 -0.951057 2.354938 14
0.333333 -0.000000 2.372877 7
-0.206011 -0.391857 2.336354 12
0.321175 -0.475528 2.364226 11
0.809017 0.587785 2.384433 3
0.333333 -0.000000 2.372877 7
1.000000 0.000000 2.393958 6
0.809017 0.587785 2.384433 3
0.309017 0.951057 2.355764 1
0.012158 0.475528 2.348427 4
-0.809017 -0.587785 2.316293 13
-0.309017 -0.951057 2.330948 15
-0.206011 -0.391857 2.336354 12
