-0.507514 0.097964 0.356861 8
-0.809017 -0.587785 0.314469 13
-0.206011 -0.391857 0.376540 12
-0.507514 0.097964 0.356861 8
-1.000000 -0.000000 0.326842 9
-0.809017 -0.587785 0.314469 13
0.333333 -0.000000 0.572719 7
-0.507514 0.097964 0.356861 8
-0.206011 -0.391857 0.376540 12
0.012158 0.475528 0.393198 4
-0.809017 0.587785 0.308329 5
-0.507514 0.097964 0.356861 8
0.333333 -0.000000 0.572719 7
0.012158 0.475528 0.393198 4
-0.507514 0.097964 0.356861 8
0.012158 0.475528 0.393198 4
0.309017 0.951057 0.321287 1
-0.309017 0.951057 0.322604 2
0.012158 0.475528 0.393198 4
0.333333 -0.000000 0.572719 7
0.809017 0.587785 0.407880 3
-0.809017 0.587785 0.308329 5
0.012158 0.475528 0.393198 4
-0.309017 0.951057 0.322604 2
-0.809017 0.587785 0.308329 5
-1.000000 -0.000000 0.326842 9
-0.507514 0.097964 0.356861 8
-0.309017 -0.951057 0.320376 15
0.309017 -0.951057 0.321099 14
-0.206011 -0.391857 0.376540 12
0.321175 -0.475528 0.420592 11
0.809017 -0.587785 0.395125 10
0.333333 -0.000000 0.572719 7
0.333333 -0.000000 0.572719 7
0.809017 -0.587785 0.395125 10
1.000000 0.000000 0.472535 6
0.321175 -0.475528 0.420592 11
-0.206011 -0.391857 0.376540 12
0.309017 -0.951057 0.321099 14
0.809017 -0.587785 0.395125 10
0.321175 -0.475528 0.420592 11
0.309017 -0.951057 0.321099 14
0.333333 -0.000000 0.572719 7
-0.206011 -0.391857 0.376540 12
0.321175 -0.475528 0.420592 11
0.809017 0.587785 0.407880 3
0.333333 -0.000000 0.572719 7
1.000000 0.000000 0.472535 6
0.809017 0.587785 0.407880 3
0.309017 0.951057 0.321287 1
0.012158 0.475528 0.393198 4
-0.809017 -0.587785 0.314469 13
-0.309017 -0.951057 0.320376 15
-0.206011 -0.391857 0.376540 12
