-0.507514 0.097964 0.798161 8
-0.809017 -0.587785 0.766628 13
-0.206011 -0.391857 0.815389 12
-0.507514 0.097964 0.798161 8
-1.000000 -0.000000 0.772233 9
-0.809017 -0.587785 0.766628 13
0.333333 -0.000000 0.914249 7
-0.507514 0.097964 0.798161 8
-0.206011 -0.391857 0.815389 12
0.012158 0.475528 0.829323 4
-0.809017 0.587785 0.762523 5
-0.507514 0.097964 0.798161 8
0.333333 -0.000000 0.914249 7
0.012158 0.475528 0.829323 4
-0.507514 0.097964 0.798161 8
0.012158 0.475528 0.829323 4
0.309017 0.951057 0.802655 1
-0.309017 0.951057 0.779980 2
0.012158 0.475528 0.829323 4
0.333333 -0.000000 0.914249 7
0.809017 0.587785 0.875529 3
-0.809017 0.587785 0.762523 5
0.012158 0.475528 0.829323 4
-0.309017 0.951057 0.779980 2
-0.809017 0.587785 0.762523 5
-1.000000 -0.000000 0.772233 9
-0.507514 0.097964 0.798161 8
-0.309017 -0.951057 0.775214 15
0.309017 -0.951057 0.799378 14
-0.206011 -0.391857 0.815389 12
0.321175 -0.475528 0.854276 11
0.809017 -0.587785 0.871338 10
0.333333 -0.000000 0.914249 7
0.333333 -0.000000 0.914249 7
0.809017 -0.587785 0.871338 10
1.000000 0.000000 0.919609 6
0.321175 -0.475528 0.854276 11
-0.206011 -0.391857 0.815389 12
0.309017 -0.951057 0.799378 14
0.809017 -0.587785 0.871338 10
0.321175 -0.475528 0.854276 11
0.309017 -0.951057 0.799378 14
0.333333 -0.000000 0.914249 7
-0.206011 -0.391857 0.815389 12
0.321175 -0.475528 0.854276 11
0.809017 0.587785 0.875529 3
0.333333 -0.000000 0.914249 7
1.000000 0.000000 0.919609 6
0.809017 0.587785 0.875529 3
0.309017 0.951057 0.802655 1
0.012158 0.475528 0.829323 4
-0.809017 -0.587785 0.766628 13
-0.309017 -0.951057 0.775214 15
-0.206011 -0.391857 0.815389 12
