-0.507514 0.097964 1.046217 8
-0.809017 -0.587785 1.022759 13
-0.206011 -0.391857 1.062278 12
-0.507514 0.097964 1.046217 8
-1.000000 -0.000000 1.025864 9
-0.809017 -0.587785 1.022759 13
0.333333 -0.000000 1.140018 7
-0.507514 0.097964 1.046217 8
-0.206011 -0.391857 1.062278 12
0.012158 0.475528 1.076329 4
-0.809017 0.587785 1.019411 5
-0.507514 0.097964 1.046217 8
0.333333 -0.000000 1.140018 7
0.012158 0.475528 1.076329 4
-0.507514 0.097964 1.046217 8
0.012158 0.475528 1.076329 4
0.309017 0.951057 1.065315 1
-0.309017 0.951057 1.038048 2
0.012158 0.475528 1.076329 4
0.333333 -0.000000 1.140018 7
0.809017 0.587785 1.127303 3
-0.809017 0.587785 1.019411 5
0.012158 0.475528 1.076329 4
-0.309017 0.951057 1.038048 2
-0.809017 0.587785 1.019411 5
-1.000000 -0.000000 1.025864 9
-0.507514 0.097964 1.046217 8
-0.309017 -0.951057 1.033726 15
0.309017 -0.951057 1.061797 14
-0.206011 -0.391857 1.062278 12
0.321175 -0.475528 1.100580 11
0.809017 -0.587785 1.124347 10
0.333333 -0.000000 1.140018 7
0.333333 -0.000000 1.140018 7
0.809017 -0.587785 1.124347 10
1.000000 0.000000 1.160505 6
0.321175 -0.475528 1.100580 11
-0.206011 -0.391857 1.062278 12
0.309017 -0.951057 1.061797 14
0.809017 -0.587785 1.124347 10
0.321175 -0.475528 1.100580 11
0.309017 -0.951057 1.061797 14
0.333333 -0.000000 1.140018 7
-0.206011 -0.391857 1.062278 12
0.321175 -0.475528 1.100580 11
0.809017 0.587785 1.127303 3
0.333333 -0.000000 1.140018 7
1.000000 0.000000 1.160505 6
0.809017 0.587785 1.127303 3
0.309017 0.951057 1.065315 1
0.012158 0.475528 1.076329 4
-0.809017 -0.587785 1.022759 13
-0.309017 -0.951057 1.033726 15
-0.206011 -0.391857 1.062278 12
