-0.507514 0.097964 0.833789 8
-0.809017 -0.587785 0.803511 13
-0.206011 -0.391857 0.850798 12
-0.507514 0.097964 0.833789 8
-1.000000 -0.000000 0.808708 9
-0.809017 -0.587785 0.803511 13
0.333333 -0.000000 0.945885 7
-0.507514 0.097964 0.833789 8
-0.206011 -0.391857 0.850798 12
0.012158 0.475528 0.864726 4
-0.809017 0.587785 0.799533 5
-0.507514 0.097964 0.833789 8
0.333333 -0.000000 0.945885 7
0.012158 0.475528 0.864726 4
-0.507514 0.097964 0.833789 8
0.012158 0.475528 0.864726 4
0.309017 0.951057 0.840828 1
-0.309017 0.951057 0.817170 2
0.012158 0.475528 0.864726 4
0.333333 -0.000000 0.945885 7
0.809017 0.587785 0.912057 3
-0.809017 0.587785 0.799533 5
0.012158 0.475528 0.864726 4
-0.309017 0.951057 0.817170 2
-0.809017 0.587785 0.799533 5
-1.000000 -0.000000 0.808708 9
-0.507514 0.097964 0.833789 8
-0.309017 -0.951057 0.812463 15
0.309017 -0.951057 0.837440 14
-0.206011 -0.391857 0.850798 12
0.321175 -0.475528 0.889611 11
0.809017 -0.587785 0.908133 10
0.333333 -0.000000 0.945885 7
0.333333 -0.000000 0.945885 7
0.809017 -0.587785 0.908133 10
1.000000 0.000000 0.954396 6
0.321175 -0.475528 0.889611 11
-0.206011 -0.391857 0.850798 12
0.309017 -0.951057 0.837440 14
0.809017 -0.587785 0.908133 10
0.321175 -0.475528 0.889611 11
0.309017 -0.951057 0.837440 14
0.333333 -0.000000 0.945885 7
-0.206011 -0.391857 0.850798 12
0.321175 -0.475528 0.889611 11
0.809017 0.587785 0.912057 3
0.333333 -0.000000 0.945885 7
1.000000 0.000000 0.954396 6
0.809017 0.587785 0.912057 3
0.309017 0.951057 0.840828 1
0.012158 0.475528 0.864726 4
-0.809017 -0.587785 0.803511 13
-0.309017 -0.951057 0.812463 15
-0.206011 -0.391857 0.850798 12
