-0.507514 0.097964 0.793246 8
-0.809017 -0.587785 0.761538 13
-0.206011 -0.391857 0.810505 12
-0.507514 0.097964 0.793246 8
-1.000000 -0.000000 0.767201 9
-0.809017 -0.587785 0.761538 13
0.333333 -0.000000 0.909911 7
-0.507514 0.097964 0.793246 8
-0.206011 -0.391857 0.810505 12
0.012158 0.475528 0.824442 4
-0.809017 0.587785 0.757415 5
-0.507514 0.097964 0.793246 8
0.333333 -0.000000 0.909911 7
0.012158 0.475528 0.824442 4
-0.507514 0.097964 0.793246 8
0.012158 0.475528 0.824442 4
0.309017 0.951057 0.797376 1
-0.309017 0.951057 0.774847 2
0.012158 0.475528 0.824442 4
0.333333 -0.000000 0.909911 7
0.809017 0.587785 0.870478 3
-0.809017 0.587785 0.757415 5
0.012158 0.475528 0.824442 4
-0.309017 0.951057 0.774847 2
-0.809017 0.587785 0.757415 5
-1.000000 -0.000000 0.767201 9
-0.507514 0.097964 0.793246 8
-0.309017 -0.951057 0.770073 15
0.309017 -0.951057 0.794116 14
-0.206011 -0.391857 0.810505 12
0.321175 -0.475528 0.849404 11
0.809017 -0.587785 0.866247 10
0.333333 -0.000000 0.909911 7
0.333333 -0.000000 0.909911 7
0.809017 -0.587785 0.866247 10
1.000000 0.000000 0.914803 6
0.321175 -0.475528 0.849404 11
-0.206011 -0.391857 0.810505 12
0.309017 -0.951057 0.794116 14
0.809017 -0.587785 0.866247 10
0.321175 -0.475528 0.849404 11
0.309017 -0.951057 0.794116 14
0.333333 -0.000000 0.909911 7
-0.206011 -0.391857 0.810505 12
0.321175 -0.475528 0.849404 11
0.809017 0.587785 0.870478 3
0.333333 -0.000000 0.909911 7
1.000000 0.000000 0.914803 6
0.809017 0.587785 0.870478 3
0.309017 0.951057 0.797376 1
0.012158 0.475528 0.824442 4
-0.809017 -0.587785 0.761538 13
-0.309017 -0.951057 0.770073 15
-0.206011 -0.391857 0.810505 12
