-1.000000 1.000000 0.000000 298
-1.000000 0.866667 0.000000 296
-0.866667 1.000000 0.000000 297
-0.840000 0.680000 -0.000602 285
-0.911111 0.822222 0.000154 294
-1.000000 0.733333 0.000000 292
-0.680000 0.893333 0.000305 287
-0.800000 0.800000 0.000474 288
-0.666667 0.733333 -0.001511 280
-0.680000 0.893333 0.000305 287
-0.733333 1.000000 0.000000 295
-0.822222 0.911111 -0.000622 293
-0.911111 0.822222 0.000154 294
-0.800000 0.800000 0.000474 288
-0.822222 0.911111 -0.000622 293
-1.000000 0.733333 0.000000 292
-0.911111 0.822222 0.000154 294
-1.000000 0.866667 0.000000 296
-0.840000 0.680000 -0.000602 285
-1.000000 0.600000 0.000000 289
-0.888889 0.555556 0.000066 284
-1.000000 0.866667 0.000000 296
-0.911111 0.822222 0.000154 294
-0.866667 1.000000 0.000000 297
-0.700000 0.583333 -0.000946 276
-0.800000 0.500000 -0.001387 275
-0.644444 0.481481 0.000047 262
-0.666667 0.733333 -0.001511 280
-0.700000 0.583333 -0.000946 276
-0.600000 0.600000 0.000113 269
-0.840000 0.680000 -0.000602 285
-0.800000 0.500000 -0.001387 275
-0.700000 0.583333 -0.000946 276
-1.000000 0.733333 0.000000 292
-1.000000 0.600000 0.000000 289
-0.840000 0.680000 -0.000602 285
-1.000000 0.600000 0.000000 289
-1.000000 0.466667 0.000000 291
-0.888889 0.555556 0.000066 284
-0.566667 0.711111 -0.001244 270
-0.466667 0.688889 0.001130 265
-0.523810 0.809524 -0.001560 278
-0.600000 0.600000 0.000113 269
-0.566667 0.711111 -0.001244 270
-0.666667 0.733333 -0.001511 280
-0.600000 0.600000 0.000113 269
-0.466667 0.688889 0.001130 265
-0.566667 0.711111 -0.001244 270
-0.666667 0.733333 -0.001511 280
-0.840000 0.680000 -0.000602 285
-0.700000 0.583333 -0.000946 276
-0.840000 0.680000 -0.000602 285
-0.666667 0.733333 -0.001511 280
-0.800000 0.800000 0.000474 288
-0.911111 0.822222 0.000154 294
-0.840000 0.680000 -0.000602 285
-0.800000 0.800000 0.000474 288
-0.888889 0.555556 0.000066 284
-0.800000 0.500000 -0.001387 275
-0.840000 0.680000 -0.000602 285
-1.000000 0.466667 0.000000 291
-0.900000 0.416667 -0.001513 283
-0.888889 0.555556 0.000066 284
-0.800000 0.400000 -0.000490 274
-0.644444 0.481481 0.000047 262
-0.800000 0.500000 -0.001387 275
-0.680000 0.893333 0.000305 287
-0.600000 1.000000 0.000000 286
-0.733333 1.000000 0.000000 295
-0.888889 0.555556 0.000066 284
-0.900000 0.416667 -0.001513 283
-0.800000 0.500000 -0.001387 275
-0.428571 0.904762 -0.001118 266
-0.333333 1.000000 0.000000 263
-0.466667 1.000000 0.000000 277
-0.555556 0.911111 0.000019 279
-0.428571 0.904762 -0.001118 266
-0.466667 1.000000 0.000000 277
-0.400000 0.800000 -0.001516 264
-0.288889 0.896296 -0.000946 253
-0.428571 0.904762 -0.001118 266
-0.600000 1.000000 0.000000 286
-0.555556 0.911111 0.000019 279
-0.466667 1.000000 0.000000 277
-0.900000 0.300000 -0.000369 282
-1.000000 0.333333 0.000000 290
-1.000000 0.200000 0.000000 281
-0.800000 0.400000 -0.000490 274
-0.900000 0.300000 -0.000369 282
-0.806061 0.236364 -0.000417 272
-0.900000 0.416667 -0.001513 283
-1.000000 0.466667 0.000000 291
-1.000000 0.333333 0.000000 290
-0.800000 0.400000 -0.000490 274
-0.900000 0.416667 -0.001513 283
-0.900000 0.300000 -0.000369 282
-0.800000 0.400000 -0.000490 274
-0.800000 0.500000 -0.001387 275
-0.900000 0.416667 -0.001513 283
-0.555556 0.911111 0.000019 279
-0.523810 0.809524 -0.001560 278
-0.428571 0.904762 -0.001118 266
-0.906667 0.160000 -0.001030 273
-0.900000 0.300000 -0.000369 282
-1.000000 0.200000 0.000000 281
-1.000000 0.066667 0.000000 271
-0.906667 0.160000 -0.001030 273
-1.000000 0.200000 0.000000 281
-0.680000 0.893333 0.000305 287
-0.555556 0.911111 0.000019 279
-0.600000 1.000000 0.000000 286
-0.822222 0.911111 -0.000622 293
-0.800000 0.800000 0.000474 288
-0.680000 0.893333 0.000305 287
-0.866667 1.000000 0.000000 297
-0.822222 0.911111 -0.000622 293
-0.733333 1.000000 0.000000 295
-0.866667 1.000000 0.000000 297
-0.911111 0.822222 0.000154 294
-0.822222 0.911111 -0.000622 293
-0.666667 0.733333 -0.001511 280
-0.523810 0.809524 -0.001560 278
-0.680000 0.893333 0.000305 287
-0.533333 0.533333 -0.000267 258
-0.600000 0.600000 0.000113 269
-0.644444 0.481481 0.000047 262
-0.720000 0.346667 0.000584 267
-0.612121 0.321212 0.002488 255
-0.644444 0.481481 0.000047 262
-0.418182 0.575758 0.000804 251
-0.466667 0.688889 0.001130 265
-0.533333 0.533333 -0.000267 258
-0.523810 0.809524 -0.001560 278
-0.555556 0.911111 0.000019 279
-0.680000 0.893333 0.000305 287
-0.566667 0.711111 -0.001244 270
-0.523810 0.809524 -0.001560 278
-0.666667 0.733333 -0.001511 280
-0.466667 0.688889 0.001130 265
-0.400000 0.800000 -0.001516 264
-0.523810 0.809524 -0.001560 278
-0.533333 0.533333 -0.000267 258
-0.466667 0.688889 0.001130 265
-0.600000 0.600000 0.000113 269
-0.418182 0.575758 0.000804 251
-0.321212 0.612121 -0.002462 234
-0.346667 0.720000 0.001338 252
-0.903030 0.030303 -0.000275 260
-0.806061 0.127273 0.001951 261
-0.906667 0.160000 -0.001030 273
-1.000000 -0.066667 0.000000 268
-0.903030 0.030303 -0.000275 260
-1.000000 0.066667 0.000000 271
-1.000000 -0.066667 0.000000 268
-0.903030 -0.151515 -0.000207 257
-0.903030 0.030303 -0.000275 260
-1.000000 -0.200000 0.000000 256
-0.903030 -0.151515 -0.000207 257
-1.000000 -0.066667 0.000000 268
-0.810909 -0.126465 0.001438 243
-0.709091 -0.048485 -0.001064 230
-0.808485 0.000404 0.001062 247
-0.813333 -0.253333 0.000363 244
-0.810909 -0.126465 0.001438 243
-0.903030 -0.151515 -0.000207 257
-0.813333 -0.253333 0.000363 244
-0.709091 -0.321212 0.000590 227
-0.650909 -0.153939 -0.001293 225
-1.000000 -0.200000 0.000000 256
-1.000000 -0.333333 0.000000 254
-0.900000 -0.300000 0.000189 242
0.183333 -0.483333 0.003538 78
0.066667 -0.333333 -0.005409 102
0.066667 -0.466667 0.000192 101
0.206667 -0.660000 -0.000253 74
0.315556 -0.573333 -0.002227 55
0.183333 -0.483333 0.003538 78
0.304242 -0.248485 0.003098 93
0.338182 -0.129697 -0.008202 100
0.185455 -0.224242 0.012280 112
0.745455 -0.224242 -0.001539 41
0.632323 -0.175758 0.000795 62
0.660606 -0.321212 0.002165 40
0.185455 -0.224242 0.012280 112
0.066667 -0.333333 -0.005409 102
0.215152 -0.330303 -0.010338 94
-0.282424 -0.374545 0.000360 159
-0.385859 -0.292929 -0.000977 180
-0.398788 -0.432727 -0.001232 174
-0.166061 -0.396364 -0.000997 136
-0.282424 -0.374545 0.000360 159
-0.224242 -0.478788 0.001732 138
-0.166061 -0.396364 -0.000997 136
-0.162828 -0.288081 -0.005545 145
-0.282424 -0.374545 0.000360 159
-0.147677 -0.559394 0.002343 139
-0.078788 -0.472727 -0.002312 115
-0.224242 -0.478788 0.001732 138
-0.321061 -0.544697 0.000375 160
-0.147677 -0.559394 0.002343 139
-0.224242 -0.478788 0.001732 138
-0.071111 -0.640000 0.002905 116
-0.078788 -0.472727 -0.002312 115
-0.147677 -0.559394 0.002343 139
-0.049697 -0.258182 0.000748 122
-0.159596 -0.179798 0.010852 144
-0.162828 -0.288081 -0.005545 145
0.066667 0.066667 0.010526 154
-0.069091 0.117576 0.208687 175
-0.046465 -0.002020 0.074097 163
-0.366465 0.202424 0.118512 224
-0.498990 0.256566 -0.005385 241
-0.450505 0.127273 0.044712 228
-0.272727 0.127273 0.198510 206
-0.366465 0.202424 0.118512 224
-0.450505 0.127273 0.044712 228
-0.282424 0.277576 0.159348 217
-0.398788 0.347879 0.011610 231
-0.366465 0.202424 0.118512 224
0.066667 -0.066667 -0.007681 143
-0.046465 -0.123232 0.017790 142
0.066667 -0.200000 -0.001647 119
-0.288889 0.896296 -0.000946 253
-0.200000 1.000000 0.000000 250
-0.333333 1.000000 0.000000 263
-0.900000 -0.300000 0.000189 242
-0.813333 -0.253333 0.000363 244
-0.903030 -0.151515 -0.000207 257
-0.900000 -0.416667 -0.000585 240
-0.900000 -0.300000 0.000189 242
-1.000000 -0.333333 0.000000 254
-0.900000 -0.416667 -0.000585 240
-0.800000 -0.400000 0.000320 226
-0.900000 -0.300000 0.000189 242
-1.000000 -0.600000 0.000000 237
-0.888889 -0.555556 -0.000437 222
-1.000000 -0.466667 0.000000 239
-0.800000 -0.400000 0.000320 226
-0.709091 -0.321212 0.000590 227
-0.813333 -0.253333 0.000363 244
-0.888889 -0.555556 -0.000437 222
-0.800000 -0.500000 0.001131 223
-0.900000 -0.416667 -0.000585 240
-0.688889 -0.466667 -0.000708 204
-0.709091 -0.321212 0.000590 227
-0.800000 -0.400000 0.000320 226
-0.127273 0.806061 0.000896 215
-0.160000 0.906667 -0.001412 235
-0.224242 0.745455 0.001614 236
0.066667 0.866667 0.002771 190
-0.030303 0.903030 0.000297 213
-0.030303 0.769697 0.000483 194
0.160000 0.773333 -0.000017 173
0.066667 0.866667 0.002771 190
0.066667 0.733333 -0.003374 193
0.160000 0.906667 0.003699 188
0.066667 1.000000 0.000000 210
0.066667 0.866667 0.002771 190
-0.066667 1.000000 0.000000 232
-0.160000 0.906667 -0.001412 235
-0.030303 0.903030 0.000297 213
-0.160000 0.906667 -0.001412 235
-0.200000 1.000000 0.000000 250
-0.288889 0.896296 -0.000946 253
-0.127273 0.806061 0.000896 215
-0.030303 0.903030 0.000297 213
-0.160000 0.906667 -0.001412 235
-0.191919 0.608081 0.005793 214
-0.078788 0.672727 -0.001724 216
-0.224242 0.745455 0.001614 236
-0.030303 0.769697 0.000483 194
-0.030303 0.903030 0.000297 213
-0.127273 0.806061 0.000896 215
-0.066667 1.000000 0.000000 232
-0.200000 1.000000 0.000000 250
-0.160000 0.906667 -0.001412 235
-0.906667 0.160000 -0.001030 273
-0.806061 0.236364 -0.000417 272
-0.900000 0.300000 -0.000369 282
-0.808485 0.000404 0.001062 247
-0.903030 -0.151515 -0.000207 257
-0.810909 -0.126465 0.001438 243
-0.700000 0.583333 -0.000946 276
-0.644444 0.481481 0.000047 262
-0.600000 0.600000 0.000113 269
-1.000000 0.333333 0.000000 290
-0.900000 0.300000 -0.000369 282
-0.900000 0.416667 -0.001513 283
-0.720000 0.346667 0.000584 267
-0.644444 0.481481 0.000047 262
-0.800000 0.400000 -0.000490 274
-0.806061 0.236364 -0.000417 272
-0.720000 0.346667 0.000584 267
-0.800000 0.400000 -0.000490 274
-1.000000 0.066667 0.000000 271
-0.903030 0.030303 -0.000275 260
-0.906667 0.160000 -0.001030 273
-0.709091 0.224242 0.003077 259
-0.612121 0.321212 0.002488 255
-0.720000 0.346667 0.000584 267
-0.806061 0.127273 0.001951 261
-0.709091 0.224242 0.003077 259
-0.806061 0.236364 -0.000417 272
-0.563636 -0.259394 -0.001553 203
-0.650909 -0.153939 -0.001293 225
-0.709091 -0.321212 0.000590 227
-0.476364 -0.364848 -0.000950 195
-0.563636 -0.259394 -0.001553 203
-0.612121 -0.406061 -0.000239 205
-0.476364 -0.364848 -0.000950 195
-0.385859 -0.292929 -0.000977 180
-0.563636 -0.259394 -0.001553 203
-0.579798 0.175758 -0.008123 246
-0.709091 0.087879 -0.000237 248
-0.579798 0.039394 -0.006138 229
-0.806061 0.127273 0.001951 261
-0.709091 0.087879 -0.000237 248
-0.709091 0.224242 0.003077 259
-0.806061 0.127273 0.001951 261
-0.808485 0.000404 0.001062 247
-0.709091 0.087879 -0.000237 248
-0.808485 0.000404 0.001062 247
-0.903030 0.030303 -0.000275 260
-0.903030 -0.151515 -0.000207 257
-0.709091 0.087879 -0.000237 248
-0.808485 0.000404 0.001062 247
-0.709091 -0.048485 -0.001064 230
-0.806061 0.127273 0.001951 261
-0.903030 0.030303 -0.000275 260
-0.808485 0.000404 0.001062 247
-0.321061 -0.544697 0.000375 160
-0.515152 -0.490909 0.000848 182
-0.481481 -0.644444 -0.001388 161
0.066667 -0.200000 -0.001647 119
-0.046465 -0.123232 0.017790 142
-0.049697 -0.258182 0.000748 122
-0.476364 -0.364848 -0.000950 195
-0.515152 -0.490909 0.000848 182
-0.398788 -0.432727 -0.001232 174
-0.579798 0.175758 -0.008123 246
-0.498990 0.256566 -0.005385 241
-0.612121 0.321212 0.002488 255
-0.709091 -0.048485 -0.001064 230
-0.579798 0.039394 -0.006138 229
-0.709091 0.087879 -0.000237 248
-0.450505 0.127273 0.044712 228
-0.498990 0.256566 -0.005385 241
-0.579798 0.175758 -0.008123 246
-0.709091 -0.321212 0.000590 227
-0.688889 -0.466667 -0.000708 204
-0.612121 -0.406061 -0.000239 205
-0.900000 -0.416667 -0.000585 240
-1.000000 -0.333333 0.000000 254
-1.000000 -0.466667 0.000000 239
-0.650909 -0.153939 -0.001293 225
-0.810909 -0.126465 0.001438 243
-0.813333 -0.253333 0.000363 244
-0.046465 -0.002020 0.074097 163
-0.046465 -0.123232 0.017790 142
0.066667 -0.066667 -0.007681 143
0.066667 0.066667 0.010526 154
-0.046465 -0.002020 0.074097 163
0.066667 -0.066667 -0.007681 143
-0.170909 0.122424 0.294183 196
-0.166061 0.287273 0.196686 197
-0.282424 0.277576 0.159348 217
0.066667 0.200000 0.001496 155
-0.069091 0.117576 0.208687 175
0.066667 0.066667 0.010526 154
-0.272727 0.127273 0.198510 206
-0.450505 0.127273 0.044712 228
-0.391246 0.006061 0.068959 207
-0.170909 0.122424 0.294183 196
-0.272727 0.127273 0.198510 206
-0.191919 0.030303 0.213791 183
-0.069091 0.117576 0.208687 175
-0.170909 0.122424 0.294183 196
-0.191919 0.030303 0.213791 183
-0.069091 0.117576 0.208687 175
-0.049697 0.243636 0.174215 176
-0.170909 0.122424 0.294183 196
-0.282424 0.277576 0.159348 217
-0.366465 0.202424 0.118512 224
-0.272727 0.127273 0.198510 206
-0.806061 0.236364 -0.000417 272
-0.906667 0.160000 -0.001030 273
-0.806061 0.127273 0.001951 261
-0.903030 -0.151515 -0.000207 257
-1.000000 -0.200000 0.000000 256
-0.900000 -0.300000 0.000189 242
-0.030303 -0.781818 -0.002094 97
0.066667 -0.866667 0.000086 76
0.066667 -0.733333 -0.000835 96
-0.071111 -0.640000 0.002905 116
-0.030303 -0.781818 -0.002094 97
0.066667 -0.733333 -0.000835 96
-0.127273 -0.830303 0.000610 99
0.066667 -0.866667 0.000086 76
-0.030303 -0.781818 -0.002094 97
0.066667 -0.600000 -0.000697 95
-0.071111 -0.640000 0.002905 116
0.066667 -0.733333 -0.000835 96
-0.274074 -0.822222 0.000098 118
-0.200000 -1.000000 0.000000 98
-0.127273 -0.830303 0.000610 99
0.066667 -1.000000 0.000000 54
0.066667 -0.866667 0.000086 76
-0.066667 -1.000000 0.000000 75
0.178667 0.248000 -0.018003 149
0.160000 0.406667 0.010286 151
0.066667 0.333333 -0.013834 169
-1.000000 -1.000000 0.000000 218
-0.866667 -1.000000 0.000000 198
-1.000000 -0.866667 0.000000 219
-0.911111 -0.822222 -0.001527 220
-1.000000 -0.866667 0.000000 219
-0.866667 -1.000000 0.000000 198
-0.800000 -0.866667 -0.000091 199
-0.866667 -1.000000 0.000000 198
-0.733333 -1.000000 0.000000 177
-0.680000 -0.840000 -0.000809 178
-0.600000 -1.000000 0.000000 156
-0.555556 -0.911111 0.000852 157
-0.680000 -0.840000 -0.000809 178
-0.733333 -1.000000 0.000000 177
-0.600000 -1.000000 0.000000 156
-0.800000 -0.866667 -0.000091 199
-0.911111 -0.822222 -0.001527 220
-0.866667 -1.000000 0.000000 198
-0.680000 -0.840000 -0.000809 178
-0.800000 -0.866667 -0.000091 199
-0.733333 -1.000000 0.000000 177
-0.680000 -0.840000 -0.000809 178
-0.666667 -0.733333 0.000050 179
-0.786667 -0.760000 0.001012 200
-0.523810 -0.809524 0.001549 158
-0.680000 -0.840000 -0.000809 178
-0.555556 -0.911111 0.000852 157
-0.666667 -0.733333 0.000050 179
-0.481481 -0.644444 -0.001388 161
-0.600000 -0.600000 0.001049 181
-1.000000 -0.733333 0.000000 238
-1.000000 -0.866667 0.000000 219
-0.911111 -0.822222 -0.001527 220
-0.600000 -1.000000 0.000000 156
-0.466667 -1.000000 0.000000 134
-0.555556 -0.911111 0.000852 157
-0.786667 -0.760000 0.001012 200
-0.800000 -0.866667 -0.000091 199
-0.680000 -0.840000 -0.000809 178
-0.700000 -0.583333 -0.000951 201
-0.777778 -0.644444 0.000195 202
-0.666667 -0.733333 0.000050 179
-0.893333 -0.680000 -0.000446 221
-0.911111 -0.822222 -0.001527 220
-0.786667 -0.760000 0.001012 200
-0.428571 -0.904762 0.000268 135
-0.274074 -0.822222 0.000098 118
-0.400000 -0.800000 -0.002284 141
-0.911111 -0.822222 -0.001527 220
-0.893333 -0.680000 -0.000446 221
-1.000000 -0.733333 0.000000 238
-0.127273 -0.830303 0.000610 99
-0.200000 -1.000000 0.000000 98
-0.066667 -1.000000 0.000000 75
-0.688889 -0.466667 -0.000708 204
-0.515152 -0.490909 0.000848 182
-0.612121 -0.406061 -0.000239 205
-0.813333 -0.253333 0.000363 244
-0.900000 -0.300000 0.000189 242
-0.800000 -0.400000 0.000320 226
-0.666667 -0.733333 0.000050 179
-0.680000 -0.840000 -0.000809 178
-0.523810 -0.809524 0.001549 158
-0.481481 -0.644444 -0.001388 161
-0.666667 -0.733333 0.000050 179
-0.523810 -0.809524 0.001549 158
-0.777778 -0.644444 0.000195 202
-0.893333 -0.680000 -0.000446 221
-0.786667 -0.760000 0.001012 200
-0.666667 -0.733333 0.000050 179
-0.777778 -0.644444 0.000195 202
-0.786667 -0.760000 0.001012 200
-0.700000 -0.583333 -0.000951 201
-0.800000 -0.500000 0.001131 223
-0.777778 -0.644444 0.000195 202
-0.800000 -0.500000 0.001131 223
-0.888889 -0.555556 -0.000437 222
-0.777778 -0.644444 0.000195 202
-0.800000 -0.400000 0.000320 226
-0.800000 -0.500000 0.001131 223
-0.688889 -0.466667 -0.000708 204
-0.800000 -0.400000 0.000320 226
-0.900000 -0.416667 -0.000585 240
-0.800000 -0.500000 0.001131 223
-0.786667 -0.760000 0.001012 200
-0.911111 -0.822222 -0.001527 220
-0.800000 -0.866667 -0.000091 199
-1.000000 -0.733333 0.000000 238
-0.893333 -0.680000 -0.000446 221
-1.000000 -0.600000 0.000000 237
-0.600000 -0.600000 0.001049 181
-0.481481 -0.644444 -0.001388 161
-0.515152 -0.490909 0.000848 182
-0.688889 -0.466667 -0.000708 204
-0.600000 -0.600000 0.001049 181
-0.515152 -0.490909 0.000848 182
-0.700000 -0.583333 -0.000951 201
-0.666667 -0.733333 0.000050 179
-0.600000 -0.600000 0.001049 181
-0.466667 -1.000000 0.000000 134
-0.428571 -0.904762 0.000268 135
-0.555556 -0.911111 0.000852 157
-0.700000 -0.583333 -0.000951 201
-0.600000 -0.600000 0.001049 181
-0.688889 -0.466667 -0.000708 204
-0.400000 -0.800000 -0.002284 141
-0.481481 -0.644444 -0.001388 161
-0.523810 -0.809524 0.001549 158
-0.555556 -0.911111 0.000852 157
-0.428571 -0.904762 0.000268 135
-0.523810 -0.809524 0.001549 158
-0.274074 -0.822222 0.000098 118
-0.346667 -0.720000 0.003032 140
-0.400000 -0.800000 -0.002284 141
-0.049697 -0.364848 0.001756 121
-0.078788 -0.472727 -0.002312 115
0.066667 -0.466667 0.000192 101
-0.400000 -0.800000 -0.002284 141
-0.346667 -0.720000 0.003032 140
-0.481481 -0.644444 -0.001388 161
-0.243333 -0.656667 -0.004400 137
-0.185303 -0.743485 -0.001013 117
-0.071111 -0.640000 0.002905 116
-0.274074 -0.822222 0.000098 118
-0.333333 -1.000000 0.000000 114
-0.200000 -1.000000 0.000000 98
-0.800000 -0.500000 0.001131 223
-0.700000 -0.583333 -0.000951 201
-0.688889 -0.466667 -0.000708 204
-1.000000 -0.466667 0.000000 239
-0.888889 -0.555556 -0.000437 222
-0.900000 -0.416667 -0.000585 240
-0.893333 -0.680000 -0.000446 221
-0.777778 -0.644444 0.000195 202
-0.888889 -0.555556 -0.000437 222
-0.127273 -0.830303 0.000610 99
-0.066667 -1.000000 0.000000 75
0.066667 -0.866667 0.000086 76
-0.888889 -0.555556 -0.000437 222
-1.000000 -0.600000 0.000000 237
-0.893333 -0.680000 -0.000446 221
-0.428571 -0.904762 0.000268 135
-0.333333 -1.000000 0.000000 114
-0.274074 -0.822222 0.000098 118
-0.523810 -0.809524 0.001549 158
-0.428571 -0.904762 0.000268 135
-0.400000 -0.800000 -0.002284 141
-0.466667 -1.000000 0.000000 134
-0.333333 -1.000000 0.000000 114
-0.428571 -0.904762 0.000268 135
0.896296 -0.288889 -0.001546 30
0.745455 -0.224242 -0.001539 41
0.833333 -0.400000 -0.002766 29
-0.321061 -0.544697 0.000375 160
-0.398788 -0.432727 -0.001232 174
-0.515152 -0.490909 0.000848 182
-0.346667 -0.720000 0.003032 140
-0.321061 -0.544697 0.000375 160
-0.481481 -0.644444 -0.001388 161
-0.243333 -0.656667 -0.004400 137
-0.147677 -0.559394 0.002343 139
-0.321061 -0.544697 0.000375 160
-0.078788 -0.472727 -0.002312 115
-0.166061 -0.396364 -0.000997 136
-0.224242 -0.478788 0.001732 138
0.066667 -0.600000 -0.000697 95
-0.078788 -0.472727 -0.002312 115
-0.071111 -0.640000 0.002905 116
-0.049697 -0.364848 0.001756 121
-0.166061 -0.396364 -0.000997 136
-0.078788 -0.472727 -0.002312 115
-0.191919 0.030303 0.213791 183
-0.232323 -0.103030 0.051128 164
-0.139394 -0.052525 0.094645 162
-0.282424 -0.374545 0.000360 159
-0.272727 -0.236364 0.003093 165
-0.385859 -0.292929 -0.000977 180
-0.139394 -0.052525 0.094645 162
-0.046465 -0.123232 0.017790 142
-0.046465 -0.002020 0.074097 163
-0.191919 0.030303 0.213791 183
-0.139394 -0.052525 0.094645 162
-0.046465 -0.002020 0.074097 163
-0.232323 -0.103030 0.051128 164
-0.159596 -0.179798 0.010852 144
-0.139394 -0.052525 0.094645 162
-0.162828 -0.288081 -0.005545 145
-0.159596 -0.179798 0.010852 144
-0.272727 -0.236364 0.003093 165
-0.282424 -0.374545 0.000360 159
-0.162828 -0.288081 -0.005545 145
-0.272727 -0.236364 0.003093 165
-0.166061 -0.396364 -0.000997 136
-0.049697 -0.364848 0.001756 121
-0.162828 -0.288081 -0.005545 145
-0.049697 -0.258182 0.000748 122
-0.046465 -0.123232 0.017790 142
-0.159596 -0.179798 0.010852 144
-0.049697 -0.364848 0.001756 121
-0.049697 -0.258182 0.000748 122
-0.162828 -0.288081 -0.005545 145
-0.049697 -0.364848 0.001756 121
0.066667 -0.333333 -0.005409 102
-0.049697 -0.258182 0.000748 122
0.416667 -0.900000 -0.001673 21
0.333333 -1.000000 0.000000 22
0.466667 -1.000000 0.000000 13
0.555556 -0.888889 -0.001413 14
0.416667 -0.900000 -0.001673 21
0.466667 -1.000000 0.000000 13
0.400000 -0.800000 0.000038 33
0.253333 -0.813333 -0.000130 52
0.300000 -0.900000 -0.000073 34
0.300000 -0.900000 -0.000073 34
0.160000 -0.906667 -0.000376 53
0.200000 -1.000000 0.000000 35
0.206667 -0.660000 -0.000253 74
0.253333 -0.813333 -0.000130 52
0.346667 -0.720000 0.001880 51
0.160000 -0.773333 0.000660 73
0.066667 -0.866667 0.000086 76
0.160000 -0.906667 -0.000376 53
0.206667 -0.660000 -0.000253 74
0.160000 -0.773333 0.000660 73
0.253333 -0.813333 -0.000130 52
0.066667 -0.733333 -0.000835 96
0.066667 -0.866667 0.000086 76
0.160000 -0.773333 0.000660 73
0.066667 -0.866667 0.000086 76
0.066667 -1.000000 0.000000 54
0.160000 -0.906667 -0.000376 53
0.160000 -0.906667 -0.000376 53
0.066667 -1.000000 0.000000 54
0.200000 -1.000000 0.000000 35
-0.346667 -0.720000 0.003032 140
-0.243333 -0.656667 -0.004400 137
-0.321061 -0.544697 0.000375 160
-0.346667 0.720000 0.001338 252
-0.466667 0.688889 0.001130 265
-0.418182 0.575758 0.000804 251
-0.288889 0.896296 -0.000946 253
-0.346667 0.720000 0.001338 252
-0.224242 0.745455 0.001614 236
-0.400000 0.800000 -0.001516 264
-0.466667 0.688889 0.001130 265
-0.346667 0.720000 0.001338 252
-0.288889 0.896296 -0.000946 253
-0.400000 0.800000 -0.001516 264
-0.346667 0.720000 0.001338 252
-0.160000 0.906667 -0.001412 235
-0.288889 0.896296 -0.000946 253
-0.224242 0.745455 0.001614 236
-0.333333 1.000000 0.000000 263
-0.428571 0.904762 -0.001118 266
-0.288889 0.896296 -0.000946 253
-0.428571 0.904762 -0.001118 266
-0.523810 0.809524 -0.001560 278
-0.400000 0.800000 -0.001516 264
-0.709091 0.224242 0.003077 259
-0.720000 0.346667 0.000584 267
-0.806061 0.236364 -0.000417 272
-0.476364 -0.364848 -0.000950 195
-0.612121 -0.406061 -0.000239 205
-0.515152 -0.490909 0.000848 182
-0.385859 -0.292929 -0.000977 180
-0.476364 -0.364848 -0.000950 195
-0.398788 -0.432727 -0.001232 174
-0.447811 -0.187273 0.002150 186
-0.331987 -0.115152 0.019959 185
-0.487677 -0.027071 0.020741 208
-0.385859 -0.292929 -0.000977 180
-0.447811 -0.187273 0.002150 186
-0.563636 -0.259394 -0.001553 203
-0.385859 -0.292929 -0.000977 180
-0.272727 -0.236364 0.003093 165
-0.447811 -0.187273 0.002150 186
-0.515152 0.418182 0.003332 249
-0.418182 0.446970 0.001051 245
-0.533333 0.533333 -0.000267 258
-0.498990 0.256566 -0.005385 241
-0.515152 0.418182 0.003332 249
-0.612121 0.321212 0.002488 255
-0.398788 0.347879 0.011610 231
-0.282424 0.277576 0.159348 217
-0.224242 0.375758 0.065002 211
-0.498990 0.256566 -0.005385 241
-0.398788 0.347879 0.011610 231
-0.515152 0.418182 0.003332 249
-0.498990 0.256566 -0.005385 241
-0.366465 0.202424 0.118512 224
-0.398788 0.347879 0.011610 231
-0.709091 0.224242 0.003077 259
-0.579798 0.175758 -0.008123 246
-0.612121 0.321212 0.002488 255
-0.232323 -0.103030 0.051128 164
-0.331987 -0.115152 0.019959 185
-0.272727 -0.236364 0.003093 165
-0.046465 -0.123232 0.017790 142
-0.139394 -0.052525 0.094645 162
-0.159596 -0.179798 0.010852 144
-0.291582 0.018182 0.106215 184
-0.391246 0.006061 0.068959 207
-0.331987 -0.115152 0.019959 185
-0.191919 0.030303 0.213791 183
-0.291582 0.018182 0.106215 184
-0.232323 -0.103030 0.051128 164
-0.191919 0.030303 0.213791 183
-0.272727 0.127273 0.198510 206
-0.291582 0.018182 0.106215 184
-0.069091 0.117576 0.208687 175
-0.191919 0.030303 0.213791 183
-0.046465 -0.002020 0.074097 163
-0.272727 0.127273 0.198510 206
-0.391246 0.006061 0.068959 207
-0.291582 0.018182 0.106215 184
-0.709091 0.224242 0.003077 259
-0.709091 0.087879 -0.000237 248
-0.579798 0.175758 -0.008123 246
-0.563636 -0.259394 -0.001553 203
-0.709091 -0.321212 0.000590 227
-0.612121 -0.406061 -0.000239 205
-0.447811 -0.187273 0.002150 186
-0.487677 -0.027071 0.020741 208
-0.584108 -0.060202 -0.004501 209
-0.709091 -0.048485 -0.001064 230
-0.810909 -0.126465 0.001438 243
-0.650909 -0.153939 -0.001293 225
-0.049697 0.243636 0.174215 176
0.066667 0.200000 0.001496 155
0.066667 0.333333 -0.013834 169
-0.166061 0.287273 0.196686 197
-0.049697 0.243636 0.174215 176
-0.078788 0.354545 0.073882 189
-0.069091 0.117576 0.208687 175
0.066667 0.200000 0.001496 155
-0.049697 0.243636 0.174215 176
-0.078788 0.354545 0.073882 189
0.066667 0.333333 -0.013834 169
0.066667 0.466667 -0.026526 171
-0.062626 0.515152 -0.007370 191
-0.078788 0.354545 0.073882 189
0.066667 0.466667 -0.026526 171
0.066667 0.600000 0.007576 192
-0.062626 0.515152 -0.007370 191
0.066667 0.466667 -0.026526 171
-0.191919 0.608081 0.005793 214
-0.208081 0.491919 -0.005327 212
-0.062626 0.515152 -0.007370 191
-0.166061 0.287273 0.196686 197
-0.170909 0.122424 0.294183 196
-0.049697 0.243636 0.174215 176
-0.062626 0.515152 -0.007370 191
-0.208081 0.491919 -0.005327 212
-0.078788 0.354545 0.073882 189
-0.282424 0.277576 0.159348 217
-0.272727 0.127273 0.198510 206
-0.170909 0.122424 0.294183 196
0.477333 0.509333 -0.000377 130
0.585185 0.555556 -0.000232 111
0.440000 0.626667 -0.001928 131
0.741683 0.030707 -0.000768 59
0.830303 -0.127273 -0.002200 39
0.868485 0.016364 -0.002843 37
0.653064 0.110909 0.005837 63
0.564444 0.191111 -0.004440 87
0.534276 0.073670 -0.005506 86
0.610640 0.000572 0.003690 83
0.653064 0.110909 0.005837 63
0.534276 0.073670 -0.005506 86
0.741683 0.030707 -0.000768 59
0.796364 0.133939 -0.000847 42
0.653064 0.110909 0.005837 63
0.185455 -0.117576 -0.007110 120
0.185455 -0.224242 0.012280 112
0.338182 -0.129697 -0.008202 100
0.179798 0.018182 0.018691 132
0.185455 -0.117576 -0.007110 120
0.292929 -0.030303 0.003116 113
0.315556 0.128889 0.006726 127
0.179798 0.018182 0.018691 132
0.292929 -0.030303 0.003116 113
0.066667 0.066667 0.010526 154
0.066667 -0.066667 -0.007681 143
0.179798 0.018182 0.018691 132
0.185455 -0.224242 0.012280 112
0.215152 -0.330303 -0.010338 94
0.304242 -0.248485 0.003098 93
0.066667 -0.200000 -0.001647 119
0.185455 -0.224242 0.012280 112
0.185455 -0.117576 -0.007110 120
0.066667 -0.200000 -0.001647 119
0.066667 -0.333333 -0.005409 102
0.185455 -0.224242 0.012280 112
0.626667 -0.440000 -0.000886 38
0.666667 -0.600000 -0.001782 25
0.750000 -0.500000 0.001344 28
0.315556 -0.573333 -0.002227 55
0.206667 -0.660000 -0.000253 74
0.346667 -0.720000 0.001880 51
0.300000 -0.433333 0.006726 72
0.183333 -0.483333 0.003538 78
0.315556 -0.573333 -0.002227 55
0.522727 -0.428788 0.005003 49
0.406061 -0.378788 -0.005600 71
0.416667 -0.516667 -0.001600 50
0.215152 -0.330303 -0.010338 94
0.183333 -0.483333 0.003538 78
0.300000 -0.433333 0.006726 72
0.183333 -0.483333 0.003538 78
0.066667 -0.466667 0.000192 101
0.066667 -0.600000 -0.000697 95
0.416667 -0.516667 -0.001600 50
0.300000 -0.433333 0.006726 72
0.315556 -0.573333 -0.002227 55
0.215152 -0.330303 -0.010338 94
0.066667 -0.333333 -0.005409 102
0.183333 -0.483333 0.003538 78
-0.049697 -0.364848 0.001756 121
0.066667 -0.466667 0.000192 101
0.066667 -0.333333 -0.005409 102
0.066667 -0.200000 -0.001647 119
-0.049697 -0.258182 0.000748 122
0.066667 -0.333333 -0.005409 102
-0.185303 -0.743485 -0.001013 117
-0.346667 -0.720000 0.003032 140
-0.274074 -0.822222 0.000098 118
-0.147677 -0.559394 0.002343 139
-0.243333 -0.656667 -0.004400 137
-0.071111 -0.640000 0.002905 116
-0.224242 -0.478788 0.001732 138
-0.282424 -0.374545 0.000360 159
-0.321061 -0.544697 0.000375 160
0.416667 -0.516667 -0.001600 50
0.315556 -0.573333 -0.002227 55
0.440000 -0.626667 0.000519 36
0.626667 -0.440000 -0.000886 38
0.750000 -0.500000 0.001344 28
0.660606 -0.321212 0.002165 40
0.632323 -0.175758 0.000795 62
0.473939 -0.161212 0.002784 84
0.512121 -0.324242 -0.003486 60
0.533333 -0.533333 0.001780 32
0.666667 -0.600000 -0.001782 25
0.626667 -0.440000 -0.000886 38
0.896296 -0.288889 -0.001546 30
1.000000 -0.200000 0.000000 27
0.830303 -0.127273 -0.002200 39
0.792593 0.377778 -0.005844 90
0.800000 0.500000 -0.004936 68
0.700000 0.500000 0.001251 91
0.900000 0.300000 -0.004695 66
0.904762 0.428571 0.000466 67
0.792593 0.377778 -0.005844 90
0.906667 0.160000 -0.004178 44
0.900000 0.300000 -0.004695 66
0.813333 0.253333 -0.001412 65
1.000000 0.333333 0.000000 45
0.904762 0.428571 0.000466 67
0.900000 0.300000 -0.004695 66
0.904762 0.428571 0.000466 67
0.911111 0.555556 0.001400 70
0.800000 0.500000 -0.004936 68
0.745455 -0.224242 -0.001539 41
0.660606 -0.321212 0.002165 40
0.833333 -0.400000 -0.002766 29
0.830303 -0.127273 -0.002200 39
0.745455 -0.224242 -0.001539 41
0.896296 -0.288889 -0.001546 30
0.657778 0.331111 0.007408 89
0.813333 0.253333 -0.001412 65
0.792593 0.377778 -0.005844 90
0.539556 0.291556 -0.001545 88
0.688889 0.222222 0.003113 64
0.657778 0.331111 0.007408 89
0.402667 0.290667 -0.003053 108
0.440000 0.160000 0.002357 107
0.539556 0.291556 -0.001545 88
0.632323 -0.175758 0.000795 62
0.687003 -0.072525 0.000551 61
0.542290 -0.080320 0.003230 85
0.440000 0.160000 0.002357 107
0.534276 0.073670 -0.005506 86
0.564444 0.191111 -0.004440 87
0.440000 0.160000 0.002357 107
0.315556 0.128889 0.006726 127
0.456970 -0.000606 -0.006089 106
0.688889 0.222222 0.003113 64
0.564444 0.191111 -0.004440 87
0.653064 0.110909 0.005837 63
0.688889 0.222222 0.003113 64
0.796364 0.133939 -0.000847 42
0.813333 0.253333 -0.001412 65
0.160000 0.406667 0.010286 151
0.066667 0.466667 -0.026526 171
0.066667 0.333333 -0.013834 169
0.346667 0.386667 0.002522 129
0.160000 0.406667 0.010286 151
0.290667 0.296000 0.009203 128
0.160000 0.540000 0.007194 170
0.170370 0.644444 -0.002991 172
0.066667 0.600000 0.007576 192
0.346667 0.386667 0.002522 129
0.253333 0.480000 -0.008567 150
0.160000 0.406667 0.010286 151
0.346667 0.553333 0.001320 152
0.170370 0.644444 -0.002991 172
0.160000 0.540000 0.007194 170
0.687003 -0.072525 0.000551 61
0.745455 -0.224242 -0.001539 41
0.830303 -0.127273 -0.002200 39
0.741683 0.030707 -0.000768 59
0.687003 -0.072525 0.000551 61
0.830303 -0.127273 -0.002200 39
0.688889 0.222222 0.003113 64
0.653064 0.110909 0.005837 63
0.796364 0.133939 -0.000847 42
0.687003 -0.072525 0.000551 61
0.632323 -0.175758 0.000795 62
0.745455 -0.224242 -0.001539 41
0.653064 0.110909 0.005837 63
0.610640 0.000572 0.003690 83
0.741683 0.030707 -0.000768 59
0.542290 -0.080320 0.003230 85
0.456970 -0.000606 -0.006089 106
0.473939 -0.161212 0.002784 84
0.632323 -0.175758 0.000795 62
0.542290 -0.080320 0.003230 85
0.473939 -0.161212 0.002784 84
0.610640 0.000572 0.003690 83
0.456970 -0.000606 -0.006089 106
0.542290 -0.080320 0.003230 85
0.741683 0.030707 -0.000768 59
0.610640 0.000572 0.003690 83
0.687003 -0.072525 0.000551 61
0.534276 0.073670 -0.005506 86
0.456970 -0.000606 -0.006089 106
0.610640 0.000572 0.003690 83
0.687003 -0.072525 0.000551 61
0.610640 0.000572 0.003690 83
0.542290 -0.080320 0.003230 85
0.440000 0.160000 0.002357 107
0.456970 -0.000606 -0.006089 106
0.534276 0.073670 -0.005506 86
0.292929 -0.030303 0.003116 113
0.338182 -0.129697 -0.008202 100
0.456970 -0.000606 -0.006089 106
0.522727 -0.428788 0.005003 49
0.416667 -0.516667 -0.001600 50
0.533333 -0.533333 0.001780 32
0.626667 -0.440000 -0.000886 38
0.522727 -0.428788 0.005003 49
0.533333 -0.533333 0.001780 32
0.512121 -0.324242 -0.003486 60
0.423030 -0.272727 0.009171 77
0.406061 -0.378788 -0.005600 71
0.338182 -0.129697 -0.008202 100
0.423030 -0.272727 0.009171 77
0.473939 -0.161212 0.002784 84
0.304242 -0.248485 0.003098 93
0.215152 -0.330303 -0.010338 94
0.300000 -0.433333 0.006726 72
0.473939 -0.161212 0.002784 84
0.423030 -0.272727 0.009171 77
0.512121 -0.324242 -0.003486 60
0.868485 0.016364 -0.002843 37
1.000000 0.066667 0.000000 31
0.906667 0.160000 -0.004178 44
0.741683 0.030707 -0.000768 59
0.868485 0.016364 -0.002843 37
0.796364 0.133939 -0.000847 42
0.830303 -0.127273 -0.002200 39
1.000000 -0.066667 0.000000 26
0.868485 0.016364 -0.002843 37
0.440000 0.626667 -0.001928 131
0.500000 0.700000 0.005591 124
0.377778 0.733333 -0.000328 147
0.657778 0.331111 0.007408 89
0.792593 0.377778 -0.005844 90
0.626667 0.440000 0.006978 110
0.868485 0.016364 -0.002843 37
0.906667 0.160000 -0.004178 44
0.796364 0.133939 -0.000847 42
0.906667 0.160000 -0.004178 44
1.000000 0.200000 0.000000 43
0.900000 0.300000 -0.004695 66
0.796364 0.133939 -0.000847 42
0.906667 0.160000 -0.004178 44
0.813333 0.253333 -0.001412 65
1.000000 0.066667 0.000000 31
1.000000 0.200000 0.000000 43
0.906667 0.160000 -0.004178 44
0.900000 0.300000 -0.004695 66
1.000000 0.200000 0.000000 43
1.000000 0.333333 0.000000 45
0.300000 -0.900000 -0.000073 34
0.200000 -1.000000 0.000000 35
0.333333 -1.000000 0.000000 22
1.000000 -1.000000 0.000000 1
1.000000 -0.866667 0.000000 3
0.866667 -1.000000 0.000000 2
0.911111 -0.822222 -0.001273 6
1.000000 -0.733333 0.000000 7
0.900000 -0.700000 -0.003951 11
0.800000 -0.900000 -0.001286 5
0.911111 -0.822222 -0.001273 6
0.760000 -0.786667 -0.001659 10
1.000000 -0.866667 0.000000 3
1.000000 -0.733333 0.000000 7
0.911111 -0.822222 -0.001273 6
0.911111 -0.822222 -0.001273 6
0.866667 -1.000000 0.000000 2
1.000000 -0.866667 0.000000 3
0.900000 -0.700000 -0.003951 11
0.760000 -0.786667 -0.001659 10
0.911111 -0.822222 -0.001273 6
0.911111 -0.555556 -0.004480 18
0.822222 -0.611111 -0.001743 17
0.900000 -0.700000 -0.003951 11
0.666667 -0.600000 -0.001782 25
0.583333 -0.700000 -0.000275 23
0.733333 -0.666667 -0.000734 16
0.800000 -0.900000 -0.001286 5
0.733333 -1.000000 0.000000 4
0.866667 -1.000000 0.000000 2
0.911111 -0.822222 -0.001273 6
0.800000 -0.900000 -0.001286 5
0.866667 -1.000000 0.000000 2
0.644444 -0.777778 -0.001952 15
0.583333 -0.700000 -0.000275 23
0.500000 -0.800000 0.000354 24
0.760000 -0.786667 -0.001659 10
0.644444 -0.777778 -0.001952 15
0.700000 -0.900000 -0.002261 9
0.760000 -0.786667 -0.001659 10
0.733333 -0.666667 -0.000734 16
0.644444 -0.777778 -0.001952 15
0.900000 -0.700000 -0.003951 11
0.733333 -0.666667 -0.000734 16
0.760000 -0.786667 -0.001659 10
1.000000 -0.600000 0.000000 12
0.900000 -0.700000 -0.003951 11
1.000000 -0.733333 0.000000 7
0.750000 -0.500000 0.001344 28
0.833333 -0.400000 -0.002766 29
0.660606 -0.321212 0.002165 40
0.733333 -0.666667 -0.000734 16
0.822222 -0.611111 -0.001743 17
0.666667 -0.600000 -0.001782 25
0.911111 -0.555556 -0.004480 18
0.833333 -0.400000 -0.002766 29
0.750000 -0.500000 0.001344 28
1.000000 -0.600000 0.000000 12
0.911111 -0.555556 -0.004480 18
0.900000 -0.700000 -0.003951 11
1.000000 -0.600000 0.000000 12
1.000000 -0.466667 0.000000 19
0.911111 -0.555556 -0.004480 18
0.555556 -0.888889 -0.001413 14
0.466667 -1.000000 0.000000 13
0.600000 -1.000000 0.000000 8
0.733333 -0.666667 -0.000734 16
0.583333 -0.700000 -0.000275 23
0.644444 -0.777778 -0.001952 15
-0.078788 -0.472727 -0.002312 115
0.066667 -0.600000 -0.000697 95
0.066667 -0.466667 0.000192 101
-0.185303 -0.743485 -0.001013 117
-0.127273 -0.830303 0.000610 99
-0.030303 -0.781818 -0.002094 97
-0.346667 -0.720000 0.003032 140
-0.185303 -0.743485 -0.001013 117
-0.243333 -0.656667 -0.004400 137
-0.274074 -0.822222 0.000098 118
-0.127273 -0.830303 0.000610 99
-0.185303 -0.743485 -0.001013 117
-0.185303 -0.743485 -0.001013 117
-0.030303 -0.781818 -0.002094 97
-0.071111 -0.640000 0.002905 116
0.160000 -0.906667 -0.000376 53
0.253333 -0.813333 -0.000130 52
0.160000 -0.773333 0.000660 73
0.206667 -0.660000 -0.000253 74
0.066667 -0.600000 -0.000697 95
0.066667 -0.733333 -0.000835 96
0.160000 -0.773333 0.000660 73
0.206667 -0.660000 -0.000253 74
0.066667 -0.733333 -0.000835 96
0.346667 -0.720000 0.001880 51
0.440000 -0.626667 0.000519 36
0.315556 -0.573333 -0.002227 55
0.512121 -0.324242 -0.003486 60
0.522727 -0.428788 0.005003 49
0.626667 -0.440000 -0.000886 38
0.304242 -0.248485 0.003098 93
0.300000 -0.433333 0.006726 72
0.406061 -0.378788 -0.005600 71
0.440000 -0.626667 0.000519 36
0.533333 -0.533333 0.001780 32
0.416667 -0.516667 -0.001600 50
0.400000 -0.800000 0.000038 33
0.440000 -0.626667 0.000519 36
0.346667 -0.720000 0.001880 51
0.583333 -0.700000 -0.000275 23
0.533333 -0.533333 0.001780 32
0.440000 -0.626667 0.000519 36
0.400000 -0.800000 0.000038 33
0.500000 -0.800000 0.000354 24
0.440000 -0.626667 0.000519 36
0.833333 -0.400000 -0.002766 29
0.911111 -0.555556 -0.004480 18
1.000000 -0.466667 0.000000 19
0.700000 -0.900000 -0.002261 9
0.555556 -0.888889 -0.001413 14
0.600000 -1.000000 0.000000 8
0.800000 -0.900000 -0.001286 5
0.700000 -0.900000 -0.002261 9
0.733333 -1.000000 0.000000 4
0.800000 -0.900000 -0.001286 5
0.760000 -0.786667 -0.001659 10
0.700000 -0.900000 -0.002261 9
0.833333 -0.400000 -0.002766 29
1.000000 -0.333333 0.000000 20
0.896296 -0.288889 -0.001546 30
0.733333 -1.000000 0.000000 4
0.700000 -0.900000 -0.002261 9
0.600000 -1.000000 0.000000 8
0.830303 -0.127273 -0.002200 39
1.000000 -0.200000 0.000000 27
1.000000 -0.066667 0.000000 26
1.000000 0.066667 0.000000 31
0.868485 0.016364 -0.002843 37
1.000000 -0.066667 0.000000 26
0.833333 -0.400000 -0.002766 29
1.000000 -0.466667 0.000000 19
1.000000 -0.333333 0.000000 20
0.477333 0.509333 -0.000377 130
0.626667 0.440000 0.006978 110
0.585185 0.555556 -0.000232 111
0.315556 0.128889 0.006726 127
0.292929 -0.030303 0.003116 113
0.456970 -0.000606 -0.006089 106
0.402667 0.290667 -0.003053 108
0.315556 0.128889 0.006726 127
0.440000 0.160000 0.002357 107
0.178667 0.141333 -0.017090 133
0.179798 0.018182 0.018691 132
0.315556 0.128889 0.006726 127
0.066667 0.200000 0.001496 155
0.178667 0.141333 -0.017090 133
0.178667 0.248000 -0.018003 149
0.066667 0.066667 0.010526 154
0.179798 0.018182 0.018691 132
0.178667 0.141333 -0.017090 133
0.179798 0.018182 0.018691 132
0.066667 -0.066667 -0.007681 143
0.185455 -0.117576 -0.007110 120
0.822222 -0.611111 -0.001743 17
0.733333 -0.666667 -0.000734 16
0.900000 -0.700000 -0.003951 11
0.750000 -0.500000 0.001344 28
0.822222 -0.611111 -0.001743 17
0.911111 -0.555556 -0.004480 18
0.750000 -0.500000 0.001344 28
0.666667 -0.600000 -0.001782 25
0.822222 -0.611111 -0.001743 17
0.644444 -0.777778 -0.001952 15
0.555556 -0.888889 -0.001413 14
0.700000 -0.900000 -0.002261 9
0.533333 -0.533333 0.001780 32
0.583333 -0.700000 -0.000275 23
0.666667 -0.600000 -0.001782 25
0.500000 -0.800000 0.000354 24
0.555556 -0.888889 -0.001413 14
0.644444 -0.777778 -0.001952 15
0.440000 -0.626667 0.000519 36
0.500000 -0.800000 0.000354 24
0.583333 -0.700000 -0.000275 23
0.400000 -0.800000 0.000038 33
0.416667 -0.900000 -0.001673 21
0.500000 -0.800000 0.000354 24
0.253333 -0.813333 -0.000130 52
0.400000 -0.800000 0.000038 33
0.346667 -0.720000 0.001880 51
0.416667 -0.900000 -0.001673 21
0.555556 -0.888889 -0.001413 14
0.500000 -0.800000 0.000354 24
1.000000 -0.333333 0.000000 20
1.000000 -0.200000 0.000000 27
0.896296 -0.288889 -0.001546 30
0.300000 -0.900000 -0.000073 34
0.253333 -0.813333 -0.000130 52
0.160000 -0.906667 -0.000376 53
0.416667 -0.900000 -0.001673 21
0.300000 -0.900000 -0.000073 34
0.333333 -1.000000 0.000000 22
0.416667 -0.900000 -0.001673 21
0.400000 -0.800000 0.000038 33
0.300000 -0.900000 -0.000073 34
1.000000 0.866667 0.000000 57
1.000000 1.000000 0.000000 56
0.866667 1.000000 0.000000 79
0.733333 1.000000 0.000000 103
0.600000 1.000000 0.000000 123
0.680000 0.840000 0.003358 105
0.800000 0.900000 0.000512 80
0.911111 0.822222 -0.000635 58
0.866667 1.000000 0.000000 79
0.800000 0.900000 0.000512 80
0.800000 0.800000 0.002546 82
0.911111 0.822222 -0.000635 58
0.733333 1.000000 0.000000 103
0.800000 0.900000 0.000512 80
0.866667 1.000000 0.000000 79
0.733333 1.000000 0.000000 103
0.680000 0.840000 0.003358 105
0.800000 0.900000 0.000512 80
0.733333 0.733333 0.000645 81
0.714286 0.619048 -0.001465 92
0.893333 0.680000 0.002620 69
0.911111 0.822222 -0.000635 58
1.000000 0.733333 0.000000 46
1.000000 0.866667 0.000000 57
0.866667 1.000000 0.000000 79
0.911111 0.822222 -0.000635 58
1.000000 0.866667 0.000000 57
0.800000 0.800000 0.002546 82
0.893333 0.680000 0.002620 69
0.911111 0.822222 -0.000635 58
0.555556 0.911111 0.008710 125
0.600000 1.000000 0.000000 123
0.466667 1.000000 0.000000 146
0.333333 1.000000 0.000000 166
0.400000 0.833333 0.005714 148
0.466667 1.000000 0.000000 146
0.523810 0.809524 -0.001272 126
0.600000 0.666667 0.001494 104
0.680000 0.840000 0.003358 105
0.400000 0.833333 0.005714 148
0.555556 0.911111 0.008710 125
0.466667 1.000000 0.000000 146
0.500000 0.700000 0.005591 124
0.523810 0.809524 -0.001272 126
0.377778 0.733333 -0.000328 147
0.500000 0.700000 0.005591 124
0.600000 0.666667 0.001494 104
0.523810 0.809524 -0.001272 126
0.893333 0.680000 0.002620 69
1.000000 0.600000 0.000000 48
1.000000 0.733333 0.000000 46
0.333333 1.000000 0.000000 166
0.300000 0.900000 0.010205 168
0.400000 0.833333 0.005714 148
1.000000 0.466667 0.000000 47
1.000000 0.600000 0.000000 48
0.911111 0.555556 0.001400 70
-0.533333 0.533333 -0.000267 258
-0.644444 0.481481 0.000047 262
-0.515152 0.418182 0.003332 249
0.274074 0.688889 0.000928 153
0.170370 0.644444 -0.002991 172
0.346667 0.553333 0.001320 152
0.160000 0.906667 0.003699 188
0.160000 0.773333 -0.000017 173
0.253333 0.813333 -0.002322 167
0.066667 0.733333 -0.003374 193
0.066667 0.600000 0.007576 192
0.170370 0.644444 -0.002991 172
0.253333 0.813333 -0.002322 167
0.160000 0.773333 -0.000017 173
0.274074 0.688889 0.000928 153
-0.321212 0.475758 0.008774 233
-0.208081 0.491919 -0.005327 212
-0.321212 0.612121 -0.002462 234
-0.533333 0.533333 -0.000267 258
-0.418182 0.446970 0.001051 245
-0.418182 0.575758 0.000804 251
-0.398788 0.347879 0.011610 231
-0.224242 0.375758 0.065002 211
-0.321212 0.475758 0.008774 233
0.657778 0.331111 0.007408 89
0.688889 0.222222 0.003113 64
0.813333 0.253333 -0.001412 65
0.514667 0.392000 -0.003737 109
0.657778 0.331111 0.007408 89
0.626667 0.440000 0.006978 110
0.539556 0.291556 -0.001545 88
0.564444 0.191111 -0.004440 87
0.688889 0.222222 0.003113 64
0.514667 0.392000 -0.003737 109
0.539556 0.291556 -0.001545 88
0.657778 0.331111 0.007408 89
0.514667 0.392000 -0.003737 109
0.402667 0.290667 -0.003053 108
0.539556 0.291556 -0.001545 88
-0.515152 0.418182 0.003332 249
-0.644444 0.481481 0.000047 262
-0.612121 0.321212 0.002488 255
0.406061 -0.378788 -0.005600 71
0.423030 -0.272727 0.009171 77
0.304242 -0.248485 0.003098 93
0.416667 -0.516667 -0.001600 50
0.406061 -0.378788 -0.005600 71
0.300000 -0.433333 0.006726 72
0.522727 -0.428788 0.005003 49
0.512121 -0.324242 -0.003486 60
0.406061 -0.378788 -0.005600 71
0.660606 -0.321212 0.002165 40
0.512121 -0.324242 -0.003486 60
0.626667 -0.440000 -0.000886 38
0.660606 -0.321212 0.002165 40
0.632323 -0.175758 0.000795 62
0.512121 -0.324242 -0.003486 60
-0.291582 0.018182 0.106215 184
-0.331987 -0.115152 0.019959 185
-0.232323 -0.103030 0.051128 164
-0.579798 0.039394 -0.006138 229
-0.487677 -0.027071 0.020741 208
-0.450505 0.127273 0.044712 228
-0.579798 0.175758 -0.008123 246
-0.579798 0.039394 -0.006138 229
-0.450505 0.127273 0.044712 228
-0.709091 -0.048485 -0.001064 230
-0.650909 -0.153939 -0.001293 225
-0.584108 -0.060202 -0.004501 209
-0.232323 -0.103030 0.051128 164
-0.272727 -0.236364 0.003093 165
-0.159596 -0.179798 0.010852 144
-0.487677 -0.027071 0.020741 208
-0.331987 -0.115152 0.019959 185
-0.391246 0.006061 0.068959 207
-0.450505 0.127273 0.044712 228
-0.487677 -0.027071 0.020741 208
-0.391246 0.006061 0.068959 207
-0.584108 -0.060202 -0.004501 209
-0.563636 -0.259394 -0.001553 203
-0.447811 -0.187273 0.002150 186
-0.447811 -0.187273 0.002150 186
-0.272727 -0.236364 0.003093 165
-0.331987 -0.115152 0.019959 185
-0.584108 -0.060202 -0.004501 209
-0.650909 -0.153939 -0.001293 225
-0.563636 -0.259394 -0.001553 203
-0.579798 0.039394 -0.006138 229
-0.584108 -0.060202 -0.004501 209
-0.487677 -0.027071 0.020741 208
-0.579798 0.039394 -0.006138 229
-0.709091 -0.048485 -0.001064 230
-0.584108 -0.060202 -0.004501 209
-0.398788 -0.432727 -0.001232 174
-0.321061 -0.544697 0.000375 160
-0.282424 -0.374545 0.000360 159
0.178667 0.141333 -0.017090 133
0.315556 0.128889 0.006726 127
0.178667 0.248000 -0.018003 149
0.066667 -0.200000 -0.001647 119
0.185455 -0.117576 -0.007110 120
0.066667 -0.066667 -0.007681 143
0.338182 -0.129697 -0.008202 100
0.473939 -0.161212 0.002784 84
0.456970 -0.000606 -0.006089 106
0.185455 -0.117576 -0.007110 120
0.338182 -0.129697 -0.008202 100
0.292929 -0.030303 0.003116 113
0.304242 -0.248485 0.003098 93
0.423030 -0.272727 0.009171 77
0.338182 -0.129697 -0.008202 100
-0.049697 0.243636 0.174215 176
0.066667 0.333333 -0.013834 169
-0.078788 0.354545 0.073882 189
0.183333 -0.483333 0.003538 78
0.066667 -0.600000 -0.000697 95
0.206667 -0.660000 -0.000253 74
0.585185 0.555556 -0.000232 111
0.500000 0.700000 0.005591 124
0.440000 0.626667 -0.001928 131
0.714286 0.619048 -0.001465 92
0.600000 0.666667 0.001494 104
0.585185 0.555556 -0.000232 111
0.893333 0.680000 0.002620 69
0.800000 0.800000 0.002546 82
0.733333 0.733333 0.000645 81
1.000000 0.600000 0.000000 48
0.893333 0.680000 0.002620 69
0.911111 0.555556 0.001400 70
1.000000 0.733333 0.000000 46
0.911111 0.822222 -0.000635 58
0.893333 0.680000 0.002620 69
0.680000 0.840000 0.003358 105
0.600000 1.000000 0.000000 123
0.555556 0.911111 0.008710 125
0.680000 0.840000 0.003358 105
0.800000 0.800000 0.002546 82
0.800000 0.900000 0.000512 80
0.523810 0.809524 -0.001272 126
0.680000 0.840000 0.003358 105
0.555556 0.911111 0.008710 125
0.733333 0.733333 0.000645 81
0.800000 0.800000 0.002546 82
0.680000 0.840000 0.003358 105
0.300000 0.900000 0.010205 168
0.200000 1.000000 0.000000 187
0.160000 0.906667 0.003699 188
0.911111 0.555556 0.001400 70
0.904762 0.428571 0.000466 67
1.000000 0.466667 0.000000 47
0.160000 0.906667 0.003699 188
0.200000 1.000000 0.000000 187
0.066667 1.000000 0.000000 210
0.900000 0.300000 -0.004695 66
0.792593 0.377778 -0.005844 90
0.813333 0.253333 -0.001412 65
-0.030303 0.903030 0.000297 213
0.066667 1.000000 0.000000 210
-0.066667 1.000000 0.000000 232
0.160000 0.906667 0.003699 188
0.253333 0.813333 -0.002322 167
0.300000 0.900000 0.010205 168
-0.030303 0.903030 0.000297 213
0.066667 0.866667 0.002771 190
0.066667 1.000000 0.000000 210
0.066667 0.866667 0.002771 190
0.160000 0.773333 -0.000017 173
0.160000 0.906667 0.003699 188
-0.321212 0.612121 -0.002462 234
-0.191919 0.608081 0.005793 214
-0.224242 0.745455 0.001614 236
0.274074 0.688889 0.000928 153
0.346667 0.553333 0.001320 152
0.440000 0.626667 -0.001928 131
0.253333 0.813333 -0.002322 167
0.274074 0.688889 0.000928 153
0.377778 0.733333 -0.000328 147
0.160000 0.540000 0.007194 170
0.066667 0.600000 0.007576 192
0.066667 0.466667 -0.026526 171
0.160000 0.406667 0.010286 151
0.160000 0.540000 0.007194 170
0.066667 0.466667 -0.026526 171
0.253333 0.480000 -0.008567 150
0.346667 0.553333 0.001320 152
0.160000 0.540000 0.007194 170
0.160000 0.773333 -0.000017 173
0.170370 0.644444 -0.002991 172
0.274074 0.688889 0.000928 153
0.160000 0.773333 -0.000017 173
0.066667 0.733333 -0.003374 193
0.170370 0.644444 -0.002991 172
-0.078788 0.672727 -0.001724 216
-0.191919 0.608081 0.005793 214
-0.062626 0.515152 -0.007370 191
-0.030303 0.769697 0.000483 194
-0.078788 0.672727 -0.001724 216
0.066667 0.733333 -0.003374 193
0.066667 0.866667 0.002771 190
-0.030303 0.769697 0.000483 194
0.066667 0.733333 -0.003374 193
-0.127273 0.806061 0.000896 215
-0.078788 0.672727 -0.001724 216
-0.030303 0.769697 0.000483 194
-0.127273 0.806061 0.000896 215
-0.224242 0.745455 0.001614 236
-0.078788 0.672727 -0.001724 216
0.160000 0.540000 0.007194 170
0.160000 0.406667 0.010286 151
0.253333 0.480000 -0.008567 150
-0.078788 0.672727 -0.001724 216
-0.062626 0.515152 -0.007370 191
0.066667 0.600000 0.007576 192
0.066667 0.733333 -0.003374 193
-0.078788 0.672727 -0.001724 216
0.066667 0.600000 0.007576 192
-0.224242 0.375758 0.065002 211
-0.208081 0.491919 -0.005327 212
-0.321212 0.475758 0.008774 233
-0.346667 0.720000 0.001338 252
-0.321212 0.612121 -0.002462 234
-0.224242 0.745455 0.001614 236
-0.418182 0.446970 0.001051 245
-0.515152 0.418182 0.003332 249
-0.398788 0.347879 0.011610 231
-0.321212 0.475758 0.008774 233
-0.418182 0.446970 0.001051 245
-0.398788 0.347879 0.011610 231
-0.321212 0.475758 0.008774 233
-0.418182 0.575758 0.000804 251
-0.418182 0.446970 0.001051 245
0.477333 0.509333 -0.000377 130
0.514667 0.392000 -0.003737 109
0.626667 0.440000 0.006978 110
0.346667 0.553333 0.001320 152
0.477333 0.509333 -0.000377 130
0.440000 0.626667 -0.001928 131
0.346667 0.553333 0.001320 152
0.346667 0.386667 0.002522 129
0.477333 0.509333 -0.000377 130
0.377778 0.733333 -0.000328 147
0.274074 0.688889 0.000928 153
0.440000 0.626667 -0.001928 131
0.290667 0.296000 0.009203 128
0.160000 0.406667 0.010286 151
0.178667 0.248000 -0.018003 149
-0.224242 0.375758 0.065002 211
-0.282424 0.277576 0.159348 217
-0.166061 0.287273 0.196686 197
-0.078788 0.354545 0.073882 189
-0.224242 0.375758 0.065002 211
-0.166061 0.287273 0.196686 197
-0.321212 0.475758 0.008774 233
-0.321212 0.612121 -0.002462 234
-0.418182 0.575758 0.000804 251
-0.078788 0.354545 0.073882 189
-0.208081 0.491919 -0.005327 212
-0.224242 0.375758 0.065002 211
-0.191919 0.608081 0.005793 214
-0.321212 0.612121 -0.002462 234
-0.208081 0.491919 -0.005327 212
0.539556 0.291556 -0.001545 88
0.440000 0.160000 0.002357 107
0.564444 0.191111 -0.004440 87
0.346667 0.386667 0.002522 129
0.402667 0.290667 -0.003053 108
0.514667 0.392000 -0.003737 109
0.346667 0.386667 0.002522 129
0.290667 0.296000 0.009203 128
0.402667 0.290667 -0.003053 108
0.402667 0.290667 -0.003053 108
0.290667 0.296000 0.009203 128
0.315556 0.128889 0.006726 127
0.477333 0.509333 -0.000377 130
0.346667 0.386667 0.002522 129
0.514667 0.392000 -0.003737 109
0.346667 0.553333 0.001320 152
0.253333 0.480000 -0.008567 150
0.346667 0.386667 0.002522 129
0.178667 0.248000 -0.018003 149
0.315556 0.128889 0.006726 127
0.290667 0.296000 0.009203 128
0.066667 0.200000 0.001496 155
0.178667 0.248000 -0.018003 149
0.066667 0.333333 -0.013834 169
0.066667 0.200000 0.001496 155
0.066667 0.066667 0.010526 154
0.178667 0.141333 -0.017090 133
0.300000 0.900000 0.010205 168
0.333333 1.000000 0.000000 166
0.200000 1.000000 0.000000 187
0.377778 0.733333 -0.000328 147
0.400000 0.833333 0.005714 148
0.253333 0.813333 -0.002322 167
0.400000 0.833333 0.005714 148
0.523810 0.809524 -0.001272 126
0.555556 0.911111 0.008710 125
0.253333 0.813333 -0.002322 167
0.400000 0.833333 0.005714 148
0.300000 0.900000 0.010205 168
0.377778 0.733333 -0.000328 147
0.523810 0.809524 -0.001272 126
0.400000 0.833333 0.005714 148
0.800000 0.500000 -0.004936 68
0.911111 0.555556 0.001400 70
0.714286 0.619048 -0.001465 92
0.700000 0.500000 0.001251 91
0.800000 0.500000 -0.004936 68
0.714286 0.619048 -0.001465 92
0.585185 0.555556 -0.000232 111
0.700000 0.500000 0.001251 91
0.714286 0.619048 -0.001465 92
0.626667 0.440000 0.006978 110
0.792593 0.377778 -0.005844 90
0.700000 0.500000 0.001251 91
0.792593 0.377778 -0.005844 90
0.904762 0.428571 0.000466 67
0.800000 0.500000 -0.004936 68
1.000000 0.466667 0.000000 47
0.904762 0.428571 0.000466 67
1.000000 0.333333 0.000000 45
0.600000 0.666667 0.001494 104
0.733333 0.733333 0.000645 81
0.680000 0.840000 0.003358 105
0.585185 0.555556 -0.000232 111
0.600000 0.666667 0.001494 104
0.500000 0.700000 0.005591 124
0.714286 0.619048 -0.001465 92
0.733333 0.733333 0.000645 81
0.600000 0.666667 0.001494 104
0.626667 0.440000 0.006978 110
0.700000 0.500000 0.001251 91
0.585185 0.555556 -0.000232 111
0.911111 0.555556 0.001400 70
0.893333 0.680000 0.002620 69
0.714286 0.619048 -0.001465 92
