-0.507514 0.097964 0.839930 8
-0.809017 -0.587785 0.809866 13
-0.206011 -0.391857 0.856903 12
-0.507514 0.097964 0.839930 8
-1.000000 -0.000000 0.814995 9
-0.809017 -0.587785 0.809866 13
0.333333 -0.000000 0.951371 7
-0.507514 0.097964 0.839930 8
-0.206011 -0.391857 0.856903 12
0.012158 0.475528 0.870831 4
-0.809017 0.587785 0.805909 5
-0.507514 0.097964 0.839930 8
0.333333 -0.000000 0.951371 7
0.012158 0.475528 0.870831 4
-0.507514 0.097964 0.839930 8
0.012158 0.475528 0.870831 4
0.309017 0.951057 0.847392 1
-0.309017 0.951057 0.823577 2
0.012158 0.475528 0.870831 4
0.333333 -0.000000 0.951371 7
0.809017 0.587785 0.918339 3
-0.809017 0.587785 0.805909 5
0.012158 0.475528 0.870831 4
-0.309017 0.951057 0.823577 2
-0.809017 0.587785 0.805909 5
-1.000000 -0.000000 0.814995 9
-0.507514 0.097964 0.839930 8
-0.309017 -0.951057 0.818881 15
0.309017 -0.951057 0.843988 14
-0.206011 -0.391857 0.856903 12
0.321175 -0.475528 0.895704 11
0.809017 -0.587785 0.914457 10
0.333333 -0.000000 0.951371 7
0.333333 -0.000000 0.951371 7
0.809017 -0.587785 0.914457 10
1.000000 0.000000 0.960384 6
0.321175 -0.475528 0.895704 11
-0.206011 -0.391857 0.856903 12
0.309017 -0.951057 0.843988 14
0.809017 -0.587785 0.914457 10
0.321175 -0.475528 0.895704 11
0.309017 -0.951057 0.843988 14
0.333333 -0.000000 0.951371 7
-0.206011 -0.391857 0.856903 12
0.321175 -0.475528 0.895704 11
0.809017 0.587785 0.918339 3
0.333333 -0.000000 0.951371 7
1.000000 0.000000 0.960384 6
0.809017 0.587785 0.918339 3
0.309017 0.951057 0.847392 1
0.012158 0.475528 0.870831 4
-0.809017 -0.587785 0.809866 13
-0.309017 -0.951057 0.818881 15
-0.206011 -0.391857 0.856903 12
