-0.507514 0.097964 0.932021 8
-0.809017 -0.587785 0.905063 13
-0.206011 -0.391857 0.948523 12
-0.507514 0.097964 0.932021 8
-1.000000 -0.000000 0.909227 9
-0.809017 -0.587785 0.905063 13
0.333333 -0.000000 1.034646 7
-0.507514 0.097964 0.932021 8
-0.206011 -0.391857 0.948523 12
0.012158 0.475528 0.962488 4
-0.809017 0.587785 0.901400 5
-0.507514 0.097964 0.932021 8
0.333333 -0.000000 1.034646 7
0.012158 0.475528 0.962488 4
-0.507514 0.097964 0.932021 8
0.012158 0.475528 0.962488 4
0.309017 0.951057 0.945276 1
-0.309017 0.951057 0.919518 2
0.012158 0.475528 0.962488 4
0.333333 -0.000000 1.034646 7
0.809017 0.587785 1.012091 3
-0.809017 0.587785 0.901400 5
0.012158 0.475528 0.962488 4
-0.309017 0.951057 0.919518 2
-0.809017 0.587785 0.901400 5
-1.000000 -0.000000 0.909227 9
-0.507514 0.097964 0.932021 8
-0.309017 -0.951057 0.914993 15
0.309017 -0.951057 0.941729 14
-0.206011 -0.391857 0.948523 12
0.321175 -0.475528 0.987135 11
0.809017 -0.587785 1.008725 10
0.333333 -0.000000 1.034646 7
0.333333 -0.000000 1.034646 7
0.809017 -0.587785 1.008725 10
1.000000 0.000000 1.049933 6
0.321175 -0.475528 0.987135 11
-0.206011 -0.391857 0.948523 12
0.309017 -0.951057 0.941729 14
0.809017 -0.587785 1.008725 10
0.321175 -0.475528 0.987135 11
0.309017 -0.951057 0.941729 14
0.333333 -0.000000 1.034646 7
-0.206011 -0.391857 0.948523 12
0.321175 -0.475528 0.987135 11
0.809017 0.587785 1.012091 3
0.333333 -0.000000 1.034646 7
1.000000 0.000000 1.049933 6
0.809017 0.587785 1.012091 3
0.309017 0.951057 0.945276 1
0.012158 0.475528 0.962488 4
-0.809017 -0.587785 0.905063 13
-0.309017 -0.951057 0.914993 15
-0.206011 -0.391857 0.948523 12
