0.814699 0.579882 0.000000 315
0.739838 0.672783 0.000000 298
0.666738 0.578399 0.055204 297
0.502783 0.495602 0.125282 275
0.554101 0.571348 0.091291 279
0.459063 0.619218 0.101407 260
0.451466 0.419857 0.154625 269
0.502783 0.495602 0.125282 275
0.416325 0.535536 0.135164 256
0.451466 0.419857 0.154625 269
0.544845 0.408203 0.133895 287
0.502783 0.495602 0.125282 275
0.502783 0.495602 0.125282 275
0.621851 0.474774 0.096797 295
0.554101 0.571348 0.091291 279
0.518304 0.257083 0.166386 293
0.568769 0.172534 0.161642 292
0.653162 0.253562 0.127333 311
0.390834 0.275061 0.193101 272
0.518304 0.257083 0.166386 293
0.467840 0.341632 0.166085 276
0.448852 0.199461 0.189865 273
0.568769 0.172534 0.161642 292
0.518304 0.257083 0.166386 293
0.660173 0.394761 0.101783 303
0.737555 0.334590 0.086244 314
0.721342 0.458640 0.067579 313
0.599004 0.330882 0.132912 296
0.653162 0.253562 0.127333 311
0.737555 0.334590 0.086244 314
0.467840 0.341632 0.166085 276
0.599004 0.330882 0.132912 296
0.544845 0.408203 0.133895 287
0.467840 0.341632 0.166085 276
0.518304 0.257083 0.166386 293
0.599004 0.330882 0.132912 296
0.568769 0.172534 0.161642 292
0.635605 0.106229 0.146133 290
0.682191 0.183576 0.124996 309
0.498769 0.039514 0.188185 270
0.568769 0.172534 0.161642 292
0.448852 0.199461 0.189865 273
0.737555 0.334590 0.086244 314
0.821948 0.415618 0.037559 336
0.721342 0.458640 0.067579 313
0.846441 0.170088 0.064159 335
0.858523 0.062077 0.064685 317
0.966790 0.110007 0.013700 339
0.951475 0.239579 0.009244 359
0.928426 0.246030 0.019202 364
0.951858 0.202018 0.013457 356
0.964706 0.235876 0.003411 341
0.951475 0.239579 0.009244 359
0.951858 0.202018 0.013457 356
0.964706 0.235876 0.003411 341
0.969282 0.245950 0.000000 343
0.961180 0.249869 0.003394 360
0.975157 0.221515 0.000000 340
0.964706 0.235876 0.003411 341
0.951858 0.202018 0.013457 356
0.972296 0.233751 0.000000 322
0.970809 0.239855 0.000000 331
0.964706 0.235876 0.003411 341
0.776439 0.065133 0.097967 312
0.708471 0.010071 0.124666 294
0.811855 -0.007894 0.084956 300
0.858523 0.062077 0.064685 317
0.776439 0.065133 0.097967 312
0.811855 -0.007894 0.084956 300
0.741023 0.138159 0.107962 310
0.708471 0.010071 0.124666 294
0.776439 0.065133 0.097967 312
0.728776 0.260924 0.100467 334
0.741023 0.138159 0.107962 310
0.846441 0.170088 0.064159 335
0.682191 0.183576 0.124996 309
0.635605 0.106229 0.146133 290
0.741023 0.138159 0.107962 310
0.568769 0.172534 0.161642 292
0.682191 0.183576 0.124996 309
0.653162 0.253562 0.127333 311
0.635605 0.106229 0.146133 290
0.708471 0.010071 0.124666 294
0.741023 0.138159 0.107962 310
0.653162 0.253562 0.127333 311
0.682191 0.183576 0.124996 309
0.728776 0.260924 0.100467 334
0.721342 0.458640 0.067579 313
0.666738 0.578399 0.055204 297
0.621851 0.474774 0.096797 295
0.544845 0.408203 0.133895 287
0.599004 0.330882 0.132912 296
0.660173 0.394761 0.101783 303
0.877962 0.478726 0.000000 337
0.814699 0.579882 0.000000 315
0.721342 0.458640 0.067579 313
0.821948 0.415618 0.037559 336
0.921996 0.386040 0.000000 358
0.877962 0.478726 0.000000 337
0.660173 0.394761 0.101783 303
0.599004 0.330882 0.132912 296
0.737555 0.334590 0.086244 314
0.621851 0.474774 0.096797 295
0.660173 0.394761 0.101783 303
0.721342 0.458640 0.067579 313
0.621851 0.474774 0.096797 295
0.544845 0.408203 0.133895 287
0.660173 0.394761 0.101783 303
0.820322 0.333839 0.053585 338
0.877298 0.333322 0.029596 357
0.821948 0.415618 0.037559 336
0.951858 0.202018 0.013457 356
0.966790 0.110007 0.013700 339
0.987142 0.159847 0.000000 342
0.975157 0.221515 0.000000 340
0.951858 0.202018 0.013457 356
0.976530 0.215383 0.000000 348
0.858523 0.062077 0.064685 317
0.811855 -0.007894 0.084956 300
0.912488 -0.025518 0.041798 299
0.728776 0.260924 0.100467 334
0.682191 0.183576 0.124996 309
0.741023 0.138159 0.107962 310
0.832240 0.259116 0.059759 354
0.901013 0.296950 0.024814 363
0.877298 0.333322 0.029596 357
0.737555 0.334590 0.086244 314
0.653162 0.253562 0.127333 311
0.728776 0.260924 0.100467 334
0.846441 0.170088 0.064159 335
0.741023 0.138159 0.107962 310
0.776439 0.065133 0.097967 312
0.821948 0.415618 0.037559 336
0.877298 0.333322 0.029596 357
0.921996 0.386040 0.000000 358
0.832240 0.259116 0.059759 354
0.898516 0.218325 0.036083 355
0.901013 0.296950 0.024814 363
0.939983 0.274532 0.010129 370
0.947068 0.256695 0.009186 366
0.955428 0.271041 0.003382 372
0.898516 0.218325 0.036083 355
0.928426 0.246030 0.019202 364
0.901013 0.296950 0.024814 363
0.951858 0.202018 0.013457 356
0.898516 0.218325 0.036083 355
0.846441 0.170088 0.064159 335
0.951858 0.202018 0.013457 356
0.928426 0.246030 0.019202 364
0.898516 0.218325 0.036083 355
0.955701 0.294341 0.000000 374
0.947627 0.293384 0.003925 371
0.957531 0.288330 0.000000 376
0.832240 0.259116 0.059759 354
0.820322 0.333839 0.053585 338
0.728776 0.260924 0.100467 334
0.846441 0.170088 0.064159 335
0.832240 0.259116 0.059759 354
0.728776 0.260924 0.100467 334
0.846441 0.170088 0.064159 335
0.898516 0.218325 0.036083 355
0.832240 0.259116 0.059759 354
0.921996 0.386040 0.000000 358
0.916506 0.332966 0.011926 362
0.951057 0.309017 0.000000 365
0.820322 0.333839 0.053585 338
0.737555 0.334590 0.086244 314
0.728776 0.260924 0.100467 334
0.877298 0.333322 0.029596 357
0.820322 0.333839 0.053585 338
0.832240 0.259116 0.059759 354
0.916506 0.332966 0.011926 362
0.877298 0.333322 0.029596 357
0.901013 0.296950 0.024814 363
0.916506 0.332966 0.011926 362
0.921996 0.386040 0.000000 358
0.877298 0.333322 0.029596 357
0.821948 0.415618 0.037559 336
0.737555 0.334590 0.086244 314
0.820322 0.333839 0.053585 338
0.901013 0.296950 0.024814 363
0.951057 0.309017 0.000000 365
0.916506 0.332966 0.011926 362
0.901013 0.296950 0.024814 363
0.947627 0.293384 0.003925 371
0.951057 0.309017 0.000000 365
0.951057 0.309017 0.000000 365
0.947627 0.293384 0.003925 371
0.953832 0.300340 0.000000 369
0.951800 0.281432 0.003663 375
0.939983 0.274532 0.010129 370
0.955428 0.271041 0.003382 372
0.957531 0.288330 0.000000 376
0.951800 0.281432 0.003663 375
0.959324 0.282308 0.000000 378
0.947627 0.293384 0.003925 371
0.939983 0.274532 0.010129 370
0.951800 0.281432 0.003663 375
0.953832 0.300340 0.000000 369
0.947627 0.293384 0.003925 371
0.955701 0.294341 0.000000 374
0.939983 0.274532 0.010129 370
0.928426 0.246030 0.019202 364
0.947068 0.256695 0.009186 366
0.901013 0.296950 0.024814 363
0.939983 0.274532 0.010129 370
0.947627 0.293384 0.003925 371
0.901013 0.296950 0.024814 363
0.928426 0.246030 0.019202 364
0.939983 0.274532 0.010129 370
0.961079 0.276275 0.000000 377
0.951800 0.281432 0.003663 375
0.955428 0.271041 0.003382 372
0.599976 0.016436 0.159592 291
0.498769 0.039514 0.188185 270
0.585764 -0.055486 0.163213 271
0.690172 -0.060194 0.130046 274
0.599976 0.016436 0.159592 291
0.585764 -0.055486 0.163213 271
0.635605 0.106229 0.146133 290
0.498769 0.039514 0.188185 270
0.599976 0.016436 0.159592 291
0.951800 0.281432 0.003663 375
0.961079 0.276275 0.000000 377
0.959324 0.282308 0.000000 378
0.957531 0.288330 0.000000 376
0.947627 0.293384 0.003925 371
0.951800 0.281432 0.003663 375
0.947068 0.256695 0.009186 366
0.959168 0.257595 0.003370 367
0.955428 0.271041 0.003382 372
0.568769 0.172534 0.161642 292
0.498769 0.039514 0.188185 270
0.635605 0.106229 0.146133 290
0.955428 0.271041 0.003382 372
0.962796 0.270231 0.000000 373
0.961079 0.276275 0.000000 377
0.951475 0.239579 0.009244 359
0.947068 0.256695 0.009186 366
0.928426 0.246030 0.019202 364
0.964474 0.264176 0.000000 368
0.962796 0.270231 0.000000 373
0.955428 0.271041 0.003382 372
0.959168 0.257595 0.003370 367
0.964474 0.264176 0.000000 368
0.955428 0.271041 0.003382 372
0.959168 0.257595 0.003370 367
0.966115 0.258111 0.000000 361
0.964474 0.264176 0.000000 368
0.961180 0.249869 0.003394 360
0.959168 0.257595 0.003370 367
0.947068 0.256695 0.009186 366
0.961180 0.249869 0.003394 360
0.966115 0.258111 0.000000 361
0.959168 0.257595 0.003370 367
0.961180 0.249869 0.003394 360
0.967718 0.252036 0.000000 346
0.966115 0.258111 0.000000 361
0.951475 0.239579 0.009244 359
0.961180 0.249869 0.003394 360
0.947068 0.256695 0.009186 366
0.951475 0.239579 0.009244 359
0.964706 0.235876 0.003411 341
0.961180 0.249869 0.003394 360
0.961180 0.249869 0.003394 360
0.969282 0.245950 0.000000 343
0.967718 0.252036 0.000000 346
0.964706 0.235876 0.003411 341
0.970809 0.239855 0.000000 331
0.969282 0.245950 0.000000 343
0.964706 0.235876 0.003411 341
0.973746 0.227637 0.000000 320
0.972296 0.233751 0.000000 322
0.975157 0.221515 0.000000 340
0.973746 0.227637 0.000000 320
0.964706 0.235876 0.003411 341
0.976530 0.215383 0.000000 348
0.951858 0.202018 0.013457 356
0.977864 0.209243 0.000000 349
0.999751 0.022304 0.000000 268
0.990516 0.028697 0.004474 283
0.990825 0.017412 0.004465 286
0.999751 0.022304 0.000000 268
0.999591 0.028585 0.000000 265
0.990516 0.028697 0.004474 283
0.990516 0.028697 0.004474 283
0.999591 0.028585 0.000000 265
0.999392 0.034865 0.000000 284
0.989767 0.045606 0.004529 302
0.998875 0.047420 0.000000 288
0.998557 0.053696 0.000000 304
0.925893 0.032080 0.035201 316
0.858523 0.062077 0.064685 317
0.912488 -0.025518 0.041798 299
0.968244 0.013222 0.015609 301
0.925893 0.032080 0.035201 316
0.912488 -0.025518 0.041798 299
0.968244 0.013222 0.015609 301
0.989767 0.045606 0.004529 302
0.983222 0.063950 0.007307 318
0.983222 0.063950 0.007307 318
0.998557 0.053696 0.000000 304
0.998200 0.059969 0.000000 306
0.968244 0.013222 0.015609 301
0.912488 -0.025518 0.041798 299
0.996652 -0.074014 0.000000 282
0.989767 0.045606 0.004529 302
0.968244 0.013222 0.015609 301
0.990516 0.028697 0.004474 283
0.983222 0.063950 0.007307 318
0.966790 0.110007 0.013700 339
0.925893 0.032080 0.035201 316
0.968244 0.013222 0.015609 301
0.983222 0.063950 0.007307 318
0.925893 0.032080 0.035201 316
0.989767 0.045606 0.004529 302
0.998557 0.053696 0.000000 304
0.983222 0.063950 0.007307 318
0.989767 0.045606 0.004529 302
0.990516 0.028697 0.004474 283
0.999392 0.034865 0.000000 284
0.997804 0.066239 0.000000 308
0.983222 0.063950 0.007307 318
0.998200 0.059969 0.000000 306
0.966790 0.110007 0.013700 339
0.858523 0.062077 0.064685 317
0.925893 0.032080 0.035201 316
0.997804 0.066239 0.000000 308
0.997368 0.072507 0.000000 307
0.983222 0.063950 0.007307 318
0.996893 0.078772 0.000000 305
0.996378 0.085035 0.000000 319
0.983222 0.063950 0.007307 318
0.996378 0.085035 0.000000 319
0.966790 0.110007 0.013700 339
0.983222 0.063950 0.007307 318
0.996378 0.085035 0.000000 319
0.995824 0.091293 0.000000 326
0.966790 0.110007 0.013700 339
0.995231 0.097548 0.000000 333
0.966790 0.110007 0.013700 339
0.995824 0.091293 0.000000 326
0.994598 0.103800 0.000000 329
0.966790 0.110007 0.013700 339
0.995231 0.097548 0.000000 333
0.994598 0.103800 0.000000 329
0.993926 0.110047 0.000000 325
0.966790 0.110007 0.013700 339
0.993215 0.116290 0.000000 321
0.966790 0.110007 0.013700 339
0.993926 0.110047 0.000000 325
0.992465 0.122528 0.000000 332
0.966790 0.110007 0.013700 339
0.993215 0.116290 0.000000 321
0.991676 0.128761 0.000000 330
0.966790 0.110007 0.013700 339
0.992465 0.122528 0.000000 332
0.991676 0.128761 0.000000 330
0.990847 0.134989 0.000000 328
0.966790 0.110007 0.013700 339
0.989767 0.045606 0.004529 302
0.999153 0.041143 0.000000 289
0.998875 0.047420 0.000000 288
1.000043 0.001142 0.000000 285
0.999953 0.009739 0.000000 266
0.990825 0.017412 0.004465 286
0.999392 0.034865 0.000000 284
0.999153 0.041143 0.000000 289
0.989767 0.045606 0.004529 302
0.989979 0.141212 0.000000 327
0.966790 0.110007 0.013700 339
0.990847 0.134989 0.000000 328
0.989979 0.141212 0.000000 327
0.989073 0.147430 0.000000 324
0.966790 0.110007 0.013700 339
0.989073 0.147430 0.000000 324
0.988127 0.153641 0.000000 323
0.966790 0.110007 0.013700 339
0.966790 0.110007 0.013700 339
0.988127 0.153641 0.000000 323
0.987142 0.159847 0.000000 342
0.987142 0.159847 0.000000 342
0.986118 0.166046 0.000000 347
0.951858 0.202018 0.013457 356
0.986118 0.166046 0.000000 347
0.985055 0.172239 0.000000 353
0.951858 0.202018 0.013457 356
0.951858 0.202018 0.013457 356
0.985055 0.172239 0.000000 353
0.983954 0.178425 0.000000 350
0.981634 0.190775 0.000000 344
0.980416 0.196939 0.000000 352
0.951858 0.202018 0.013457 356
-0.000791 0.217018 0.238218 195
-0.047046 0.099218 0.247116 189
0.080134 0.134971 0.243974 212
0.133791 0.234717 0.231453 218
-0.000791 0.217018 0.238218 195
0.080134 0.134971 0.243974 212
-0.069868 0.307586 0.225054 194
-0.136190 0.184298 0.237144 170
-0.000791 0.217018 0.238218 195
0.912488 -0.025518 0.041798 299
0.901692 -0.104767 0.043960 281
0.996652 -0.074014 0.000000 282
0.999953 0.009739 0.000000 266
0.999872 0.016022 0.000000 267
0.990825 0.017412 0.004465 286
0.811855 -0.007894 0.084956 300
0.793861 -0.076984 0.091181 280
0.912488 -0.025518 0.041798 299
0.912488 -0.025518 0.041798 299
0.793861 -0.076984 0.091181 280
0.901692 -0.104767 0.043960 281
0.951858 0.202018 0.013457 356
0.846441 0.170088 0.064159 335
0.966790 0.110007 0.013700 339
0.690172 -0.060194 0.130046 274
0.585764 -0.055486 0.163213 271
0.597665 -0.127826 0.156917 255
0.858523 0.062077 0.064685 317
0.846441 0.170088 0.064159 335
0.776439 0.065133 0.097967 312
0.635605 0.106229 0.146133 290
0.599976 0.016436 0.159592 291
0.708471 0.010071 0.124666 294
0.410967 0.096876 0.205437 254
0.498769 0.039514 0.188185 270
0.448852 0.199461 0.189865 273
0.321285 0.214170 0.212891 252
0.410967 0.096876 0.205437 254
0.448852 0.199461 0.189865 273
0.310211 0.126274 0.221620 233
0.278378 0.045204 0.229729 234
0.410967 0.096876 0.205437 254
0.690172 -0.060194 0.130046 274
0.597665 -0.127826 0.156917 255
0.723398 -0.180914 0.111089 261
0.793861 -0.076984 0.091181 280
0.690172 -0.060194 0.130046 274
0.723398 -0.180914 0.111089 261
0.708471 0.010071 0.124666 294
0.599976 0.016436 0.159592 291
0.690172 -0.060194 0.130046 274
0.376592 -0.008811 0.214482 250
0.375401 -0.083113 0.212914 231
0.480931 -0.050758 0.191682 251
0.708471 0.010071 0.124666 294
0.690172 -0.060194 0.130046 274
0.793861 -0.076984 0.091181 280
0.480931 -0.050758 0.191682 251
0.507921 -0.169920 0.177836 237
0.597665 -0.127826 0.156917 255
0.628496 -0.244026 0.136440 246
0.566238 -0.339118 0.141285 225
0.659692 -0.310410 0.116904 228
0.507921 -0.169920 0.177836 237
0.536410 -0.254065 0.162070 235
0.597665 -0.127826 0.156917 255
0.585764 -0.055486 0.163213 271
0.480931 -0.050758 0.191682 251
0.597665 -0.127826 0.156917 255
0.406375 -0.189847 0.200025 216
0.536410 -0.254065 0.162070 235
0.507921 -0.169920 0.177836 237
0.406375 -0.189847 0.200025 216
0.285450 -0.258254 0.212880 193
0.361514 -0.295222 0.194934 215
0.723398 -0.180914 0.111089 261
0.768514 -0.255311 0.086394 248
0.830571 -0.190529 0.068185 263
0.811855 -0.007894 0.084956 300
0.708471 0.010071 0.124666 294
0.793861 -0.076984 0.091181 280
0.628496 -0.244026 0.136440 246
0.536410 -0.254065 0.162070 235
0.566238 -0.339118 0.141285 225
0.768514 -0.255311 0.086394 248
0.628496 -0.244026 0.136440 246
0.659692 -0.310410 0.116904 228
0.597665 -0.127826 0.156917 255
0.536410 -0.254065 0.162070 235
0.628496 -0.244026 0.136440 246
0.266622 -0.041094 0.232045 230
0.157199 -0.036160 0.243162 210
0.167532 -0.135776 0.238483 209
0.375401 -0.083113 0.212914 231
0.266622 -0.041094 0.232045 230
0.275608 -0.127725 0.226983 211
0.278378 0.045204 0.229729 234
0.170717 0.063074 0.241963 213
0.266622 -0.041094 0.232045 230
0.361514 -0.295222 0.194934 215
0.340212 -0.377153 0.185618 191
0.437579 -0.332190 0.174705 214
0.406375 -0.189847 0.200025 216
0.361514 -0.295222 0.194934 215
0.437579 -0.332190 0.174705 214
0.285450 -0.258254 0.212880 193
0.340212 -0.377153 0.185618 191
0.361514 -0.295222 0.194934 215
0.982813 0.184603 0.000000 345
0.951858 0.202018 0.013457 356
0.983954 0.178425 0.000000 350
0.982813 0.184603 0.000000 345
0.981634 0.190775 0.000000 344
0.951858 0.202018 0.013457 356
0.979159 0.203095 0.000000 351
0.951858 0.202018 0.013457 356
0.980416 0.196939 0.000000 352
0.532909 -0.846171 0.000000 135
0.434637 -0.714654 0.075312 158
0.358538 -0.801399 0.057585 134
0.285450 -0.258254 0.212880 193
0.210465 -0.328622 0.211832 168
0.340212 -0.377153 0.185618 191
0.248946 -0.830061 0.062398 123
0.202484 -0.979284 0.000000 101
0.317673 -0.948199 0.000000 110
0.052073 -0.475015 0.193173 115
-0.060916 -0.562391 0.170036 90
0.005923 -0.605429 0.158377 92
-0.073858 -0.825033 0.078159 66
-0.183121 -0.800668 0.081081 41
-0.171600 -0.893604 0.042806 42
0.977864 0.209243 0.000000 349
0.951858 0.202018 0.013457 356
0.979159 0.203095 0.000000 351
0.278378 0.045204 0.229729 234
0.310211 0.126274 0.221620 233
0.170717 0.063074 0.241963 213
0.157199 -0.036160 0.243162 210
0.266622 -0.041094 0.232045 230
0.170717 0.063074 0.241963 213
0.376592 -0.008811 0.214482 250
0.410967 0.096876 0.205437 254
0.278378 0.045204 0.229729 234
0.375401 -0.083113 0.212914 231
0.376592 -0.008811 0.214482 250
0.266622 -0.041094 0.232045 230
0.406375 -0.189847 0.200025 216
0.375401 -0.083113 0.212914 231
0.275608 -0.127725 0.226983 211
0.443653 -0.120303 0.196611 236
0.507921 -0.169920 0.177836 237
0.480931 -0.050758 0.191682 251
0.498769 0.039514 0.188185 270
0.410967 0.096876 0.205437 254
0.376592 -0.008811 0.214482 250
0.877962 0.478726 0.000000 337
0.721342 0.458640 0.067579 313
0.821948 0.415618 0.037559 336
0.233680 0.198977 0.226956 232
0.133791 0.234717 0.231453 218
0.080134 0.134971 0.243974 212
0.321285 0.214170 0.212891 252
0.233680 0.198977 0.226956 232
0.310211 0.126274 0.221620 233
0.321285 0.214170 0.212891 252
0.299847 0.327488 0.200660 253
0.233680 0.198977 0.226956 232
0.451466 0.419857 0.154625 269
0.416325 0.535536 0.135164 256
0.358086 0.431512 0.171682 257
0.299847 0.327488 0.200660 253
0.161083 0.343122 0.214268 238
0.233680 0.198977 0.226956 232
0.448852 0.199461 0.189865 273
0.390834 0.275061 0.193101 272
0.321285 0.214170 0.212891 252
0.193534 0.869635 0.052043 200
0.306367 0.849970 0.045953 222
0.233746 0.972296 0.000000 202
0.207783 0.597189 0.150288 220
0.309232 0.607749 0.133575 240
0.266057 0.716434 0.104224 223
0.059700 0.757628 0.105528 178
0.100463 0.628917 0.148523 199
0.159935 0.714433 0.115663 201
0.269159 0.417388 0.188081 241
0.161083 0.343122 0.214268 238
0.299847 0.327488 0.200660 253
0.358086 0.431512 0.171682 257
0.269159 0.417388 0.188081 241
0.299847 0.327488 0.200660 253
0.306104 0.514329 0.160458 239
0.207783 0.597189 0.150288 220
0.188550 0.474362 0.184830 221
0.459063 0.619218 0.101407 260
0.591297 0.667732 0.051587 277
0.489754 0.711772 0.063252 258
0.654446 0.756107 0.000000 278
0.591297 0.667732 0.051587 277
0.739838 0.672783 0.000000 298
0.416016 0.817037 0.039935 242
0.559738 0.828668 0.000000 259
0.457062 0.889433 0.000000 245
0.666738 0.578399 0.055204 297
0.591297 0.667732 0.051587 277
0.554101 0.571348 0.091291 279
0.654446 0.756107 0.000000 278
0.559738 0.828668 0.000000 259
0.591297 0.667732 0.051587 277
0.321285 0.214170 0.212891 252
0.310211 0.126274 0.221620 233
0.410967 0.096876 0.205437 254
0.278378 0.045204 0.229729 234
0.266622 -0.041094 0.232045 230
0.376592 -0.008811 0.214482 250
0.080134 0.134971 0.243974 212
0.051588 0.025365 0.249233 190
0.170717 0.063074 0.241963 213
0.167532 -0.135776 0.238483 209
0.201132 -0.230122 0.226675 188
0.275608 -0.127725 0.226983 211
0.055286 -0.059248 0.248253 187
0.167532 -0.135776 0.238483 209
0.157199 -0.036160 0.243162 210
0.058984 -0.143862 0.243209 185
0.065297 -0.228756 0.235747 186
0.167532 -0.135776 0.238483 209
0.149090 -0.405587 0.203178 143
0.210465 -0.328622 0.211832 168
0.071610 -0.313650 0.224105 163
0.002379 -0.396011 0.210884 139
0.149090 -0.405587 0.203178 143
0.071610 -0.313650 0.224105 163
0.196148 -0.503394 0.176920 142
0.241920 -0.422544 0.190309 166
0.149090 -0.405587 0.203178 143
0.285450 -0.258254 0.212880 193
0.275608 -0.127725 0.226983 211
0.201132 -0.230122 0.226675 188
0.723398 -0.180914 0.111089 261
0.830571 -0.190529 0.068185 263
0.793861 -0.076984 0.091181 280
0.597665 -0.127826 0.156917 255
0.628496 -0.244026 0.136440 246
0.723398 -0.180914 0.111089 261
0.819350 -0.332834 0.054482 247
0.916377 -0.400312 0.000000 229
0.957531 -0.288325 0.000000 249
0.741070 -0.403075 0.072194 227
0.819350 -0.332834 0.054482 247
0.768514 -0.255311 0.086394 248
0.741070 -0.403075 0.072194 227
0.795875 -0.458678 0.039291 226
0.819350 -0.332834 0.054482 247
-0.051071 -0.152060 0.243831 161
0.058984 -0.143862 0.243209 185
0.055286 -0.059248 0.248253 187
-0.173715 -0.091156 0.240761 140
-0.051071 -0.152060 0.243831 161
-0.064129 -0.026180 0.248907 165
-0.142789 -0.227692 0.232379 137
-0.008613 -0.271281 0.231657 162
-0.051071 -0.152060 0.243831 161
0.002379 -0.396011 0.210884 139
-0.008613 -0.271281 0.231657 162
-0.077985 -0.320828 0.222532 138
0.065297 -0.228756 0.235747 186
0.058984 -0.143862 0.243209 185
-0.051071 -0.152060 0.243831 161
0.071610 -0.313650 0.224105 163
0.065297 -0.228756 0.235747 186
-0.008613 -0.271281 0.231657 162
0.071610 -0.313650 0.224105 163
0.201132 -0.230122 0.226675 188
0.065297 -0.228756 0.235747 186
0.052073 -0.475015 0.193173 115
0.149090 -0.405587 0.203178 143
0.002379 -0.396011 0.210884 139
-0.075943 -0.460136 0.195896 113
0.052073 -0.475015 0.193173 115
0.002379 -0.396011 0.210884 139
0.101766 -0.554020 0.170354 117
0.196148 -0.503394 0.176920 142
0.052073 -0.475015 0.193173 115
0.051588 0.025365 0.249233 190
0.157199 -0.036160 0.243162 210
0.170717 0.063074 0.241963 213
-0.047046 0.099218 0.247116 189
0.051588 0.025365 0.249233 190
0.080134 0.134971 0.243974 212
0.055286 -0.059248 0.248253 187
0.058984 -0.143862 0.243209 185
0.167532 -0.135776 0.238483 209
-0.064129 -0.026180 0.248907 165
0.055286 -0.059248 0.248253 187
0.051588 0.025365 0.249233 190
-0.064129 -0.026180 0.248907 165
-0.051071 -0.152060 0.243831 161
0.055286 -0.059248 0.248253 187
-0.051071 -0.152060 0.243831 161
-0.008613 -0.271281 0.231657 162
0.065297 -0.228756 0.235747 186
-0.274515 -0.168705 0.224571 114
-0.142789 -0.227692 0.232379 137
-0.173715 -0.091156 0.240761 140
-0.290358 -0.015978 0.229597 141
-0.274515 -0.168705 0.224571 114
-0.173715 -0.091156 0.240761 140
-0.388489 -0.177195 0.204187 94
-0.365133 -0.257680 0.199975 89
-0.274515 -0.168705 0.224571 114
-0.077985 -0.320828 0.222532 138
-0.008613 -0.271281 0.231657 162
-0.142789 -0.227692 0.232379 137
-0.147357 -0.370374 0.210251 112
-0.077985 -0.320828 0.222532 138
-0.142789 -0.227692 0.232379 137
-0.147357 -0.370374 0.210251 112
-0.075943 -0.460136 0.195896 113
-0.077985 -0.320828 0.222532 138
0.167532 -0.135776 0.238483 209
0.275608 -0.127725 0.226983 211
0.266622 -0.041094 0.232045 230
0.065297 -0.228756 0.235747 186
0.201132 -0.230122 0.226675 188
0.167532 -0.135776 0.238483 209
0.406375 -0.189847 0.200025 216
0.275608 -0.127725 0.226983 211
0.285450 -0.258254 0.212880 193
0.480931 -0.050758 0.191682 251
0.585764 -0.055486 0.163213 271
0.498769 0.039514 0.188185 270
0.376592 -0.008811 0.214482 250
0.480931 -0.050758 0.191682 251
0.498769 0.039514 0.188185 270
0.443653 -0.120303 0.196611 236
0.406375 -0.189847 0.200025 216
0.507921 -0.169920 0.177836 237
0.375401 -0.083113 0.212914 231
0.443653 -0.120303 0.196611 236
0.480931 -0.050758 0.191682 251
0.375401 -0.083113 0.212914 231
0.406375 -0.189847 0.200025 216
0.443653 -0.120303 0.196611 236
0.310211 0.126274 0.221620 233
0.233680 0.198977 0.226956 232
0.170717 0.063074 0.241963 213
0.489754 0.711772 0.063252 258
0.559738 0.828668 0.000000 259
0.416016 0.817037 0.039935 242
0.416016 0.817037 0.039935 242
0.457062 0.889433 0.000000 245
0.347880 0.937538 0.000000 224
0.306367 0.849970 0.045953 222
0.416016 0.817037 0.039935 242
0.347880 0.937538 0.000000 224
0.233746 0.972296 0.000000 202
0.306367 0.849970 0.045953 222
0.347880 0.937538 0.000000 224
0.193534 0.869635 0.052043 200
0.159935 0.714433 0.115663 201
0.266057 0.716434 0.104224 223
0.489754 0.711772 0.063252 258
0.591297 0.667732 0.051587 277
0.559738 0.828668 0.000000 259
0.383849 0.743293 0.074845 243
0.489754 0.711772 0.063252 258
0.416016 0.817037 0.039935 242
0.364026 0.667088 0.105670 244
0.416325 0.535536 0.135164 256
0.459063 0.619218 0.101407 260
-0.008031 0.660992 0.140716 176
0.100463 0.628917 0.148523 199
0.059700 0.757628 0.105528 178
0.193534 0.869635 0.052043 200
0.233746 0.972296 0.000000 202
0.116284 0.993214 0.000000 179
0.079591 0.875470 0.056604 177
0.059700 0.757628 0.105528 178
0.193534 0.869635 0.052043 200
-0.002833 0.999994 0.000000 157
0.079591 0.875470 0.056604 177
0.116284 0.993214 0.000000 179
-0.040775 0.800925 0.089038 156
0.059700 0.757628 0.105528 178
0.079591 0.875470 0.056604 177
0.266057 0.716434 0.104224 223
0.364026 0.667088 0.105670 244
0.383849 0.743293 0.074845 243
0.306367 0.849970 0.045953 222
0.266057 0.716434 0.104224 223
0.383849 0.743293 0.074845 243
0.159935 0.714433 0.115663 201
0.207783 0.597189 0.150288 220
0.266057 0.716434 0.104224 223
0.100463 0.628917 0.148523 199
0.207783 0.597189 0.150288 220
0.159935 0.714433 0.115663 201
0.007064 0.574243 0.167494 175
0.022159 0.487493 0.190448 197
0.107941 0.531337 0.176441 198
-0.088456 0.629282 0.148859 153
0.007064 0.574243 0.167494 175
-0.008031 0.660992 0.140716 176
-0.073347 0.542524 0.174979 174
0.022159 0.487493 0.190448 197
0.007064 0.574243 0.167494 175
0.107941 0.531337 0.176441 198
0.207783 0.597189 0.150288 220
0.100463 0.628917 0.148523 199
0.383849 0.743293 0.074845 243
0.416016 0.817037 0.039935 242
0.306367 0.849970 0.045953 222
0.193534 0.869635 0.052043 200
0.266057 0.716434 0.104224 223
0.306367 0.849970 0.045953 222
0.364026 0.667088 0.105670 244
0.489754 0.711772 0.063252 258
0.383849 0.743293 0.074845 243
0.059700 0.757628 0.105528 178
0.159935 0.714433 0.115663 201
0.193534 0.869635 0.052043 200
0.116284 0.993214 0.000000 179
0.079591 0.875470 0.056604 177
0.193534 0.869635 0.052043 200
-0.040775 0.800925 0.089038 156
-0.008031 0.660992 0.140716 176
0.059700 0.757628 0.105528 178
-0.021804 0.900460 0.046629 155
-0.121909 0.992540 0.000000 133
-0.144912 0.845801 0.065772 132
-0.144912 0.845801 0.065772 132
-0.236032 0.805036 0.073966 131
-0.123001 0.764140 0.100185 154
-0.040775 0.800925 0.089038 156
-0.144912 0.845801 0.065772 132
-0.123001 0.764140 0.100185 154
-0.121909 0.992540 0.000000 133
-0.239250 0.970956 0.000000 108
-0.144912 0.845801 0.065772 132
-0.239250 0.970956 0.000000 108
-0.236032 0.805036 0.073966 131
-0.144912 0.845801 0.065772 132
0.309232 0.607749 0.133575 240
0.364026 0.667088 0.105670 244
0.266057 0.716434 0.104224 223
0.188550 0.474362 0.184830 221
0.161083 0.343122 0.214268 238
0.269159 0.417388 0.188081 241
0.416325 0.535536 0.135164 256
0.364026 0.667088 0.105670 244
0.309232 0.607749 0.133575 240
0.502783 0.495602 0.125282 275
0.544845 0.408203 0.133895 287
0.621851 0.474774 0.096797 295
0.467840 0.341632 0.166085 276
0.451466 0.419857 0.154625 269
0.358086 0.431512 0.171682 257
0.467840 0.341632 0.166085 276
0.544845 0.408203 0.133895 287
0.451466 0.419857 0.154625 269
0.390834 0.275061 0.193101 272
0.467840 0.341632 0.166085 276
0.358086 0.431512 0.171682 257
0.390834 0.275061 0.193101 272
0.448852 0.199461 0.189865 273
0.518304 0.257083 0.166386 293
0.321285 0.214170 0.212891 252
0.390834 0.275061 0.193101 272
0.299847 0.327488 0.200660 253
0.599004 0.330882 0.132912 296
0.518304 0.257083 0.166386 293
0.653162 0.253562 0.127333 311
0.459063 0.619218 0.101407 260
0.489754 0.711772 0.063252 258
0.364026 0.667088 0.105670 244
0.502783 0.495602 0.125282 275
0.459063 0.619218 0.101407 260
0.416325 0.535536 0.135164 256
0.554101 0.571348 0.091291 279
0.591297 0.667732 0.051587 277
0.459063 0.619218 0.101407 260
-0.021804 0.900460 0.046629 155
-0.040775 0.800925 0.089038 156
0.079591 0.875470 0.056604 177
-0.002833 0.999994 0.000000 157
-0.021804 0.900460 0.046629 155
0.079591 0.875470 0.056604 177
-0.002833 0.999994 0.000000 157
-0.121909 0.992540 0.000000 133
-0.021804 0.900460 0.046629 155
0.161083 0.343122 0.214268 238
0.133791 0.234717 0.231453 218
0.233680 0.198977 0.226956 232
0.358086 0.431512 0.171682 257
0.306104 0.514329 0.160458 239
0.269159 0.417388 0.188081 241
0.014252 0.345184 0.220520 217
-0.069868 0.307586 0.225054 194
-0.000791 0.217018 0.238218 195
0.115419 0.433756 0.199324 219
0.014252 0.345184 0.220520 217
0.161083 0.343122 0.214268 238
0.022159 0.487493 0.190448 197
-0.073347 0.542524 0.174979 174
-0.089715 0.389547 0.210399 196
0.115419 0.433756 0.199324 219
0.022159 0.487493 0.190448 197
0.014252 0.345184 0.220520 217
0.107941 0.531337 0.176441 198
0.100463 0.628917 0.148523 199
0.007064 0.574243 0.167494 175
0.115419 0.433756 0.199324 219
0.107941 0.531337 0.176441 198
0.022159 0.487493 0.190448 197
0.115419 0.433756 0.199324 219
0.161083 0.343122 0.214268 238
0.188550 0.474362 0.184830 221
0.306104 0.514329 0.160458 239
0.309232 0.607749 0.133575 240
0.207783 0.597189 0.150288 220
0.188550 0.474362 0.184830 221
0.269159 0.417388 0.188081 241
0.306104 0.514329 0.160458 239
0.107941 0.531337 0.176441 198
0.188550 0.474362 0.184830 221
0.207783 0.597189 0.150288 220
0.107941 0.531337 0.176441 198
0.115419 0.433756 0.199324 219
0.188550 0.474362 0.184830 221
0.358086 0.431512 0.171682 257
0.416325 0.535536 0.135164 256
0.306104 0.514329 0.160458 239
0.390834 0.275061 0.193101 272
0.358086 0.431512 0.171682 257
0.299847 0.327488 0.200660 253
0.416325 0.535536 0.135164 256
0.309232 0.607749 0.133575 240
0.306104 0.514329 0.160458 239
0.100463 0.628917 0.148523 199
-0.008031 0.660992 0.140716 176
0.007064 0.574243 0.167494 175
-0.168881 0.597571 0.153205 152
-0.266564 0.653856 0.124689 129
-0.239284 0.542996 0.161576 151
0.007064 0.574243 0.167494 175
-0.088456 0.629282 0.148859 153
-0.073347 0.542524 0.174979 174
-0.088456 0.629282 0.148859 153
-0.194783 0.708998 0.114679 130
-0.168881 0.597571 0.153205 152
-0.021804 0.900460 0.046629 155
-0.144912 0.845801 0.065772 132
-0.040775 0.800925 0.089038 156
-0.194783 0.708998 0.114679 130
-0.266564 0.653856 0.124689 129
-0.168881 0.597571 0.153205 152
-0.236032 0.805036 0.073966 131
-0.194783 0.708998 0.114679 130
-0.123001 0.764140 0.100185 154
-0.236032 0.805036 0.073966 131
-0.338989 0.758837 0.077647 106
-0.194783 0.708998 0.114679 130
-0.266564 0.653856 0.124689 129
-0.194783 0.708998 0.114679 130
-0.338989 0.758837 0.077647 106
-0.342868 0.594707 0.131975 128
-0.266564 0.653856 0.124689 129
-0.338989 0.758837 0.077647 106
-0.520621 0.573418 0.099897 103
-0.411584 0.526891 0.138016 126
-0.446584 0.646485 0.095543 105
-0.302687 0.480424 0.169033 149
-0.239284 0.542996 0.161576 151
-0.342868 0.594707 0.131975 128
-0.239284 0.542996 0.161576 151
-0.137979 0.492422 0.184091 173
-0.168881 0.597571 0.153205 152
-0.213512 0.279085 0.219732 171
-0.089715 0.389547 0.210399 196
-0.196185 0.434979 0.192850 172
-0.008031 0.660992 0.140716 176
-0.040775 0.800925 0.089038 156
-0.123001 0.764140 0.100185 154
-0.353185 0.935552 0.000000 84
-0.349062 0.845933 0.040956 107
-0.239250 0.970956 0.000000 108
0.014252 0.345184 0.220520 217
-0.000791 0.217018 0.238218 195
0.133791 0.234717 0.231453 218
-0.411584 0.526891 0.138016 126
-0.342868 0.594707 0.131975 128
-0.446584 0.646485 0.095543 105
-0.383305 0.419734 0.168847 127
-0.411584 0.526891 0.138016 126
-0.490683 0.458154 0.137095 104
-0.383305 0.419734 0.168847 127
-0.302687 0.480424 0.169033 149
-0.411584 0.526891 0.138016 126
-0.290358 -0.015978 0.229597 141
-0.405753 -0.010775 0.209235 119
-0.402094 -0.094501 0.207646 118
-0.171473 0.048822 0.242412 164
-0.290358 -0.015978 0.229597 141
-0.173715 -0.091156 0.240761 140
-0.171473 0.048822 0.242412 164
-0.269631 0.136162 0.227769 145
-0.290358 -0.015978 0.229597 141
-0.069868 0.307586 0.225054 194
-0.213512 0.279085 0.219732 171
-0.136190 0.184298 0.237144 170
-0.357246 0.234703 0.204257 146
-0.430978 0.342537 0.173942 125
-0.469118 0.260213 0.177904 121
-0.349062 0.845933 0.040956 107
-0.338989 0.758837 0.077647 106
-0.236032 0.805036 0.073966 131
-0.462093 0.886830 0.000000 83
-0.349062 0.845933 0.040956 107
-0.353185 0.935552 0.000000 84
-0.462093 0.886830 0.000000 83
-0.464341 0.767816 0.048671 82
-0.349062 0.845933 0.040956 107
-0.464341 0.767816 0.048671 82
-0.446584 0.646485 0.095543 105
-0.338989 0.758837 0.077647 106
-0.564423 0.825484 0.000000 59
-0.464341 0.767816 0.048671 82
-0.462093 0.886830 0.000000 83
-0.564423 0.825484 0.000000 59
-0.658719 0.752387 0.000000 58
-0.552591 0.699406 0.051302 81
-0.552591 0.699406 0.051302 81
-0.632065 0.620972 0.053646 79
-0.520621 0.573418 0.099897 103
-0.564423 0.825484 0.000000 59
-0.552591 0.699406 0.051302 81
-0.464341 0.767816 0.048671 82
-0.658719 0.752387 0.000000 58
-0.632065 0.620972 0.053646 79
-0.552591 0.699406 0.051302 81
-0.552591 0.699406 0.051302 81
-0.446584 0.646485 0.095543 105
-0.464341 0.767816 0.048671 82
0.666738 0.578399 0.055204 297
0.554101 0.571348 0.091291 279
0.621851 0.474774 0.096797 295
0.814699 0.579882 0.000000 315
0.666738 0.578399 0.055204 297
0.721342 0.458640 0.067579 313
0.739838 0.672783 0.000000 298
0.591297 0.667732 0.051587 277
0.666738 0.578399 0.055204 297
0.901692 -0.104767 0.043960 281
0.985055 -0.172233 0.000000 264
0.996652 -0.074014 0.000000 282
1.000043 0.001142 0.000000 285
0.968244 0.013222 0.015609 301
0.996652 -0.074014 0.000000 282
0.294777 -0.506318 0.164200 167
0.340212 -0.377153 0.185618 191
0.241920 -0.422544 0.190309 166
0.294777 -0.506318 0.164200 167
0.386203 -0.450007 0.162026 192
0.340212 -0.377153 0.185618 191
0.434637 -0.714654 0.075312 158
0.366944 -0.574431 0.134267 169
0.304197 -0.695221 0.106134 147
0.434637 -0.714654 0.075312 158
0.535419 -0.667852 0.066671 160
0.486231 -0.590129 0.103731 180
0.437579 -0.332190 0.174705 214
0.566238 -0.339118 0.141285 225
0.536410 -0.254065 0.162070 235
0.366944 -0.574431 0.134267 169
0.486231 -0.590129 0.103731 180
0.449685 -0.508678 0.134374 184
0.545474 -0.478770 0.118271 203
0.638202 -0.436463 0.100491 206
0.566238 -0.339118 0.141285 225
0.449685 -0.508678 0.134374 184
0.545474 -0.478770 0.118271 203
0.483908 -0.433731 0.144068 207
0.582846 -0.545710 0.090594 183
0.638202 -0.436463 0.100491 206
0.545474 -0.478770 0.118271 203
0.694700 -0.514794 0.063072 204
0.638202 -0.436463 0.100491 206
0.582846 -0.545710 0.090594 183
0.795708 -0.605678 0.000000 205
0.694700 -0.514794 0.063072 204
0.657506 -0.638710 0.040025 181
0.795708 -0.605678 0.000000 205
0.862179 -0.506601 0.000000 208
0.795875 -0.458678 0.039291 226
0.483908 -0.433731 0.144068 207
0.437579 -0.332190 0.174705 214
0.386203 -0.450007 0.162026 192
0.659692 -0.310410 0.116904 228
0.566238 -0.339118 0.141285 225
0.638202 -0.436463 0.100491 206
0.768514 -0.255311 0.086394 248
0.659692 -0.310410 0.116904 228
0.741070 -0.403075 0.072194 227
0.768514 -0.255311 0.086394 248
0.723398 -0.180914 0.111089 261
0.628496 -0.244026 0.136440 246
0.437579 -0.332190 0.174705 214
0.340212 -0.377153 0.185618 191
0.386203 -0.450007 0.162026 192
0.566238 -0.339118 0.141285 225
0.437579 -0.332190 0.174705 214
0.483908 -0.433731 0.144068 207
0.536410 -0.254065 0.162070 235
0.406375 -0.189847 0.200025 216
0.437579 -0.332190 0.174705 214
0.901692 -0.104767 0.043960 281
0.830571 -0.190529 0.068185 263
0.879692 -0.244748 0.041528 262
0.879692 -0.244748 0.041528 262
0.768514 -0.255311 0.086394 248
0.819350 -0.332834 0.054482 247
0.985055 -0.172233 0.000000 264
0.901692 -0.104767 0.043960 281
0.879692 -0.244748 0.041528 262
0.901692 -0.104767 0.043960 281
0.793861 -0.076984 0.091181 280
0.830571 -0.190529 0.068185 263
0.819350 -0.332834 0.054482 247
0.795875 -0.458678 0.039291 226
0.916377 -0.400312 0.000000 229
0.879692 -0.244748 0.041528 262
0.830571 -0.190529 0.068185 263
0.768514 -0.255311 0.086394 248
0.957531 -0.288325 0.000000 249
0.879692 -0.244748 0.041528 262
0.819350 -0.332834 0.054482 247
0.957531 -0.288325 0.000000 249
0.985055 -0.172233 0.000000 264
0.879692 -0.244748 0.041528 262
0.657506 -0.638710 0.040025 181
0.717910 -0.696134 0.000000 182
0.795708 -0.605678 0.000000 205
0.694700 -0.514794 0.063072 204
0.582846 -0.545710 0.090594 183
0.657506 -0.638710 0.040025 181
0.659692 -0.310410 0.116904 228
0.638202 -0.436463 0.100491 206
0.741070 -0.403075 0.072194 227
0.566238 -0.339118 0.141285 225
0.483908 -0.433731 0.144068 207
0.545474 -0.478770 0.118271 203
0.366944 -0.574431 0.134267 169
0.294777 -0.506318 0.164200 167
0.211216 -0.625039 0.141520 144
0.795875 -0.458678 0.039291 226
0.694700 -0.514794 0.063072 204
0.795708 -0.605678 0.000000 205
0.916377 -0.400312 0.000000 229
0.795875 -0.458678 0.039291 226
0.862179 -0.506601 0.000000 208
0.741070 -0.403075 0.072194 227
0.694700 -0.514794 0.063072 204
0.795875 -0.458678 0.039291 226
0.741070 -0.403075 0.072194 227
0.638202 -0.436463 0.100491 206
0.694700 -0.514794 0.063072 204
0.657506 -0.638710 0.040025 181
0.629893 -0.776680 0.000000 159
0.717910 -0.696134 0.000000 182
0.486231 -0.590129 0.103731 180
0.582846 -0.545710 0.090594 183
0.545474 -0.478770 0.118271 203
0.434637 -0.714654 0.075312 158
0.486231 -0.590129 0.103731 180
0.366944 -0.574431 0.134267 169
0.535419 -0.667852 0.066671 160
0.582846 -0.545710 0.090594 183
0.486231 -0.590129 0.103731 180
0.534182 -0.755707 0.034997 136
0.535419 -0.667852 0.066671 160
0.434637 -0.714654 0.075312 158
0.532909 -0.846171 0.000000 135
0.534182 -0.755707 0.034997 136
0.434637 -0.714654 0.075312 158
0.532909 -0.846171 0.000000 135
0.629893 -0.776680 0.000000 159
0.534182 -0.755707 0.034997 136
0.657506 -0.638710 0.040025 181
0.582846 -0.545710 0.090594 183
0.535419 -0.667852 0.066671 160
0.449685 -0.508678 0.134374 184
0.486231 -0.590129 0.103731 180
0.545474 -0.478770 0.118271 203
0.386203 -0.450007 0.162026 192
0.449685 -0.508678 0.134374 184
0.483908 -0.433731 0.144068 207
0.386203 -0.450007 0.162026 192
0.366944 -0.574431 0.134267 169
0.449685 -0.508678 0.134374 184
0.248946 -0.830061 0.062398 123
0.358538 -0.801399 0.057585 134
0.304197 -0.695221 0.106134 147
0.534182 -0.755707 0.034997 136
0.629893 -0.776680 0.000000 159
0.535419 -0.667852 0.066671 160
0.052073 -0.475015 0.193173 115
0.196148 -0.503394 0.176920 142
0.149090 -0.405587 0.203178 143
-0.090760 -0.657288 0.139816 67
0.022527 -0.757414 0.106758 91
0.005923 -0.605429 0.158377 92
0.117228 -0.690977 0.127314 116
0.211216 -0.625039 0.141520 144
0.101766 -0.554020 0.170354 117
0.137099 -0.845125 0.067106 100
0.198160 -0.708560 0.114558 124
0.117228 -0.690977 0.127314 116
0.211216 -0.625039 0.141520 144
0.196148 -0.503394 0.176920 142
0.101766 -0.554020 0.170354 117
0.304197 -0.695221 0.106134 147
0.211216 -0.625039 0.141520 144
0.198160 -0.708560 0.114558 124
0.304197 -0.695221 0.106134 147
0.366944 -0.574431 0.134267 169
0.211216 -0.625039 0.141520 144
0.358538 -0.801399 0.057585 134
0.434637 -0.714654 0.075312 158
0.304197 -0.695221 0.106134 147
0.317673 -0.948199 0.000000 110
0.358538 -0.801399 0.057585 134
0.248946 -0.830061 0.062398 123
0.428340 -0.903616 0.000000 109
0.532909 -0.846171 0.000000 135
0.358538 -0.801399 0.057585 134
0.535419 -0.667852 0.066671 160
0.629893 -0.776680 0.000000 159
0.657506 -0.638710 0.040025 181
0.137099 -0.845125 0.067106 100
0.022527 -0.757414 0.106758 91
0.024660 -0.846438 0.070752 76
0.428340 -0.903616 0.000000 109
0.358538 -0.801399 0.057585 134
0.317673 -0.948199 0.000000 110
0.248946 -0.830061 0.062398 123
0.198160 -0.708560 0.114558 124
0.137099 -0.845125 0.067106 100
0.137099 -0.845125 0.067106 100
0.024660 -0.846438 0.070752 76
0.084413 -0.996429 0.000000 77
0.248946 -0.830061 0.062398 123
0.137099 -0.845125 0.067106 100
0.202484 -0.979284 0.000000 101
0.248946 -0.830061 0.062398 123
0.304197 -0.695221 0.106134 147
0.198160 -0.708560 0.114558 124
-0.073858 -0.825033 0.078159 66
0.022527 -0.757414 0.106758 91
-0.085156 -0.740329 0.110629 65
0.084413 -0.996429 0.000000 77
0.024660 -0.846438 0.070752 76
-0.034860 -0.999391 0.000000 54
0.084413 -0.996429 0.000000 77
0.202484 -0.979284 0.000000 101
0.137099 -0.845125 0.067106 100
-0.064087 -0.916963 0.038142 53
-0.171600 -0.893604 0.042806 42
-0.153636 -0.988126 0.000000 34
0.024660 -0.846438 0.070752 76
-0.064087 -0.916963 0.038142 53
-0.034860 -0.999391 0.000000 54
-0.073858 -0.825033 0.078159 66
-0.085156 -0.740329 0.110629 65
-0.183121 -0.800668 0.081081 41
0.024660 -0.846438 0.070752 76
-0.073858 -0.825033 0.078159 66
-0.064087 -0.916963 0.038142 53
0.024660 -0.846438 0.070752 76
0.022527 -0.757414 0.106758 91
-0.073858 -0.825033 0.078159 66
-0.171600 -0.893604 0.042806 42
-0.282726 -0.862018 0.044119 21
-0.270226 -0.962795 0.000000 23
-0.034860 -0.999391 0.000000 54
-0.064087 -0.916963 0.038142 53
-0.153636 -0.988126 0.000000 34
-0.183121 -0.800668 0.081081 41
-0.288068 -0.763122 0.083457 22
-0.282726 -0.862018 0.044119 21
-0.064087 -0.916963 0.038142 53
-0.073858 -0.825033 0.078159 66
-0.171600 -0.893604 0.042806 42
-0.189084 -0.710028 0.114737 43
-0.090760 -0.657288 0.139816 67
-0.164121 -0.610051 0.150024 64
-0.090760 -0.657288 0.139816 67
-0.189084 -0.710028 0.114737 43
-0.085156 -0.740329 0.110629 65
-0.467299 -0.646724 0.090678 18
-0.482454 -0.757054 0.048441 5
-0.374740 -0.707313 0.089658 20
-0.282726 -0.862018 0.044119 21
-0.171600 -0.893604 0.042806 42
-0.183121 -0.800668 0.081081 41
-0.270226 -0.962795 0.000000 23
-0.282726 -0.862018 0.044119 21
-0.382968 -0.923760 0.000000 7
-0.210601 -0.464984 0.184744 87
-0.154265 -0.524262 0.174973 88
-0.075943 -0.460136 0.195896 113
-0.318390 -0.499892 0.161953 61
-0.210601 -0.464984 0.184744 87
-0.259476 -0.399419 0.193110 85
-0.257024 -0.564462 0.153578 62
-0.154265 -0.524262 0.174973 88
-0.210601 -0.464984 0.184744 87
-0.362094 -0.605567 0.125317 38
-0.257024 -0.564462 0.153578 62
-0.318390 -0.499892 0.161953 61
-0.189084 -0.710028 0.114737 43
-0.183121 -0.800668 0.081081 41
-0.085156 -0.740329 0.110629 65
-0.269078 -0.658519 0.123272 40
-0.189084 -0.710028 0.114737 43
-0.164121 -0.610051 0.150024 64
-0.269078 -0.658519 0.123272 40
-0.288068 -0.763122 0.083457 22
-0.189084 -0.710028 0.114737 43
-0.374740 -0.707313 0.089658 20
-0.269078 -0.658519 0.123272 40
-0.362094 -0.605567 0.125317 38
-0.288068 -0.763122 0.083457 22
-0.183121 -0.800668 0.081081 41
-0.189084 -0.710028 0.114737 43
-0.270226 -0.962795 0.000000 23
-0.153636 -0.988126 0.000000 34
-0.171600 -0.893604 0.042806 42
0.990825 0.017412 0.004465 286
0.990516 0.028697 0.004474 283
0.968244 0.013222 0.015609 301
1.000043 0.001142 0.000000 285
0.990825 0.017412 0.004465 286
0.968244 0.013222 0.015609 301
0.999872 0.016022 0.000000 267
0.999751 0.022304 0.000000 268
0.990825 0.017412 0.004465 286
-0.282726 -0.862018 0.044119 21
-0.288068 -0.763122 0.083457 22
-0.388974 -0.817246 0.045095 6
-0.374740 -0.707313 0.089658 20
-0.288068 -0.763122 0.083457 22
-0.269078 -0.658519 0.123272 40
-0.467299 -0.646724 0.090678 18
-0.374740 -0.707313 0.089658 20
-0.362094 -0.605567 0.125317 38
-0.388974 -0.817246 0.045095 6
-0.288068 -0.763122 0.083457 22
-0.374740 -0.707313 0.089658 20
-0.490260 -0.871575 0.000000 2
-0.388974 -0.817246 0.045095 6
-0.482454 -0.757054 0.048441 5
-0.382968 -0.923760 0.000000 7
-0.282726 -0.862018 0.044119 21
-0.388974 -0.817246 0.045095 6
0.117228 -0.690977 0.127314 116
0.005923 -0.605429 0.158377 92
0.022527 -0.757414 0.106758 91
-0.666259 -0.400334 0.098851 44
-0.592377 -0.288329 0.141388 68
-0.707269 -0.303824 0.101799 47
-0.718484 -0.518327 0.053712 24
-0.651749 -0.607851 0.051356 9
-0.601126 -0.487925 0.100020 25
-0.835976 -0.548764 0.000000 14
-0.718484 -0.518327 0.053712 24
-0.780820 -0.422815 0.052837 27
-0.835976 -0.548764 0.000000 14
-0.764670 -0.644420 0.000000 8
-0.718484 -0.518327 0.053712 24
-0.486304 -0.458180 0.138209 39
-0.371629 -0.428473 0.169306 60
-0.442174 -0.356361 0.169109 63
-0.477657 -0.272856 0.174203 69
-0.554132 -0.378331 0.137283 45
-0.442174 -0.356361 0.169109 63
-0.428603 -0.535585 0.132153 37
-0.362094 -0.605567 0.125317 38
-0.318390 -0.499892 0.161953 61
-0.538958 -0.571323 0.095630 19
-0.428603 -0.535585 0.132153 37
-0.486304 -0.458180 0.138209 39
-0.538958 -0.571323 0.095630 19
-0.467299 -0.646724 0.090678 18
-0.428603 -0.535585 0.132153 37
-0.482454 -0.757054 0.048441 5
-0.467299 -0.646724 0.090678 18
-0.574827 -0.688790 0.048698 4
-0.538958 -0.571323 0.095630 19
-0.486304 -0.458180 0.138209 39
-0.601126 -0.487925 0.100020 25
-0.428603 -0.535585 0.132153 37
-0.371629 -0.428473 0.169306 60
-0.486304 -0.458180 0.138209 39
-0.269078 -0.658519 0.123272 40
-0.257024 -0.564462 0.153578 62
-0.362094 -0.605567 0.125317 38
-0.210601 -0.464984 0.184744 87
-0.147357 -0.370374 0.210251 112
-0.259476 -0.399419 0.193110 85
-0.554132 -0.378331 0.137283 45
-0.592377 -0.288329 0.141388 68
-0.666259 -0.400334 0.098851 44
-0.601126 -0.487925 0.100020 25
-0.554132 -0.378331 0.137283 45
-0.666259 -0.400334 0.098851 44
-0.486304 -0.458180 0.138209 39
-0.442174 -0.356361 0.169109 63
-0.554132 -0.378331 0.137283 45
-0.332358 -0.334811 0.193767 86
-0.442174 -0.356361 0.169109 63
-0.371629 -0.428473 0.169306 60
-0.365133 -0.257680 0.199975 89
-0.388489 -0.177195 0.204187 94
-0.477657 -0.272856 0.174203 69
-0.318390 -0.499892 0.161953 61
-0.259476 -0.399419 0.193110 85
-0.371629 -0.428473 0.169306 60
-0.075943 -0.460136 0.195896 113
-0.147357 -0.370374 0.210251 112
-0.210601 -0.464984 0.184744 87
-0.060916 -0.562391 0.170036 90
-0.075943 -0.460136 0.195896 113
-0.154265 -0.524262 0.174973 88
0.002379 -0.396011 0.210884 139
-0.077985 -0.320828 0.222532 138
-0.075943 -0.460136 0.195896 113
0.002379 -0.396011 0.210884 139
0.071610 -0.313650 0.224105 163
-0.008613 -0.271281 0.231657 162
-0.477657 -0.272856 0.174203 69
-0.592377 -0.288329 0.141388 68
-0.554132 -0.378331 0.137283 45
-0.365133 -0.257680 0.199975 89
-0.477657 -0.272856 0.174203 69
-0.442174 -0.356361 0.169109 63
-0.388489 -0.177195 0.204187 94
-0.402094 -0.094501 0.207646 118
-0.502944 -0.185721 0.178095 93
-0.223002 -0.313352 0.213033 111
-0.274515 -0.168705 0.224571 114
-0.365133 -0.257680 0.199975 89
-0.517672 -0.096193 0.180825 96
-0.635505 -0.097919 0.146725 72
-0.619631 -0.194413 0.144548 71
-0.502944 -0.185721 0.178095 93
-0.517672 -0.096193 0.180825 96
-0.619631 -0.194413 0.144548 71
-0.592377 -0.288329 0.141388 68
-0.502944 -0.185721 0.178095 93
-0.619631 -0.194413 0.144548 71
-0.477657 -0.272856 0.174203 69
-0.388489 -0.177195 0.204187 94
-0.502944 -0.185721 0.178095 93
-0.402094 -0.094501 0.207646 118
-0.405753 -0.010775 0.209235 119
-0.517672 -0.096193 0.180825 96
-0.274515 -0.168705 0.224571 114
-0.402094 -0.094501 0.207646 118
-0.388489 -0.177195 0.204187 94
-0.521633 -0.005549 0.182231 95
-0.639775 -0.000222 0.147873 70
-0.635505 -0.097919 0.146725 72
-0.517672 -0.096193 0.180825 96
-0.521633 -0.005549 0.182231 95
-0.635505 -0.097919 0.146725 72
-0.405753 -0.010775 0.209235 119
-0.399414 0.072791 0.209097 120
-0.514771 0.084922 0.182081 97
-0.482454 -0.757054 0.048441 5
-0.574827 -0.688790 0.048698 4
-0.590573 -0.806983 0.000000 1
-0.382968 -0.923760 0.000000 7
-0.388974 -0.817246 0.045095 6
-0.490260 -0.871575 0.000000 2
-0.467299 -0.646724 0.090678 18
-0.538958 -0.571323 0.095630 19
-0.574827 -0.688790 0.048698 4
-0.388974 -0.817246 0.045095 6
-0.374740 -0.707313 0.089658 20
-0.482454 -0.757054 0.048441 5
-0.362094 -0.605567 0.125317 38
-0.428603 -0.535585 0.132153 37
-0.467299 -0.646724 0.090678 18
-0.332358 -0.334811 0.193767 86
-0.223002 -0.313352 0.213033 111
-0.365133 -0.257680 0.199975 89
-0.257024 -0.564462 0.153578 62
-0.210601 -0.464984 0.184744 87
-0.318390 -0.499892 0.161953 61
-0.147357 -0.370374 0.210251 112
-0.223002 -0.313352 0.213033 111
-0.259476 -0.399419 0.193110 85
-0.718484 -0.518327 0.053712 24
-0.601126 -0.487925 0.100020 25
-0.666259 -0.400334 0.098851 44
-0.682479 -0.730904 0.000000 3
-0.651749 -0.607851 0.051356 9
-0.764670 -0.644420 0.000000 8
-0.538958 -0.571323 0.095630 19
-0.601126 -0.487925 0.100020 25
-0.651749 -0.607851 0.051356 9
-0.824656 -0.319657 0.054405 28
-0.707269 -0.303824 0.101799 47
-0.736493 -0.203118 0.104070 48
-0.371629 -0.428473 0.169306 60
-0.428603 -0.535585 0.132153 37
-0.318390 -0.499892 0.161953 61
-0.682479 -0.730904 0.000000 3
-0.574827 -0.688790 0.048698 4
-0.651749 -0.607851 0.051356 9
-0.682479 -0.730904 0.000000 3
-0.590573 -0.806983 0.000000 1
-0.574827 -0.688790 0.048698 4
-0.402094 -0.094501 0.207646 118
-0.274515 -0.168705 0.224571 114
-0.290358 -0.015978 0.229597 141
-0.482454 -0.757054 0.048441 5
-0.590573 -0.806983 0.000000 1
-0.490260 -0.871575 0.000000 2
-0.651749 -0.607851 0.051356 9
-0.574827 -0.688790 0.048698 4
-0.538958 -0.571323 0.095630 19
-0.707269 -0.303824 0.101799 47
-0.592377 -0.288329 0.141388 68
-0.619631 -0.194413 0.144548 71
-0.855893 -0.212012 0.055617 29
-0.824656 -0.319657 0.054405 28
-0.736493 -0.203118 0.104070 48
-0.554132 -0.378331 0.137283 45
-0.601126 -0.487925 0.100020 25
-0.486304 -0.458180 0.138209 39
-0.780820 -0.422815 0.052837 27
-0.666259 -0.400334 0.098851 44
-0.707269 -0.303824 0.101799 47
-0.780820 -0.422815 0.052837 27
-0.718484 -0.518327 0.053712 24
-0.666259 -0.400334 0.098851 44
-0.835976 -0.548764 0.000000 14
-0.780820 -0.422815 0.052837 27
-0.895382 -0.445295 0.000000 11
-0.718484 -0.518327 0.053712 24
-0.764670 -0.644420 0.000000 8
-0.651749 -0.607851 0.051356 9
-0.223002 -0.313352 0.213033 111
-0.142789 -0.227692 0.232379 137
-0.274515 -0.168705 0.224571 114
-0.332358 -0.334811 0.193767 86
-0.259476 -0.399419 0.193110 85
-0.223002 -0.313352 0.213033 111
-0.442174 -0.356361 0.169109 63
-0.332358 -0.334811 0.193767 86
-0.365133 -0.257680 0.199975 89
-0.371629 -0.428473 0.169306 60
-0.259476 -0.399419 0.193110 85
-0.332358 -0.334811 0.193767 86
-0.147357 -0.370374 0.210251 112
-0.142789 -0.227692 0.232379 137
-0.223002 -0.313352 0.213033 111
-0.060916 -0.562391 0.170036 90
0.052073 -0.475015 0.193173 115
-0.075943 -0.460136 0.195896 113
-0.164121 -0.610051 0.150024 64
-0.060916 -0.562391 0.170036 90
-0.154265 -0.524262 0.174973 88
-0.164121 -0.610051 0.150024 64
-0.090760 -0.657288 0.139816 67
-0.060916 -0.562391 0.170036 90
-0.257024 -0.564462 0.153578 62
-0.164121 -0.610051 0.150024 64
-0.154265 -0.524262 0.174973 88
-0.257024 -0.564462 0.153578 62
-0.269078 -0.658519 0.123272 40
-0.164121 -0.610051 0.150024 64
-0.085156 -0.740329 0.110629 65
0.022527 -0.757414 0.106758 91
-0.090760 -0.657288 0.139816 67
0.117228 -0.690977 0.127314 116
0.198160 -0.708560 0.114558 124
0.211216 -0.625039 0.141520 144
0.005923 -0.605429 0.158377 92
0.117228 -0.690977 0.127314 116
0.101766 -0.554020 0.170354 117
0.052073 -0.475015 0.193173 115
0.005923 -0.605429 0.158377 92
0.101766 -0.554020 0.170354 117
-0.060916 -0.562391 0.170036 90
-0.090760 -0.657288 0.139816 67
0.005923 -0.605429 0.158377 92
0.022527 -0.757414 0.106758 91
0.137099 -0.845125 0.067106 100
0.117228 -0.690977 0.127314 116
0.210465 -0.328622 0.211832 168
0.285450 -0.258254 0.212880 193
0.201132 -0.230122 0.226675 188
0.071610 -0.313650 0.224105 163
0.210465 -0.328622 0.211832 168
0.201132 -0.230122 0.226675 188
0.241920 -0.422544 0.190309 166
0.340212 -0.377153 0.185618 191
0.210465 -0.328622 0.211832 168
0.149090 -0.405587 0.203178 143
0.241920 -0.422544 0.190309 166
0.210465 -0.328622 0.211832 168
0.294777 -0.506318 0.164200 167
0.366944 -0.574431 0.134267 169
0.386203 -0.450007 0.162026 192
0.196148 -0.503394 0.176920 142
0.294777 -0.506318 0.164200 167
0.241920 -0.422544 0.190309 166
0.196148 -0.503394 0.176920 142
0.211216 -0.625039 0.141520 144
0.294777 -0.506318 0.164200 167
-0.171473 0.048822 0.242412 164
-0.173715 -0.091156 0.240761 140
-0.064129 -0.026180 0.248907 165
-0.047046 0.099218 0.247116 189
-0.171473 0.048822 0.242412 164
-0.064129 -0.026180 0.248907 165
-0.269631 0.136162 0.227769 145
-0.399414 0.072791 0.209097 120
-0.290358 -0.015978 0.229597 141
-0.632379 0.097289 0.147740 73
-0.639775 -0.000222 0.147873 70
-0.521633 -0.005549 0.182231 95
-0.613422 0.193224 0.146566 75
-0.729835 0.212547 0.105520 52
-0.632379 0.097289 0.147740 73
-0.514771 0.084922 0.182081 97
-0.613422 0.193224 0.146566 75
-0.632379 0.097289 0.147740 73
-0.583174 0.286220 0.144382 98
-0.697400 0.312266 0.103951 74
-0.613422 0.193224 0.146566 75
-0.729835 0.212547 0.105520 52
-0.848776 0.232288 0.056391 33
-0.750162 0.109675 0.106368 50
-0.497182 0.173931 0.180590 99
-0.583174 0.286220 0.144382 98
-0.613422 0.193224 0.146566 75
-0.848776 0.232288 0.056391 33
-0.930814 0.365489 0.000000 32
-0.967718 0.252030 0.000000 17
-0.697400 0.312266 0.103951 74
-0.814107 0.338877 0.055553 51
-0.729835 0.212547 0.105520 52
-0.697400 0.312266 0.103951 74
-0.766990 0.440578 0.054341 55
-0.814107 0.338877 0.055553 51
-0.405753 -0.010775 0.209235 119
-0.521633 -0.005549 0.182231 95
-0.517672 -0.096193 0.180825 96
-0.824656 -0.319657 0.054405 28
-0.780820 -0.422815 0.052837 27
-0.707269 -0.303824 0.101799 47
-0.942043 -0.335489 0.000000 12
-0.824656 -0.319657 0.054405 28
-0.855893 -0.212012 0.055617 29
-0.942043 -0.335489 0.000000 12
-0.895382 -0.445295 0.000000 11
-0.824656 -0.319657 0.054405 28
-0.824656 -0.319657 0.054405 28
-0.895382 -0.445295 0.000000 11
-0.780820 -0.422815 0.052837 27
-0.855893 -0.212012 0.055617 29
-0.975293 -0.220906 0.000000 13
-0.942043 -0.335489 0.000000 12
-0.753515 -0.099647 0.105639 49
-0.855893 -0.212012 0.055617 29
-0.736493 -0.203118 0.104070 48
-0.874088 -0.101413 0.056460 30
-0.975293 -0.220906 0.000000 13
-0.855893 -0.212012 0.055617 29
-0.639775 -0.000222 0.147873 70
-0.758094 0.005114 0.106496 46
-0.753515 -0.099647 0.105639 49
-0.990846 0.134984 0.000000 16
-0.878982 0.010565 0.056943 26
-0.870504 0.122329 0.056849 31
-0.639775 -0.000222 0.147873 70
-0.753515 -0.099647 0.105639 49
-0.635505 -0.097919 0.146725 72
-0.994661 -0.103179 0.000000 15
-0.874088 -0.101413 0.056460 30
-0.878982 0.010565 0.056943 26
-0.994661 -0.103179 0.000000 15
-0.975293 -0.220906 0.000000 13
-0.874088 -0.101413 0.056460 30
-0.999870 0.016016 0.000000 10
-0.994661 -0.103179 0.000000 15
-0.878982 0.010565 0.056943 26
0.983222 0.063950 0.007307 318
0.997368 0.072507 0.000000 307
0.996893 0.078772 0.000000 305
-0.848776 0.232288 0.056391 33
-0.814107 0.338877 0.055553 51
-0.930814 0.365489 0.000000 32
-0.870504 0.122329 0.056849 31
-0.848776 0.232288 0.056391 33
-0.967718 0.252030 0.000000 17
-0.870504 0.122329 0.056849 31
-0.750162 0.109675 0.106368 50
-0.848776 0.232288 0.056391 33
-0.878982 0.010565 0.056943 26
-0.990846 0.134984 0.000000 16
-0.999870 0.016016 0.000000 10
-0.758094 0.005114 0.106496 46
-0.750162 0.109675 0.106368 50
-0.870504 0.122329 0.056849 31
-0.758094 0.005114 0.106496 46
-0.639775 -0.000222 0.147873 70
-0.750162 0.109675 0.106368 50
-0.874088 -0.101413 0.056460 30
-0.758094 0.005114 0.106496 46
-0.878982 0.010565 0.056943 26
-0.753515 -0.099647 0.105639 49
-0.736493 -0.203118 0.104070 48
-0.635505 -0.097919 0.146725 72
-0.874088 -0.101413 0.056460 30
-0.753515 -0.099647 0.105639 49
-0.758094 0.005114 0.106496 46
-0.874088 -0.101413 0.056460 30
-0.855893 -0.212012 0.055617 29
-0.753515 -0.099647 0.105639 49
-0.619631 -0.194413 0.144548 71
-0.635505 -0.097919 0.146725 72
-0.736493 -0.203118 0.104070 48
-0.707269 -0.303824 0.101799 47
-0.619631 -0.194413 0.144548 71
-0.736493 -0.203118 0.104070 48
-0.592377 -0.288329 0.141388 68
-0.477657 -0.272856 0.174203 69
-0.502944 -0.185721 0.178095 93
-0.517672 -0.096193 0.180825 96
-0.502944 -0.185721 0.178095 93
-0.402094 -0.094501 0.207646 118
-0.514771 0.084922 0.182081 97
-0.399414 0.072791 0.209097 120
-0.497182 0.173931 0.180590 99
-0.697400 0.312266 0.103951 74
-0.653320 0.407412 0.101675 78
-0.766990 0.440578 0.054341 55
-0.750162 0.109675 0.106368 50
-0.632379 0.097289 0.147740 73
-0.729835 0.212547 0.105520 52
-0.878982 0.010565 0.056943 26
-0.758094 0.005114 0.106496 46
-0.870504 0.122329 0.056849 31
-0.639775 -0.000222 0.147873 70
-0.632379 0.097289 0.147740 73
-0.750162 0.109675 0.106368 50
-0.583174 0.286220 0.144382 98
-0.653320 0.407412 0.101675 78
-0.697400 0.312266 0.103951 74
-0.967718 0.252030 0.000000 17
-0.990846 0.134984 0.000000 16
-0.870504 0.122329 0.056849 31
-0.729835 0.212547 0.105520 52
-0.814107 0.338877 0.055553 51
-0.848776 0.232288 0.056391 33
-0.708096 0.535944 0.052772 57
-0.632065 0.620972 0.053646 79
-0.743637 0.668581 0.000000 56
-0.880660 0.473745 0.000000 35
-0.766990 0.440578 0.054341 55
-0.817971 0.575257 0.000000 36
-0.598222 0.496631 0.098726 80
-0.490683 0.458154 0.137095 104
-0.520621 0.573418 0.099897 103
-0.880660 0.473745 0.000000 35
-0.814107 0.338877 0.055553 51
-0.766990 0.440578 0.054341 55
-0.542066 0.374950 0.141207 102
-0.430978 0.342537 0.173942 125
-0.490683 0.458154 0.137095 104
-0.213512 0.279085 0.219732 171
-0.069868 0.307586 0.225054 194
-0.089715 0.389547 0.210399 196
-0.322017 0.310745 0.199376 148
-0.357246 0.234703 0.204257 146
-0.213512 0.279085 0.219732 171
-0.383305 0.419734 0.168847 127
-0.322017 0.310745 0.199376 148
-0.277982 0.382049 0.193552 150
-0.430978 0.342537 0.173942 125
-0.357246 0.234703 0.204257 146
-0.322017 0.310745 0.199376 148
-0.136190 0.184298 0.237144 170
-0.047046 0.099218 0.247116 189
-0.000791 0.217018 0.238218 195
-0.269631 0.136162 0.227769 145
-0.136190 0.184298 0.237144 170
-0.213512 0.279085 0.219732 171
-0.269631 0.136162 0.227769 145
-0.171473 0.048822 0.242412 164
-0.136190 0.184298 0.237144 170
-0.171473 0.048822 0.242412 164
-0.047046 0.099218 0.247116 189
-0.136190 0.184298 0.237144 170
-0.142789 -0.227692 0.232379 137
-0.051071 -0.152060 0.243831 161
-0.173715 -0.091156 0.240761 140
0.055286 -0.059248 0.248253 187
0.157199 -0.036160 0.243162 210
0.051588 0.025365 0.249233 190
0.014252 0.345184 0.220520 217
0.133791 0.234717 0.231453 218
0.161083 0.343122 0.214268 238
-0.064129 -0.026180 0.248907 165
0.051588 0.025365 0.249233 190
-0.047046 0.099218 0.247116 189
0.170717 0.063074 0.241963 213
0.233680 0.198977 0.226956 232
0.080134 0.134971 0.243974 212
-0.766990 0.440578 0.054341 55
-0.708096 0.535944 0.052772 57
-0.817971 0.575257 0.000000 36
-0.930814 0.365489 0.000000 32
-0.814107 0.338877 0.055553 51
-0.880660 0.473745 0.000000 35
-0.653320 0.407412 0.101675 78
-0.708096 0.535944 0.052772 57
-0.766990 0.440578 0.054341 55
-0.632065 0.620972 0.053646 79
-0.658719 0.752387 0.000000 58
-0.743637 0.668581 0.000000 56
-0.817971 0.575257 0.000000 36
-0.708096 0.535944 0.052772 57
-0.743637 0.668581 0.000000 56
-0.349062 0.845933 0.040956 107
-0.236032 0.805036 0.073966 131
-0.239250 0.970956 0.000000 108
-0.464341 0.767816 0.048671 82
-0.338989 0.758837 0.077647 106
-0.349062 0.845933 0.040956 107
-0.446584 0.646485 0.095543 105
-0.342868 0.594707 0.131975 128
-0.338989 0.758837 0.077647 106
-0.598222 0.496631 0.098726 80
-0.653320 0.407412 0.101675 78
-0.542066 0.374950 0.141207 102
-0.632065 0.620972 0.053646 79
-0.598222 0.496631 0.098726 80
-0.520621 0.573418 0.099897 103
-0.708096 0.535944 0.052772 57
-0.653320 0.407412 0.101675 78
-0.598222 0.496631 0.098726 80
-0.089715 0.389547 0.210399 196
-0.069868 0.307586 0.225054 194
0.014252 0.345184 0.220520 217
0.022159 0.487493 0.190448 197
-0.089715 0.389547 0.210399 196
0.014252 0.345184 0.220520 217
-0.088456 0.629282 0.148859 153
-0.168881 0.597571 0.153205 152
-0.073347 0.542524 0.174979 174
-0.123001 0.764140 0.100185 154
-0.088456 0.629282 0.148859 153
-0.008031 0.660992 0.140716 176
-0.123001 0.764140 0.100185 154
-0.194783 0.708998 0.114679 130
-0.088456 0.629282 0.148859 153
-0.137979 0.492422 0.184091 173
-0.089715 0.389547 0.210399 196
-0.073347 0.542524 0.174979 174
-0.168881 0.597571 0.153205 152
-0.137979 0.492422 0.184091 173
-0.073347 0.542524 0.174979 174
-0.239284 0.542996 0.161576 151
-0.302687 0.480424 0.169033 149
-0.196185 0.434979 0.192850 172
-0.196185 0.434979 0.192850 172
-0.277982 0.382049 0.193552 150
-0.213512 0.279085 0.219732 171
-0.137979 0.492422 0.184091 173
-0.196185 0.434979 0.192850 172
-0.089715 0.389547 0.210399 196
-0.137979 0.492422 0.184091 173
-0.239284 0.542996 0.161576 151
-0.196185 0.434979 0.192850 172
-0.302687 0.480424 0.169033 149
-0.277982 0.382049 0.193552 150
-0.196185 0.434979 0.192850 172
-0.266564 0.653856 0.124689 129
-0.342868 0.594707 0.131975 128
-0.239284 0.542996 0.161576 151
-0.383305 0.419734 0.168847 127
-0.430978 0.342537 0.173942 125
-0.322017 0.310745 0.199376 148
-0.342868 0.594707 0.131975 128
-0.411584 0.526891 0.138016 126
-0.302687 0.480424 0.169033 149
-0.490683 0.458154 0.137095 104
-0.430978 0.342537 0.173942 125
-0.383305 0.419734 0.168847 127
-0.383168 0.155007 0.207084 122
-0.469118 0.260213 0.177904 121
-0.497182 0.173931 0.180590 99
-0.213512 0.279085 0.219732 171
-0.357246 0.234703 0.204257 146
-0.269631 0.136162 0.227769 145
-0.213512 0.279085 0.219732 171
-0.277982 0.382049 0.193552 150
-0.322017 0.310745 0.199376 148
-0.302687 0.480424 0.169033 149
-0.383305 0.419734 0.168847 127
-0.277982 0.382049 0.193552 150
-0.520621 0.573418 0.099897 103
-0.490683 0.458154 0.137095 104
-0.411584 0.526891 0.138016 126
-0.552591 0.699406 0.051302 81
-0.520621 0.573418 0.099897 103
-0.446584 0.646485 0.095543 105
-0.632065 0.620972 0.053646 79
-0.708096 0.535944 0.052772 57
-0.598222 0.496631 0.098726 80
-0.542066 0.374950 0.141207 102
-0.583174 0.286220 0.144382 98
-0.469118 0.260213 0.177904 121
-0.598222 0.496631 0.098726 80
-0.542066 0.374950 0.141207 102
-0.490683 0.458154 0.137095 104
-0.653320 0.407412 0.101675 78
-0.583174 0.286220 0.144382 98
-0.542066 0.374950 0.141207 102
-0.399414 0.072791 0.209097 120
-0.405753 -0.010775 0.209235 119
-0.290358 -0.015978 0.229597 141
-0.357246 0.234703 0.204257 146
-0.383168 0.155007 0.207084 122
-0.269631 0.136162 0.227769 145
-0.514771 0.084922 0.182081 97
-0.632379 0.097289 0.147740 73
-0.521633 -0.005549 0.182231 95
-0.405753 -0.010775 0.209235 119
-0.514771 0.084922 0.182081 97
-0.521633 -0.005549 0.182231 95
-0.497182 0.173931 0.180590 99
-0.613422 0.193224 0.146566 75
-0.514771 0.084922 0.182081 97
-0.383168 0.155007 0.207084 122
-0.497182 0.173931 0.180590 99
-0.399414 0.072791 0.209097 120
-0.269631 0.136162 0.227769 145
-0.383168 0.155007 0.207084 122
-0.399414 0.072791 0.209097 120
-0.357246 0.234703 0.204257 146
-0.469118 0.260213 0.177904 121
-0.383168 0.155007 0.207084 122
-0.613422 0.193224 0.146566 75
-0.697400 0.312266 0.103951 74
-0.729835 0.212547 0.105520 52
-0.469118 0.260213 0.177904 121
-0.583174 0.286220 0.144382 98
-0.497182 0.173931 0.180590 99
-0.469118 0.260213 0.177904 121
-0.430978 0.342537 0.173942 125
-0.542066 0.374950 0.141207 102
