-0.903483 -0.146108 -87280556251279393558696902932291010777055232.000000 5
-0.992115 -0.125333 774040206847184740918851692117617071693496320.000000 1
-0.968583 -0.248690 -88707088708095828990670263165853673866657792.000000 2
-0.929776 -0.368125 7061154404476083660655945040947690732519424.000000 3
-0.847640 -0.274036 25221651942903230528812586436873406556143616.000000 11
-0.968583 -0.248690 -88707088708095828990670263165853673866657792.000000 2
-0.838383 -0.043527 28230304267036686056041523999940647036387328.000000 12
-1.000000 -0.000000 -66998581762332853435272603738022989050937344.000000 4
-0.903483 -0.146108 -87280556251279393558696902932291010777055232.000000 5
-0.791796 -0.401964 -5379811778318957989540557906128927509708800.000000 10
-0.876307 -0.481754 569750518639071975033494650954396014215168.000000 6
-0.735953 -0.529892 644469087370301651950593997044176683794432.000000 15
-0.664439 -0.453191 2437302889181011764621555680278853651005440.000000 20
-0.592925 -0.376490 453825347761225882225949452310397407199232.000000 33
-0.680489 -0.312940 -5048478223665936370287034302829785990037504.000000 21
-0.616669 -0.529062 -494665642880008645172764538860104511913984.000000 25
-0.664439 -0.453191 2437302889181011764621555680278853651005440.000000 20
-0.735953 -0.529892 644469087370301651950593997044176683794432.000000 15
-0.616669 -0.529062 -494665642880008645172764538860104511913984.000000 25
-0.592925 -0.376490 453825347761225882225949452310397407199232.000000 33
-0.664439 -0.453191 2437302889181011764621555680278853651005440.000000 20
-0.847640 -0.274036 25221651942903230528812586436873406556143616.000000 11
-0.929776 -0.368125 7061154404476083660655945040947690732519424.000000 3
-0.791796 -0.401964 -5379811778318957989540557906128927509708800.000000 10
-0.577982 0.366799 22955538567053517788254742345878580756480.000000 58
-0.479568 0.320346 -11959885573437098752495877945871950675968.000000 75
-0.512882 0.469380 -4404212536449065831499522401460406976512.000000 77
-0.381154 0.273894 -12538221396204332910832501758214094716928.000000 78
-0.528266 0.210023 52858377990283328984214110111941043159040.000000 59
-0.413450 0.155828 25890512121552300454774088328467416350720.000000 60
-0.389865 0.411315 3971950482245129628472971860512153272320.000000 95
-0.479568 0.320346 -11959885573437098752495877945871950675968.000000 75
-0.381154 0.273894 -12538221396204332910832501758214094716928.000000 78
-0.250954 0.479057 -830818003061944531559385616255601868800.000000 114
-0.389865 0.411315 3971950482245129628472971860512153272320.000000 95
-0.266847 0.353249 1440275138150552408224847351121977540608.000000 98
-0.349368 0.525509 -799602122972293531113843734392571166720.000000 113
-0.447782 0.571962 1087965046889621543471656543789567180800.000000 97
-0.389865 0.411315 3971950482245129628472971860512153272320.000000 95
-0.577982 0.366799 22955538567053517788254742345878580756480.000000 58
-0.528266 0.210023 52858377990283328984214110111941043159040.000000 59
-0.479568 0.320346 -11959885573437098752495877945871950675968.000000 75
-0.080876 0.156675 -104924146253805744856348473289252798464.000000 110
-0.042554 0.274619 195507260262632014743688482162735054848.000000 117
-0.162647 0.251030 -907437609786626640094452808865969864704.000000 99
-0.189755 0.129154 2904706394937730934418316475290945060864.000000 93
-0.080876 0.156675 -104924146253805744856348473289252798464.000000 110
-0.162647 0.251030 -907437609786626640094452808865969864704.000000 99
-0.282741 0.227442 1013422610601786566047779857194620551168.000000 79
-0.189755 0.129154 2904706394937730934418316475290945060864.000000 93
-0.162647 0.251030 -907437609786626640094452808865969864704.000000 99
-0.298634 0.101634 -23436485029807090276442803556872242593792.000000 73
-0.216863 0.007278 8583532858572007706875008906433432387584.000000 80
-0.189755 0.129154 2904706394937730934418316475290945060864.000000 93
0.198854 -0.161776 11101937987755923035421405818256359424.000000 141
0.078503 -0.051694 -30544445353132060859546080116350124032.000000 122
0.067288 -0.173570 -136562825931454185880095282763785043968.000000 121
0.125317 0.034143 -66001603082409914755169870823624278016.000000 128
0.020079 0.059698 302353055847182666177586122789276876800.000000 118
0.078503 -0.051694 -30544445353132060859546080116350124032.000000 122
0.196515 -0.037934 13105689506257745030589110410538909696.000000 140
0.125317 0.034143 -66001603082409914755169870823624278016.000000 128
0.078503 -0.051694 -30544445353132060859546080116350124032.000000 122
0.172130 0.119981 -31822882135192781683956400932190683136.000000 137
0.020079 0.059698 302353055847182666177586122789276876800.000000 118
0.125317 0.034143 -66001603082409914755169870823624278016.000000 128
0.282741 0.227442 1797579028633556852088282100002717696.000000 155
0.172130 0.119981 -31822882135192781683956400932190683136.000000 137
0.298634 0.101634 3755704882911578142939735284948926464.000000 156
0.282741 0.227442 1797579028633556852088282100002717696.000000 155
0.163714 0.327039 -3998856550105799395100168221198647296.000000 153
0.167922 0.223510 24271932199557039676532570646535733248.000000 147
-0.080876 0.156675 -104924146253805744856348473289252798464.000000 110
-0.119199 0.038730 -1558792602610918123612080259981786480640.000000 100
0.020079 0.059698 302353055847182666177586122789276876800.000000 118
-0.838383 -0.043527 28230304267036686056041523999940647036387328.000000 12
-0.915249 0.040903 4840021437823761824234527181699705110265856.000000 9
-1.000000 -0.000000 -66998581762332853435272603738022989050937344.000000 4
-0.903483 -0.146108 -87280556251279393558696902932291010777055232.000000 5
-1.000000 -0.000000 -66998581762332853435272603738022989050937344.000000 4
-0.992115 -0.125333 774040206847184740918851692117617071693496320.000000 1
-0.362206 -0.401597 23443492834967098656579267279239879065600.000000 53
-0.378100 -0.527404 -17635195427295627761811951519503745024000.000000 52
-0.272489 -0.433048 1075963115088866311841223799658371874816.000000 67
-0.847640 -0.274036 25221651942903230528812586436873406556143616.000000 11
-0.903483 -0.146108 -87280556251279393558696902932291010777055232.000000 5
-0.968583 -0.248690 -88707088708095828990670263165853673866657792.000000 2
-0.847640 -0.274036 25221651942903230528812586436873406556143616.000000 11
-0.792049 -0.172045 6064512464709352840118441554901483191795712.000000 13
-0.903483 -0.146108 -87280556251279393558696902932291010777055232.000000 5
-0.876307 -0.481754 569750518639071975033494650954396014215168.000000 6
-0.791796 -0.401964 -5379811778318957989540557906128927509708800.000000 10
-0.929776 -0.368125 7061154404476083660655945040947690732519424.000000 3
-0.664439 -0.453191 2437302889181011764621555680278853651005440.000000 20
-0.791796 -0.401964 -5379811778318957989540557906128927509708800.000000 10
-0.735953 -0.529892 644469087370301651950593997044176683794432.000000 15
-0.680615 -0.197981 668308876678262076861513423800989128851456.000000 22
-0.680489 -0.312940 -5048478223665936370287034302829785990037504.000000 21
-0.569181 -0.223917 588526149450485408582539255863312836984832.000000 34
-0.680615 -0.197981 668308876678262076861513423800989128851456.000000 22
-0.792049 -0.172045 6064512464709352840118441554901483191795712.000000 13
-0.680489 -0.312940 -5048478223665936370287034302829785990037504.000000 21
-0.515073 -0.029496 -443359002406224745710043597291762070061056.000000 39
-0.441136 -0.097722 -10528436895002574146317603454218902962176.000000 50
-0.445745 0.037763 106090167805182514567909546765877162016768.000000 54
-0.330420 -0.149981 20156517912791060152634791499107647094784.000000 66
-0.469331 -0.217723 -141397711219581186861879831366349388513280.000000 49
-0.346313 -0.275789 49849930460693545444004238138209017528320.000000 64
-0.838383 -0.043527 28230304267036686056041523999940647036387328.000000 12
-0.903483 -0.146108 -87280556251279393558696902932291010777055232.000000 5
-0.792049 -0.172045 6064512464709352840118441554901483191795712.000000 13
-0.735953 -0.529892 644469087370301651950593997044176683794432.000000 15
-0.809017 -0.587785 -429072694070000003394248594647202133966848.000000 7
-0.728969 -0.684547 -140531045503390704058247082396693223702528.000000 14
-0.346313 -0.275789 49849930460693545444004238138209017528320.000000 64
-0.469331 -0.217723 -141397711219581186861879831366349388513280.000000 49
-0.443723 -0.339315 -208546510665713456185304127607353089458176.000000 48
-0.876307 -0.481754 569750518639071975033494650954396014215168.000000 6
-0.809017 -0.587785 -429072694070000003394248594647202133966848.000000 7
-0.735953 -0.529892 644469087370301651950593997044176683794432.000000 15
-0.309017 0.951057 -16058804196783177369989880245668282368.000000 148
-0.317582 0.777124 31573094396392643968264905637027119104.000000 131
-0.203275 0.856480 -889457848130437678988476463102033920.000000 149
-0.915249 0.040903 4840021437823761824234527181699705110265856.000000 9
-0.992115 0.125333 6554498185947837709083540675424210007359488.000000 8
-1.000000 -0.000000 -66998581762332853435272603738022989050937344.000000 4
-0.773283 0.059054 -4353175187464806179195638092879390369120256.000000 18
-0.915249 0.040903 4840021437823761824234527181699705110265856.000000 9
-0.838383 -0.043527 28230304267036686056041523999940647036387328.000000 12
-0.773283 0.059054 -4353175187464806179195638092879390369120256.000000 18
-0.838383 0.205163 -1308912893819286956065542655044673293254656.000000 17
-0.915249 0.040903 4840021437823761824234527181699705110265856.000000 9
-0.317582 0.777124 31573094396392643968264905637027119104.000000 131
-0.309017 0.951057 -16058804196783177369989880245668282368.000000 148
-0.425779 0.904827 23260385899997649062841672453450629120.000000 130
-0.447782 0.737755 -84390678448400838717748119094765289472.000000 112
-0.425779 0.904827 23260385899997649062841672453450629120.000000 130
-0.535827 0.844328 -26849394857893835602900489042896355328.000000 111
-0.992115 0.125333 6554498185947837709083540675424210007359488.000000 8
-0.915249 0.040903 4840021437823761824234527181699705110265856.000000 9
-0.838383 0.205163 -1308912893819286956065542655044673293254656.000000 17
-0.382682 0.674543 -124798321575663592821438622014875107328.000000 115
-0.447782 0.571962 1087965046889621543471656543789567180800.000000 97
-0.349368 0.525509 -799602122972293531113843734392571166720.000000 113
-0.425779 0.904827 23260385899997649062841672453450629120.000000 130
-0.447782 0.737755 -84390678448400838717748119094765289472.000000 112
-0.317582 0.777124 31573094396392643968264905637027119104.000000 131
-0.382682 0.674543 -124798321575663592821438622014875107328.000000 115
-0.349368 0.525509 -799602122972293531113843734392571166720.000000 113
-0.235061 0.604864 259769646104776204078278043606274015232.000000 132
-0.816683 0.308437 271695576428993878660476150312592740450304.000000 27
-0.968583 0.248690 -848983888897467879626447257479797824028672.000000 16
-0.838383 0.205163 -1308912893819286956065542655044673293254656.000000 17
-0.816683 0.308437 271695576428993878660476150312592740450304.000000 27
-0.929776 0.368125 83308682275307111700879626662244459216896.000000 26
-0.968583 0.248690 -848983888897467879626447257479797824028672.000000 16
-0.708183 0.161636 614584145645596334311550165260392204337152.000000 28
-0.816683 0.308437 271695576428993878660476150312592740450304.000000 27
-0.838383 0.205163 -1308912893819286956065542655044673293254656.000000 17
-0.794983 0.411712 -48726206841816900714504020907118120927232.000000 41
-0.929776 0.368125 83308682275307111700879626662244459216896.000000 26
-0.816683 0.308437 271695576428993878660476150312592740450304.000000 27
-0.314527 -0.024174 -19427211979726773540018278247337987932160.000000 65
-0.330420 -0.149981 20156517912791060152634791499107647094784.000000 66
-0.157522 -0.079215 134919053647303066371411921774391066624.000000 85
-0.080876 0.156675 -104924146253805744856348473289252798464.000000 110
-0.189755 0.129154 2904706394937730934418316475290945060864.000000 93
-0.119199 0.038730 -1558792602610918123612080259981786480640.000000 100
-0.576964 0.099699 -268549313208941949582040193952137911205888.000000 44
-0.528266 0.210023 52858377990283328984214110111941043159040.000000 59
-0.643082 0.264217 -58810968035017700693711885139983384707072.000000 43
-0.773283 0.059054 -4353175187464806179195638092879390369120256.000000 18
-0.658594 0.038247 1696867552941465164118286330447690960207872.000000 29
-0.708183 0.161636 614584145645596334311550165260392204337152.000000 28
-0.445745 0.037763 106090167805182514567909546765877162016768.000000 54
-0.413450 0.155828 25890512121552300454774088328467416350720.000000 60
-0.576964 0.099699 -268549313208941949582040193952137911205888.000000 44
-0.216863 0.007278 8583532858572007706875008906433432387584.000000 80
-0.298634 0.101634 -23436485029807090276442803556872242593792.000000 73
-0.314527 -0.024174 -19427211979726773540018278247337987932160.000000 65
-0.157522 -0.079215 134919053647303066371411921774391066624.000000 85
-0.216863 0.007278 8583532858572007706875008906433432387584.000000 80
-0.314527 -0.024174 -19427211979726773540018278247337987932160.000000 65
-0.119199 0.038730 -1558792602610918123612080259981786480640.000000 100
-0.189755 0.129154 2904706394937730934418316475290945060864.000000 93
-0.216863 0.007278 8583532858572007706875008906433432387584.000000 80
-0.576964 0.099699 -268549313208941949582040193952137911205888.000000 44
-0.643082 0.264217 -58810968035017700693711885139983384707072.000000 43
-0.708183 0.161636 614584145645596334311550165260392204337152.000000 28
-0.413450 0.155828 25890512121552300454774088328467416350720.000000 60
-0.528266 0.210023 52858377990283328984214110111941043159040.000000 59
-0.576964 0.099699 -268549313208941949582040193952137911205888.000000 44
-0.298634 0.101634 -23436485029807090276442803556872242593792.000000 73
-0.413450 0.155828 25890512121552300454774088328467416350720.000000 60
-0.445745 0.037763 106090167805182514567909546765877162016768.000000 54
-0.298634 0.101634 -23436485029807090276442803556872242593792.000000 73
-0.282741 0.227442 1013422610601786566047779857194620551168.000000 79
-0.413450 0.155828 25890512121552300454774088328467416350720.000000 60
-0.381154 0.273894 -12538221396204332910832501758214094716928.000000 78
-0.266847 0.353249 1440275138150552408224847351121977540608.000000 98
-0.389865 0.411315 3971950482245129628472971860512153272320.000000 95
-0.381154 0.273894 -12538221396204332910832501758214094716928.000000 78
-0.282741 0.227442 1013422610601786566047779857194620551168.000000 79
-0.266847 0.353249 1440275138150552408224847351121977540608.000000 98
-0.528266 0.210023 52858377990283328984214110111941043159040.000000 59
-0.381154 0.273894 -12538221396204332910832501758214094716928.000000 78
-0.479568 0.320346 -11959885573437098752495877945871950675968.000000 75
-0.413450 0.155828 25890512121552300454774088328467416350720.000000 60
-0.282741 0.227442 1013422610601786566047779857194620551168.000000 79
-0.381154 0.273894 -12538221396204332910832501758214094716928.000000 78
-0.577982 0.366799 22955538567053517788254742345878580756480.000000 58
-0.643082 0.264217 -58810968035017700693711885139983384707072.000000 43
-0.528266 0.210023 52858377990283328984214110111941043159040.000000 59
-0.577982 0.366799 22955538567053517788254742345878580756480.000000 58
-0.610532 0.481301 25254272233879379834797325057343004606464.000000 57
-0.719033 0.337964 -131815138767863602071897096795339892981760.000000 42
-0.621382 0.574733 -4672465052175811896661445744655167651840.000000 76
-0.708183 0.493222 29240158797227030470461231211236458233856.000000 56
-0.610532 0.481301 25254272233879379834797325057343004606464.000000 57
-0.719033 0.337964 -131815138767863602071897096795339892981760.000000 42
-0.816683 0.308437 271695576428993878660476150312592740450304.000000 27
-0.708183 0.161636 614584145645596334311550165260392204337152.000000 28
-0.577982 0.366799 22955538567053517788254742345878580756480.000000 58
-0.719033 0.337964 -131815138767863602071897096795339892981760.000000 42
-0.643082 0.264217 -58810968035017700693711885139983384707072.000000 43
-0.794983 0.411712 -48726206841816900714504020907118120927232.000000 41
-0.816683 0.308437 271695576428993878660476150312592740450304.000000 27
-0.719033 0.337964 -131815138767863602071897096795339892981760.000000 42
-0.708183 0.493222 29240158797227030470461231211236458233856.000000 56
-0.794983 0.411712 -48726206841816900714504020907118120927232.000000 41
-0.719033 0.337964 -131815138767863602071897096795339892981760.000000 42
-0.610532 0.481301 25254272233879379834797325057343004606464.000000 57
-0.708183 0.493222 29240158797227030470461231211236458233856.000000 56
-0.719033 0.337964 -131815138767863602071897096795339892981760.000000 42
-0.512882 0.469380 -4404212536449065831499522401460406976512.000000 77
-0.610532 0.481301 25254272233879379834797325057343004606464.000000 57
-0.577982 0.366799 22955538567053517788254742345878580756480.000000 58
-0.512882 0.469380 -4404212536449065831499522401460406976512.000000 77
-0.621382 0.574733 -4672465052175811896661445744655167651840.000000 76
-0.610532 0.481301 25254272233879379834797325057343004606464.000000 57
-0.621382 0.574733 -4672465052175811896661445744655167651840.000000 76
-0.809017 0.587785 -7277500435577132283217869412196593696768.000000 55
-0.708183 0.493222 29240158797227030470461231211236458233856.000000 56
-0.876307 0.481754 -6737156319616028555221420709798779813888.000000 40
-0.929776 0.368125 83308682275307111700879626662244459216896.000000 26
-0.794983 0.411712 -48726206841816900714504020907118120927232.000000 41
-0.445745 0.037763 106090167805182514567909546765877162016768.000000 54
-0.441136 -0.097722 -10528436895002574146317603454218902962176.000000 50
-0.314527 -0.024174 -19427211979726773540018278247337987932160.000000 65
-0.838383 0.205163 -1308912893819286956065542655044673293254656.000000 17
-0.773283 0.059054 -4353175187464806179195638092879390369120256.000000 18
-0.708183 0.161636 614584145645596334311550165260392204337152.000000 28
-0.643082 0.264217 -58810968035017700693711885139983384707072.000000 43
-0.719033 0.337964 -131815138767863602071897096795339892981760.000000 42
-0.708183 0.161636 614584145645596334311550165260392204337152.000000 28
-0.968583 0.248690 -848983888897467879626447257479797824028672.000000 16
-0.992115 0.125333 6554498185947837709083540675424210007359488.000000 8
-0.838383 0.205163 -1308912893819286956065542655044673293254656.000000 17
-0.515073 -0.029496 -443359002406224745710043597291762070061056.000000 39
-0.576964 0.099699 -268549313208941949582040193952137911205888.000000 44
-0.658594 0.038247 1696867552941465164118286330447690960207872.000000 29
-0.441136 -0.097722 -10528436895002574146317603454218902962176.000000 50
-0.515073 -0.029496 -443359002406224745710043597291762070061056.000000 39
-0.584401 -0.096754 446953919849629552162300206686073476087808.000000 35
-0.445745 0.037763 106090167805182514567909546765877162016768.000000 54
-0.576964 0.099699 -268549313208941949582040193952137911205888.000000 44
-0.515073 -0.029496 -443359002406224745710043597291762070061056.000000 39
-0.794983 0.411712 -48726206841816900714504020907118120927232.000000 41
-0.708183 0.493222 29240158797227030470461231211236458233856.000000 56
-0.876307 0.481754 -6737156319616028555221420709798779813888.000000 40
-0.447782 0.571962 1087965046889621543471656543789567180800.000000 97
-0.534582 0.656244 533788798008887897102622971806382817280.000000 96
-0.621382 0.574733 -4672465052175811896661445744655167651840.000000 76
-0.389865 0.411315 3971950482245129628472971860512153272320.000000 95
-0.447782 0.571962 1087965046889621543471656543789567180800.000000 97
-0.512882 0.469380 -4404212536449065831499522401460406976512.000000 77
-0.479568 0.320346 -11959885573437098752495877945871950675968.000000 75
-0.389865 0.411315 3971950482245129628472971860512153272320.000000 95
-0.512882 0.469380 -4404212536449065831499522401460406976512.000000 77
-0.250954 0.479057 -830818003061944531559385616255601868800.000000 114
-0.235061 0.604864 259769646104776204078278043606274015232.000000 132
-0.349368 0.525509 -799602122972293531113843734392571166720.000000 113
-0.382682 0.674543 -124798321575663592821438622014875107328.000000 115
-0.534582 0.656244 533788798008887897102622971806382817280.000000 96
-0.447782 0.571962 1087965046889621543471656543789567180800.000000 97
-0.728969 0.684547 3601378836084067739185995244940614959104.000000 74
-0.809017 0.587785 -7277500435577132283217869412196593696768.000000 55
-0.621382 0.574733 -4672465052175811896661445744655167651840.000000 76
-0.447782 0.737755 -84390678448400838717748119094765289472.000000 112
-0.382682 0.674543 -124798321575663592821438622014875107328.000000 115
-0.317582 0.777124 31573094396392643968264905637027119104.000000 131
-0.534582 0.656244 533788798008887897102622971806382817280.000000 96
-0.447782 0.737755 -84390678448400838717748119094765289472.000000 112
-0.535827 0.844328 -26849394857893835602900489042896355328.000000 111
-0.534582 0.656244 533788798008887897102622971806382817280.000000 96
-0.382682 0.674543 -124798321575663592821438622014875107328.000000 115
-0.447782 0.737755 -84390678448400838717748119094765289472.000000 112
-0.728969 0.684547 3601378836084067739185995244940614959104.000000 74
-0.631775 0.670396 287174540130997488900390732323197288448.000000 92
-0.637424 0.770513 -716636002906261550027250992882317787136.000000 94
-0.621382 0.574733 -4672465052175811896661445744655167651840.000000 76
-0.512882 0.469380 -4404212536449065831499522401460406976512.000000 77
-0.447782 0.571962 1087965046889621543471656543789567180800.000000 97
-0.631775 0.670396 287174540130997488900390732323197288448.000000 92
-0.534582 0.656244 533788798008887897102622971806382817280.000000 96
-0.637424 0.770513 -716636002906261550027250992882317787136.000000 94
-0.621382 0.574733 -4672465052175811896661445744655167651840.000000 76
-0.631775 0.670396 287174540130997488900390732323197288448.000000 92
-0.728969 0.684547 3601378836084067739185995244940614959104.000000 74
-0.621382 0.574733 -4672465052175811896661445744655167651840.000000 76
-0.534582 0.656244 533788798008887897102622971806382817280.000000 96
-0.631775 0.670396 287174540130997488900390732323197288448.000000 92
0.794983 0.411712 -2798704088989281701347592366981120.000000 236
0.929776 0.368125 -2787478346893820281779776405897216.000000 237
0.876307 0.481754 6062192744340508287429325040386048.000000 242
0.708183 0.493222 -8448766618435211311175598522499072.000000 238
0.794983 0.411712 -2798704088989281701347592366981120.000000 236
0.876307 0.481754 6062192744340508287429325040386048.000000 242
0.610532 0.481301 14465361927023567745543555298361344.000000 223
0.577982 0.366799 -24608067784518646009740922911195136.000000 208
0.719033 0.337964 9043949613854222994061465642598400.000000 222
0.349368 0.525509 454532436233216554383146508793937920.000000 189
0.512882 0.469380 -95016306810909876816120893749067776.000000 207
0.447782 0.571962 -134462577301738556664629197973487616.000000 205
0.349368 0.525509 454532436233216554383146508793937920.000000 189
0.422415 0.360024 108092942271419298763694326746710016.000000 190
0.512882 0.469380 -95016306810909876816120893749067776.000000 207
0.445745 0.037763 -134790148748538114090829021557293056.000000 170
0.314527 -0.024174 -2964729838023879367403821460088684544.000000 157
0.441136 -0.097722 1225103325538661495444508253951623168.000000 175
0.643082 0.264217 -46565854070757479883837797495209984.000000 206
0.522968 0.251959 122548640612444107519342416154853376.000000 191
0.571666 0.141635 186204662972580957432308647384317952.000000 188
0.794983 0.245918 9690923818568484445405229038436352.000000 220
0.719033 0.337964 9043949613854222994061465642598400.000000 222
0.643082 0.264217 -46565854070757479883837797495209984.000000 206
0.870933 0.153872 4546073969517181806082515770802176.000000 219
0.794983 0.245918 9690923818568484445405229038436352.000000 220
0.708183 0.161636 -32575113093151567819383304978694144.000000 204
0.870933 0.153872 4546073969517181806082515770802176.000000 219
0.968583 0.248690 -4088212074212281264279861411708928.000000 230
0.794983 0.245918 9690923818568484445405229038436352.000000 220
0.577982 0.366799 -24608067784518646009740922911195136.000000 208
0.422415 0.360024 108092942271419298763694326746710016.000000 190
0.522968 0.251959 122548640612444107519342416154853376.000000 191
0.040329 0.180264 -63928872078483022873709246957356056576.000000 129
0.167922 0.223510 24271932199557039676532570646535733248.000000 147
0.060580 0.300829 -15703863081224268238248537522291343360.000000 136
0.794983 0.245918 9690923818568484445405229038436352.000000 220
0.643082 0.264217 -46565854070757479883837797495209984.000000 206
0.708183 0.161636 -32575113093151567819383304978694144.000000 204
0.708183 0.493222 -8448766618435211311175598522499072.000000 238
0.719033 0.337964 9043949613854222994061465642598400.000000 222
0.794983 0.411712 -2798704088989281701347592366981120.000000 236
0.577982 0.366799 -24608067784518646009740922911195136.000000 208
0.643082 0.264217 -46565854070757479883837797495209984.000000 206
0.719033 0.337964 9043949613854222994061465642598400.000000 222
0.915249 0.040903 -693024152507055680002426042056704.000000 228
0.773283 0.059054 2353738595954831037886403646062592.000000 215
0.838383 -0.043527 -7874849949733997057756104199503872.000000 225
1.000000 -0.000000 5353543637878296766737797747834880.000000 240
0.915249 0.040903 -693024152507055680002426042056704.000000 228
0.838383 -0.043527 -7874849949733997057756104199503872.000000 225
0.992115 0.125333 -1383893991238639940261408432717824.000000 233
0.968583 0.248690 -4088212074212281264279861411708928.000000 230
0.870933 0.153872 4546073969517181806082515770802176.000000 219
0.794983 0.245918 9690923818568484445405229038436352.000000 220
0.929776 0.368125 -2787478346893820281779776405897216.000000 237
0.794983 0.411712 -2798704088989281701347592366981120.000000 236
0.062791 0.998027 -133876219878643963499421638315737088.000000 198
0.023973 0.872212 -41934376527448179894059331766714368.000000 184
0.187381 0.982287 -185676532723044738626323168066797568.000000 199
0.425779 0.904827 30894392901638676352223768655953920.000000 216
0.309017 0.951057 -289285900920014770462470683356037120.000000 214
0.360982 0.819266 126325448185503021458584156158033920.000000 203
0.309017 0.951057 -289285900920014770462470683356037120.000000 214
0.203275 0.856480 752073281035996861440054703891152896.000000 200
0.360982 0.819266 126325448185503021458584156158033920.000000 203
0.382682 0.674543 370030366466399936674504426366435328.000000 202
0.447782 0.737755 -90030106049901276455487241512288256.000000 218
0.360982 0.819266 126325448185503021458584156158033920.000000 203
0.512882 0.469380 -95016306810909876816120893749067776.000000 207
0.621382 0.574733 39422706004035137124285994749657088.000000 221
0.447782 0.571962 -134462577301738556664629197973487616.000000 205
0.719033 0.337964 9043949613854222994061465642598400.000000 222
0.708183 0.493222 -8448766618435211311175598522499072.000000 238
0.610532 0.481301 14465361927023567745543555298361344.000000 223
0.809017 0.587785 -9307408156341704940781995382800384.000000 235
0.728969 0.684547 -12727558320840805326428859476738048.000000 234
0.621382 0.574733 39422706004035137124285994749657088.000000 221
0.621382 0.574733 39422706004035137124285994749657088.000000 221
0.534582 0.656244 -27545288543715918027151147794432000.000000 217
0.447782 0.571962 -134462577301738556664629197973487616.000000 205
0.809017 0.587785 -9307408156341704940781995382800384.000000 235
0.621382 0.574733 39422706004035137124285994749657088.000000 221
0.708183 0.493222 -8448766618435211311175598522499072.000000 238
0.631775 0.670396 -559568479306196360549288837644288.000000 229
0.534582 0.656244 -27545288543715918027151147794432000.000000 217
0.621382 0.574733 39422706004035137124285994749657088.000000 221
0.728969 0.684547 -12727558320840805326428859476738048.000000 234
0.631775 0.670396 -559568479306196360549288837644288.000000 229
0.621382 0.574733 39422706004035137124285994749657088.000000 221
0.728969 0.684547 -12727558320840805326428859476738048.000000 234
0.637424 0.770513 4029953352483924260692087432806400.000000 231
0.631775 0.670396 -559568479306196360549288837644288.000000 229
0.447782 0.737755 -90030106049901276455487241512288256.000000 218
0.425779 0.904827 30894392901638676352223768655953920.000000 216
0.360982 0.819266 126325448185503021458584156158033920.000000 203
0.794983 0.245918 9690923818568484445405229038436352.000000 220
0.794983 0.411712 -2798704088989281701347592366981120.000000 236
0.719033 0.337964 9043949613854222994061465642598400.000000 222
0.610532 0.481301 14465361927023567745543555298361344.000000 223
0.621382 0.574733 39422706004035137124285994749657088.000000 221
0.512882 0.469380 -95016306810909876816120893749067776.000000 207
0.577982 0.366799 -24608067784518646009740922911195136.000000 208
0.610532 0.481301 14465361927023567745543555298361344.000000 223
0.512882 0.469380 -95016306810909876816120893749067776.000000 207
0.708183 0.493222 -8448766618435211311175598522499072.000000 238
0.621382 0.574733 39422706004035137124285994749657088.000000 221
0.610532 0.481301 14465361927023567745543555298361344.000000 223
0.637424 0.770513 4029953352483924260692087432806400.000000 231
0.534582 0.656244 -27545288543715918027151147794432000.000000 217
0.631775 0.670396 -559568479306196360549288837644288.000000 229
0.637424 0.770513 4029953352483924260692087432806400.000000 231
0.535827 0.844328 32187922494435139267977328294100992.000000 232
0.534582 0.656244 -27545288543715918027151147794432000.000000 217
0.235061 0.604864 -999553644776113023164914592787726336.000000 186
0.219168 0.730672 -1317581169908896160968494967850795008.000000 187
0.072414 0.628453 10861127185382685797808769045889024000.000000 169
0.447782 0.737755 -90030106049901276455487241512288256.000000 218
0.535827 0.844328 32187922494435139267977328294100992.000000 232
0.425779 0.904827 30894392901638676352223768655953920.000000 216
0.534582 0.656244 -27545288543715918027151147794432000.000000 217
0.447782 0.737755 -90030106049901276455487241512288256.000000 218
0.382682 0.674543 370030366466399936674504426366435328.000000 202
0.534582 0.656244 -27545288543715918027151147794432000.000000 217
0.535827 0.844328 32187922494435139267977328294100992.000000 232
0.447782 0.737755 -90030106049901276455487241512288256.000000 218
-0.135539 0.372907 4754006038030592277062828242981879808.000000 116
-0.250954 0.479057 -830818003061944531559385616255601868800.000000 114
-0.266847 0.353249 1440275138150552408224847351121977540608.000000 98
0.060580 0.300829 -15703863081224268238248537522291343360.000000 136
-0.004231 0.392564 -50205373275304055620210109345347665920.000000 135
-0.042554 0.274619 195507260262632014743688482162735054848.000000 117
0.040329 0.180264 -63928872078483022873709246957356056576.000000 129
0.060580 0.300829 -15703863081224268238248537522291343360.000000 136
-0.042554 0.274619 195507260262632014743688482162735054848.000000 117
0.163714 0.327039 -3998856550105799395100168221198647296.000000 153
0.123361 0.435810 11437071127709988516272942954047340544.000000 154
0.060580 0.300829 -15703863081224268238248537522291343360.000000 136
-0.080876 0.156675 -104924146253805744856348473289252798464.000000 110
0.020079 0.059698 302353055847182666177586122789276876800.000000 118
0.040329 0.180264 -63928872078483022873709246957356056576.000000 129
0.266847 0.353249 -1165263650424448966083808552831418368.000000 172
0.250954 0.479057 -1607189767756500382165634295405740032.000000 171
0.123361 0.435810 11437071127709988516272942954047340544.000000 154
-0.108431 0.494783 113366166964149111548243967028683079680.000000 133
-0.250954 0.479057 -830818003061944531559385616255601868800.000000 114
-0.135539 0.372907 4754006038030592277062828242981879808.000000 116
-0.004231 0.392564 -50205373275304055620210109345347665920.000000 135
-0.108431 0.494783 113366166964149111548243967028683079680.000000 133
-0.135539 0.372907 4754006038030592277062828242981879808.000000 116
0.034091 0.510509 -4425818551352672284819805879914201088.000000 151
0.072414 0.628453 10861127185382685797808769045889024000.000000 169
-0.081324 0.616659 -58760666153772144441998006349587283968.000000 152
0.034091 0.510509 -4425818551352672284819805879914201088.000000 151
0.123361 0.435810 11437071127709988516272942954047340544.000000 154
0.134576 0.557687 -2978820083456982155327377966570143744.000000 168
0.381154 0.273894 26209101194101523307881442406563840.000000 173
0.266847 0.353249 -1165263650424448966083808552831418368.000000 172
0.282741 0.227442 1797579028633556852088282100002717696.000000 155
0.413450 0.155828 -912098911460934072203966585119965184.000000 174
0.445745 0.037763 -134790148748538114090829021557293056.000000 170
0.571666 0.141635 186204662972580957432308647384317952.000000 188
0.282741 0.227442 1797579028633556852088282100002717696.000000 155
0.413450 0.155828 -912098911460934072203966585119965184.000000 174
0.381154 0.273894 26209101194101523307881442406563840.000000 173
0.298634 0.101634 3755704882911578142939735284948926464.000000 156
0.445745 0.037763 -134790148748538114090829021557293056.000000 170
0.413450 0.155828 -912098911460934072203966585119965184.000000 174
0.577982 0.366799 -24608067784518646009740922911195136.000000 208
0.512882 0.469380 -95016306810909876816120893749067776.000000 207
0.422415 0.360024 108092942271419298763694326746710016.000000 190
0.134576 0.557687 -2978820083456982155327377966570143744.000000 168
0.235061 0.604864 -999553644776113023164914592787726336.000000 186
0.072414 0.628453 10861127185382685797808769045889024000.000000 169
0.034091 0.510509 -4425818551352672284819805879914201088.000000 151
0.134576 0.557687 -2978820083456982155327377966570143744.000000 168
0.072414 0.628453 10861127185382685797808769045889024000.000000 169
0.123361 0.435810 11437071127709988516272942954047340544.000000 154
0.250954 0.479057 -1607189767756500382165634295405740032.000000 171
0.134576 0.557687 -2978820083456982155327377966570143744.000000 168
0.422415 0.360024 108092942271419298763694326746710016.000000 190
0.349368 0.525509 454532436233216554383146508793937920.000000 189
0.266847 0.353249 -1165263650424448966083808552831418368.000000 172
0.349368 0.525509 454532436233216554383146508793937920.000000 189
0.235061 0.604864 -999553644776113023164914592787726336.000000 186
0.250954 0.479057 -1607189767756500382165634295405740032.000000 171
0.266847 0.353249 -1165263650424448966083808552831418368.000000 172
0.349368 0.525509 454532436233216554383146508793937920.000000 189
0.250954 0.479057 -1607189767756500382165634295405740032.000000 171
0.447782 0.571962 -134462577301738556664629197973487616.000000 205
0.382682 0.674543 370030366466399936674504426366435328.000000 202
0.349368 0.525509 454532436233216554383146508793937920.000000 189
0.023973 0.872212 -41934376527448179894059331766714368.000000 184
0.062791 0.998027 -133876219878643963499421638315737088.000000 198
-0.062791 0.998027 820299386906088775519902601618391040.000000 182
-0.089651 0.864346 -4607056804296473124746568549038817280.000000 166
0.023973 0.872212 -41934376527448179894059331766714368.000000 184
-0.062791 0.998027 820299386906088775519902601618391040.000000 182
-0.187381 0.982287 4316591734046445844346206568933490688.000000 165
-0.089651 0.864346 -4607056804296473124746568549038817280.000000 166
-0.062791 0.998027 820299386906088775519902601618391040.000000 182
-0.203275 0.856480 -889457848130437678988476463102033920.000000 149
-0.109200 0.735914 16728690263394177503994912984438669312.000000 150
-0.089651 0.864346 -4607056804296473124746568549038817280.000000 166
0.000768 0.741156 7297562993802425558192130782518050816.000000 167
0.110736 0.746398 -3137400988978523009813302166253731840.000000 183
0.023973 0.872212 -41934376527448179894059331766714368.000000 184
0.219168 0.730672 -1317581169908896160968494967850795008.000000 187
0.110736 0.746398 -3137400988978523009813302166253731840.000000 183
0.072414 0.628453 10861127185382685797808769045889024000.000000 169
0.203275 0.856480 752073281035996861440054703891152896.000000 200
0.187381 0.982287 -185676532723044738626323168066797568.000000 199
0.023973 0.872212 -41934376527448179894059331766714368.000000 184
0.187381 0.982287 -185676532723044738626323168066797568.000000 199
0.203275 0.856480 752073281035996861440054703891152896.000000 200
0.309017 0.951057 -289285900920014770462470683356037120.000000 214
-0.235061 0.604864 259769646104776204078278043606274015232.000000 132
-0.250954 0.479057 -830818003061944531559385616255601868800.000000 114
-0.108431 0.494783 113366166964149111548243967028683079680.000000 133
-0.109200 0.735914 16728690263394177503994912984438669312.000000 150
-0.203275 0.856480 -889457848130437678988476463102033920.000000 149
-0.219168 0.730672 -29028791471169728284651848076999262208.000000 134
0.072414 0.628453 10861127185382685797808769045889024000.000000 169
0.000768 0.741156 7297562993802425558192130782518050816.000000 167
-0.081324 0.616659 -58760666153772144441998006349587283968.000000 152
0.000768 0.741156 7297562993802425558192130782518050816.000000 167
0.023973 0.872212 -41934376527448179894059331766714368.000000 184
-0.089651 0.864346 -4607056804296473124746568549038817280.000000 166
-0.219168 0.730672 -29028791471169728284651848076999262208.000000 134
-0.317582 0.777124 31573094396392643968264905637027119104.000000 131
-0.382682 0.674543 -124798321575663592821438622014875107328.000000 115
-0.108431 0.494783 113366166964149111548243967028683079680.000000 133
-0.081324 0.616659 -58760666153772144441998006349587283968.000000 152
-0.235061 0.604864 259769646104776204078278043606274015232.000000 132
-0.203275 0.856480 -889457848130437678988476463102033920.000000 149
-0.317582 0.777124 31573094396392643968264905637027119104.000000 131
-0.219168 0.730672 -29028791471169728284651848076999262208.000000 134
0.809017 0.587785 -9307408156341704940781995382800384.000000 235
0.708183 0.493222 -8448766618435211311175598522499072.000000 238
0.876307 0.481754 6062192744340508287429325040386048.000000 242
0.469331 -0.217723 -1380187238858227869122758971473526784.000000 178
0.443723 -0.339315 -2836094317469519581081606371600760832.000000 177
0.569181 -0.223917 589835461253145495660164328808513536.000000 195
0.992115 -0.125333 4136112874850223953162218493706240.000000 243
0.903483 -0.146108 -10816388629177040940835481430523904.000000 239
0.968583 -0.248690 -399774669591091105501549263060992.000000 241
0.992115 -0.125333 4136112874850223953162218493706240.000000 243
1.000000 -0.000000 5353543637878296766737797747834880.000000 240
0.903483 -0.146108 -10816388629177040940835481430523904.000000 239
-0.616669 -0.529062 -494665642880008645172764538860104511913984.000000 25
-0.518255 -0.575515 83361283227122696829610138968649822633984.000000 36
-0.486789 -0.444362 22782358364776907180992097996444119597056.000000 38
-0.728969 -0.684547 -140531045503390704058247082396693223702528.000000 14
-0.658410 -0.623625 -18756642685837681972963569081392803348480.000000 24
-0.735953 -0.529892 644469087370301651950593997044176683794432.000000 15
-0.433694 -0.622226 -10221637794528338651528112613836592250880.000000 37
-0.409886 -0.779019 3878161876920962763609190724355745644544.000000 45
-0.349134 -0.668938 3394350137079616338966383329435407351808.000000 51
-0.637424 -0.770513 30205675173671611262067823813703095025664.000000 19
-0.534148 -0.701322 -12975667572741350388834446814315227906048.000000 31
-0.658410 -0.623625 -18756642685837681972963569081392803348480.000000 24
-0.637424 -0.770513 30205675173671611262067823813703095025664.000000 19
-0.535827 -0.844328 -1404583828981446522221449604460917555200.000000 30
-0.534148 -0.701322 -12975667572741350388834446814315227906048.000000 31
0.664439 -0.453191 -105039675444912622647643210197762048.000000 197
0.736206 -0.299972 -201805021287517626703243489484734464.000000 212
0.592925 -0.376490 600583498937668728700952568622219264.000000 194
0.736206 -0.299972 -201805021287517626703243489484734464.000000 212
0.792049 -0.172045 46447158697598521786827863960322048.000000 224
0.680615 -0.197981 -88639444423926220195975250525028352.000000 209
0.929776 -0.368125 -23757574136169446278907614646501376.000000 226
0.847640 -0.274036 20785514455870810198440290541371392.000000 227
0.791796 -0.401964 55263506324043734382850745883951104.000000 213
0.929776 -0.368125 -23757574136169446278907614646501376.000000 226
0.968583 -0.248690 -399774669591091105501549263060992.000000 241
0.847640 -0.274036 20785514455870810198440290541371392.000000 227
0.715365 -0.101593 9168873872078978440056633070452736.000000 210
0.584401 -0.096754 -29158923660406371397665748997373952.000000 192
0.680615 -0.197981 -88639444423926220195975250525028352.000000 209
0.773283 0.059054 2353738595954831037886403646062592.000000 215
0.715365 -0.101593 9168873872078978440056633070452736.000000 210
0.838383 -0.043527 -7874849949733997057756104199503872.000000 225
0.662567 0.006795 13784563381617126438820782419214336.000000 201
0.708183 0.161636 -32575113093151567819383304978694144.000000 204
0.571666 0.141635 186204662972580957432308647384317952.000000 188
-0.592925 -0.376490 453825347761225882225949452310397407199232.000000 33
-0.486789 -0.444362 22782358364776907180992097996444119597056.000000 38
-0.443723 -0.339315 -208546510665713456185304127607353089458176.000000 48
-0.791796 -0.401964 -5379811778318957989540557906128927509708800.000000 10
-0.664439 -0.453191 2437302889181011764621555680278853651005440.000000 20
-0.680489 -0.312940 -5048478223665936370287034302829785990037504.000000 21
-0.616669 -0.529062 -494665642880008645172764538860104511913984.000000 25
-0.486789 -0.444362 22782358364776907180992097996444119597056.000000 38
-0.592925 -0.376490 453825347761225882225949452310397407199232.000000 33
-0.584401 -0.096754 446953919849629552162300206686073476087808.000000 35
-0.569181 -0.223917 588526149450485408582539255863312836984832.000000 34
-0.469331 -0.217723 -141397711219581186861879831366349388513280.000000 49
-0.680489 -0.312940 -5048478223665936370287034302829785990037504.000000 21
-0.847640 -0.274036 25221651942903230528812586436873406556143616.000000 11
-0.791796 -0.401964 -5379811778318957989540557906128927509708800.000000 10
-0.035536 -0.096906 60548995129310513122661483574816931840.000000 104
-0.119199 0.038730 -1558792602610918123612080259981786480640.000000 100
-0.157522 -0.079215 134919053647303066371411921774391066624.000000 85
-0.195844 -0.197159 -11542983078883820486359352016388019453952.000000 84
-0.064278 -0.185365 1545942939221205744167786540366718566400.000000 103
-0.157522 -0.079215 134919053647303066371411921774391066624.000000 85
0.196515 -0.037934 13105689506257745030589110410538909696.000000 140
0.314527 -0.024174 -2964729838023879367403821460088684544.000000 157
0.298634 0.101634 3755704882911578142939735284948926464.000000 156
0.125317 0.034143 -66001603082409914755169870823624278016.000000 128
0.196515 -0.037934 13105689506257745030589110410538909696.000000 140
0.172130 0.119981 -31822882135192781683956400932190683136.000000 137
-0.035536 -0.096906 60548995129310513122661483574816931840.000000 104
0.078503 -0.051694 -30544445353132060859546080116350124032.000000 122
0.020079 0.059698 302353055847182666177586122789276876800.000000 118
-0.035536 -0.096906 60548995129310513122661483574816931840.000000 104
0.067288 -0.173570 -136562825931454185880095282763785043968.000000 121
0.078503 -0.051694 -30544445353132060859546080116350124032.000000 122
0.198854 -0.161776 11101937987755923035421405818256359424.000000 141
0.330420 -0.149981 -2626762217940480510406730331069612032.000000 160
0.196515 -0.037934 13105689506257745030589110410538909696.000000 140
0.078503 -0.051694 -30544445353132060859546080116350124032.000000 122
0.198854 -0.161776 11101937987755923035421405818256359424.000000 141
0.196515 -0.037934 13105689506257745030589110410538909696.000000 140
-0.001975 -0.299378 -777405999237813788133646104969581953024.000000 107
0.114121 -0.291515 133731750765731763720961866280403468288.000000 124
0.067288 -0.173570 -136562825931454185880095282763785043968.000000 121
-0.065162 -0.389016 -536327453506202887668456460001719877632.000000 106
-0.001975 -0.299378 -777405999237813788133646104969581953024.000000 107
-0.118071 -0.307241 4057342864899562115544960428110382104576.000000 89
-0.145550 -0.426758 1134058294753455099215819226255070330880.000000 87
-0.065162 -0.389016 -536327453506202887668456460001719877632.000000 106
-0.118071 -0.307241 4057342864899562115544960428110382104576.000000 89
-0.012254 -0.470791 70618173036078615077224072583753760768.000000 105
0.108328 -0.414177 164416686550754778210124286956085968896.000000 123
-0.065162 -0.389016 -536327453506202887668456460001719877632.000000 106
-0.065162 -0.389016 -536327453506202887668456460001719877632.000000 106
0.108328 -0.414177 164416686550754778210124286956085968896.000000 123
-0.001975 -0.299378 -777405999237813788133646104969581953024.000000 107
0.441136 -0.097722 1225103325538661495444508253951623168.000000 175
0.314527 -0.024174 -2964729838023879367403821460088684544.000000 157
0.330420 -0.149981 -2626762217940480510406730331069612032.000000 160
-0.035536 -0.096906 60548995129310513122661483574816931840.000000 104
0.020079 0.059698 302353055847182666177586122789276876800.000000 118
-0.119199 0.038730 -1558792602610918123612080259981786480640.000000 100
0.522968 0.251959 122548640612444107519342416154853376.000000 191
0.643082 0.264217 -46565854070757479883837797495209984.000000 206
0.577982 0.366799 -24608067784518646009740922911195136.000000 208
0.381154 0.273894 26209101194101523307881442406563840.000000 173
0.522968 0.251959 122548640612444107519342416154853376.000000 191
0.422415 0.360024 108092942271419298763694326746710016.000000 190
0.266847 0.353249 -1165263650424448966083808552831418368.000000 172
0.381154 0.273894 26209101194101523307881442406563840.000000 173
0.422415 0.360024 108092942271419298763694326746710016.000000 190
0.282741 0.227442 1797579028633556852088282100002717696.000000 155
0.298634 0.101634 3755704882911578142939735284948926464.000000 156
0.413450 0.155828 -912098911460934072203966585119965184.000000 174
0.584401 -0.096754 -29158923660406371397665748997373952.000000 192
0.441136 -0.097722 1225103325538661495444508253951623168.000000 175
0.469331 -0.217723 -1380187238858227869122758971473526784.000000 178
0.381154 0.273894 26209101194101523307881442406563840.000000 173
0.413450 0.155828 -912098911460934072203966585119965184.000000 174
0.522968 0.251959 122548640612444107519342416154853376.000000 191
0.298634 0.101634 3755704882911578142939735284948926464.000000 156
0.314527 -0.024174 -2964729838023879367403821460088684544.000000 157
0.445745 0.037763 -134790148748538114090829021557293056.000000 170
0.571666 0.141635 186204662972580957432308647384317952.000000 188
0.708183 0.161636 -32575113093151567819383304978694144.000000 204
0.643082 0.264217 -46565854070757479883837797495209984.000000 206
0.413450 0.155828 -912098911460934072203966585119965184.000000 174
0.571666 0.141635 186204662972580957432308647384317952.000000 188
0.522968 0.251959 122548640612444107519342416154853376.000000 191
0.662567 0.006795 13784563381617126438820782419214336.000000 201
0.715365 -0.101593 9168873872078978440056633070452736.000000 210
0.773283 0.059054 2353738595954831037886403646062592.000000 215
0.708183 0.161636 -32575113093151567819383304978694144.000000 204
0.662567 0.006795 13784563381617126438820782419214336.000000 201
0.773283 0.059054 2353738595954831037886403646062592.000000 215
0.543905 0.017440 -266448697297482905269961443472572416.000000 185
0.584401 -0.096754 -29158923660406371397665748997373952.000000 192
0.662567 0.006795 13784563381617126438820782419214336.000000 201
0.445745 0.037763 -134790148748538114090829021557293056.000000 170
0.543905 0.017440 -266448697297482905269961443472572416.000000 185
0.571666 0.141635 186204662972580957432308647384317952.000000 188
0.445745 0.037763 -134790148748538114090829021557293056.000000 170
0.441136 -0.097722 1225103325538661495444508253951623168.000000 175
0.543905 0.017440 -266448697297482905269961443472572416.000000 185
0.794983 0.245918 9690923818568484445405229038436352.000000 220
0.968583 0.248690 -4088212074212281264279861411708928.000000 230
0.929776 0.368125 -2787478346893820281779776405897216.000000 237
0.773283 0.059054 2353738595954831037886403646062592.000000 215
0.870933 0.153872 4546073969517181806082515770802176.000000 219
0.708183 0.161636 -32575113093151567819383304978694144.000000 204
0.773283 0.059054 2353738595954831037886403646062592.000000 215
0.915249 0.040903 -693024152507055680002426042056704.000000 228
0.870933 0.153872 4546073969517181806082515770802176.000000 219
0.838383 -0.043527 -7874849949733997057756104199503872.000000 225
0.903483 -0.146108 -10816388629177040940835481430523904.000000 239
1.000000 -0.000000 5353543637878296766737797747834880.000000 240
0.584401 -0.096754 -29158923660406371397665748997373952.000000 192
0.569181 -0.223917 589835461253145495660164328808513536.000000 195
0.680615 -0.197981 -88639444423926220195975250525028352.000000 209
0.662567 0.006795 13784563381617126438820782419214336.000000 201
0.584401 -0.096754 -29158923660406371397665748997373952.000000 192
0.715365 -0.101593 9168873872078978440056633070452736.000000 210
0.543905 0.017440 -266448697297482905269961443472572416.000000 185
0.441136 -0.097722 1225103325538661495444508253951623168.000000 175
0.584401 -0.096754 -29158923660406371397665748997373952.000000 192
0.662567 0.006795 13784563381617126438820782419214336.000000 201
0.571666 0.141635 186204662972580957432308647384317952.000000 188
0.543905 0.017440 -266448697297482905269961443472572416.000000 185
0.330420 -0.149981 -2626762217940480510406730331069612032.000000 160
0.346313 -0.275789 11443466589540237289214793140001570816.000000 161
0.469331 -0.217723 -1380187238858227869122758971473526784.000000 178
0.664439 -0.453191 -105039675444912622647643210197762048.000000 197
0.592925 -0.376490 600583498937668728700952568622219264.000000 194
0.616669 -0.529062 174522881038752583701640481960099840.000000 181
0.735953 -0.529892 -8519804359314154469962593287012352.000000 196
0.664439 -0.453191 -105039675444912622647643210197762048.000000 197
0.616669 -0.529062 174522881038752583701640481960099840.000000 181
0.735953 -0.529892 -8519804359314154469962593287012352.000000 196
0.791796 -0.401964 55263506324043734382850745883951104.000000 213
0.664439 -0.453191 -105039675444912622647643210197762048.000000 197
0.838383 -0.043527 -7874849949733997057756104199503872.000000 225
0.715365 -0.101593 9168873872078978440056633070452736.000000 210
0.792049 -0.172045 46447158697598521786827863960322048.000000 224
0.443723 -0.339315 -2836094317469519581081606371600760832.000000 177
0.346313 -0.275789 11443466589540237289214793140001570816.000000 161
0.362206 -0.401597 9889755181439916178440140419456040960.000000 159
0.584401 -0.096754 -29158923660406371397665748997373952.000000 192
0.469331 -0.217723 -1380187238858227869122758971473526784.000000 178
0.569181 -0.223917 589835461253145495660164328808513536.000000 195
0.441136 -0.097722 1225103325538661495444508253951623168.000000 175
0.330420 -0.149981 -2626762217940480510406730331069612032.000000 160
0.469331 -0.217723 -1380187238858227869122758971473526784.000000 178
0.915249 0.040903 -693024152507055680002426042056704.000000 228
0.992115 0.125333 -1383893991238639940261408432717824.000000 233
0.870933 0.153872 4546073969517181806082515770802176.000000 219
0.219168 0.730672 -1317581169908896160968494967850795008.000000 187
0.360982 0.819266 126325448185503021458584156158033920.000000 203
0.203275 0.856480 752073281035996861440054703891152896.000000 200
0.110736 0.746398 -3137400988978523009813302166253731840.000000 183
0.219168 0.730672 -1317581169908896160968494967850795008.000000 187
0.203275 0.856480 752073281035996861440054703891152896.000000 200
0.235061 0.604864 -999553644776113023164914592787726336.000000 186
0.382682 0.674543 370030366466399936674504426366435328.000000 202
0.219168 0.730672 -1317581169908896160968494967850795008.000000 187
0.123361 0.435810 11437071127709988516272942954047340544.000000 154
-0.004231 0.392564 -50205373275304055620210109345347665920.000000 135
0.060580 0.300829 -15703863081224268238248537522291343360.000000 136
-0.081324 0.616659 -58760666153772144441998006349587283968.000000 152
-0.108431 0.494783 113366166964149111548243967028683079680.000000 133
0.034091 0.510509 -4425818551352672284819805879914201088.000000 151
0.000768 0.741156 7297562993802425558192130782518050816.000000 167
-0.109200 0.735914 16728690263394177503994912984438669312.000000 150
-0.081324 0.616659 -58760666153772144441998006349587283968.000000 152
0.110736 0.746398 -3137400988978523009813302166253731840.000000 183
0.000768 0.741156 7297562993802425558192130782518050816.000000 167
0.072414 0.628453 10861127185382685797808769045889024000.000000 169
0.110736 0.746398 -3137400988978523009813302166253731840.000000 183
0.203275 0.856480 752073281035996861440054703891152896.000000 200
0.023973 0.872212 -41934376527448179894059331766714368.000000 184
-0.219168 0.730672 -29028791471169728284651848076999262208.000000 134
-0.235061 0.604864 259769646104776204078278043606274015232.000000 132
-0.081324 0.616659 -58760666153772144441998006349587283968.000000 152
0.123361 0.435810 11437071127709988516272942954047340544.000000 154
0.163714 0.327039 -3998856550105799395100168221198647296.000000 153
0.266847 0.353249 -1165263650424448966083808552831418368.000000 172
0.235061 0.604864 -999553644776113023164914592787726336.000000 186
0.134576 0.557687 -2978820083456982155327377966570143744.000000 168
0.250954 0.479057 -1607189767756500382165634295405740032.000000 171
0.034091 0.510509 -4425818551352672284819805879914201088.000000 151
-0.004231 0.392564 -50205373275304055620210109345347665920.000000 135
0.123361 0.435810 11437071127709988516272942954047340544.000000 154
0.382682 0.674543 370030366466399936674504426366435328.000000 202
0.360982 0.819266 126325448185503021458584156158033920.000000 203
0.219168 0.730672 -1317581169908896160968494967850795008.000000 187
0.349368 0.525509 454532436233216554383146508793937920.000000 189
0.382682 0.674543 370030366466399936674504426366435328.000000 202
0.235061 0.604864 -999553644776113023164914592787726336.000000 186
0.447782 0.571962 -134462577301738556664629197973487616.000000 205
0.534582 0.656244 -27545288543715918027151147794432000.000000 217
0.382682 0.674543 370030366466399936674504426366435328.000000 202
-0.876307 0.481754 -6737156319616028555221420709798779813888.000000 40
-0.708183 0.493222 29240158797227030470461231211236458233856.000000 56
-0.809017 0.587785 -7277500435577132283217869412196593696768.000000 55
-0.389865 0.411315 3971950482245129628472971860512153272320.000000 95
-0.250954 0.479057 -830818003061944531559385616255601868800.000000 114
-0.349368 0.525509 -799602122972293531113843734392571166720.000000 113
-0.162647 0.251030 -907437609786626640094452808865969864704.000000 99
-0.135539 0.372907 4754006038030592277062828242981879808.000000 116
-0.266847 0.353249 1440275138150552408224847351121977540608.000000 98
-0.298634 0.101634 -23436485029807090276442803556872242593792.000000 73
-0.189755 0.129154 2904706394937730934418316475290945060864.000000 93
-0.282741 0.227442 1013422610601786566047779857194620551168.000000 79
-0.042554 0.274619 195507260262632014743688482162735054848.000000 117
-0.135539 0.372907 4754006038030592277062828242981879808.000000 116
-0.162647 0.251030 -907437609786626640094452808865969864704.000000 99
-0.108431 0.494783 113366166964149111548243967028683079680.000000 133
-0.004231 0.392564 -50205373275304055620210109345347665920.000000 135
0.034091 0.510509 -4425818551352672284819805879914201088.000000 151
-0.282741 0.227442 1013422610601786566047779857194620551168.000000 79
-0.162647 0.251030 -907437609786626640094452808865969864704.000000 99
-0.266847 0.353249 1440275138150552408224847351121977540608.000000 98
-0.042554 0.274619 195507260262632014743688482162735054848.000000 117
-0.004231 0.392564 -50205373275304055620210109345347665920.000000 135
-0.135539 0.372907 4754006038030592277062828242981879808.000000 116
0.167922 0.223510 24271932199557039676532570646535733248.000000 147
0.172130 0.119981 -31822882135192781683956400932190683136.000000 137
0.282741 0.227442 1797579028633556852088282100002717696.000000 155
0.060580 0.300829 -15703863081224268238248537522291343360.000000 136
0.167922 0.223510 24271932199557039676532570646535733248.000000 147
0.163714 0.327039 -3998856550105799395100168221198647296.000000 153
0.040329 0.180264 -63928872078483022873709246957356056576.000000 129
0.172130 0.119981 -31822882135192781683956400932190683136.000000 137
0.167922 0.223510 24271932199557039676532570646535733248.000000 147
-0.080876 0.156675 -104924146253805744856348473289252798464.000000 110
0.040329 0.180264 -63928872078483022873709246957356056576.000000 129
-0.042554 0.274619 195507260262632014743688482162735054848.000000 117
0.020079 0.059698 302353055847182666177586122789276876800.000000 118
0.172130 0.119981 -31822882135192781683956400932190683136.000000 137
0.040329 0.180264 -63928872078483022873709246957356056576.000000 129
0.282741 0.227442 1797579028633556852088282100002717696.000000 155
0.266847 0.353249 -1165263650424448966083808552831418368.000000 172
0.163714 0.327039 -3998856550105799395100168221198647296.000000 153
-0.534582 0.656244 533788798008887897102622971806382817280.000000 96
-0.535827 0.844328 -26849394857893835602900489042896355328.000000 111
-0.637424 0.770513 -716636002906261550027250992882317787136.000000 94
0.847640 -0.274036 20785514455870810198440290541371392.000000 227
0.903483 -0.146108 -10816388629177040940835481430523904.000000 239
0.792049 -0.172045 46447158697598521786827863960322048.000000 224
0.968583 -0.248690 -399774669591091105501549263060992.000000 241
0.903483 -0.146108 -10816388629177040940835481430523904.000000 239
0.847640 -0.274036 20785514455870810198440290541371392.000000 227
0.791796 -0.401964 55263506324043734382850745883951104.000000 213
0.735953 -0.529892 -8519804359314154469962593287012352.000000 196
0.876307 -0.481754 -13844553176298966172938904161746944.000000 211
0.929776 -0.368125 -23757574136169446278907614646501376.000000 226
0.791796 -0.401964 55263506324043734382850745883951104.000000 213
0.876307 -0.481754 -13844553176298966172938904161746944.000000 211
0.592925 -0.376490 600583498937668728700952568622219264.000000 194
0.569181 -0.223917 589835461253145495660164328808513536.000000 195
0.443723 -0.339315 -2836094317469519581081606371600760832.000000 177
0.616669 -0.529062 174522881038752583701640481960099840.000000 181
0.592925 -0.376490 600583498937668728700952568622219264.000000 194
0.486789 -0.444362 -1333856291855702034117782240451624960.000000 176
0.736206 -0.299972 -201805021287517626703243489484734464.000000 212
0.569181 -0.223917 589835461253145495660164328808513536.000000 195
0.592925 -0.376490 600583498937668728700952568622219264.000000 194
0.847640 -0.274036 20785514455870810198440290541371392.000000 227
0.736206 -0.299972 -201805021287517626703243489484734464.000000 212
0.791796 -0.401964 55263506324043734382850745883951104.000000 213
0.680615 -0.197981 -88639444423926220195975250525028352.000000 209
0.569181 -0.223917 589835461253145495660164328808513536.000000 195
0.736206 -0.299972 -201805021287517626703243489484734464.000000 212
0.378100 -0.527404 635891054012849619831871031518167040.000000 158
0.486789 -0.444362 -1333856291855702034117782240451624960.000000 176
0.362206 -0.401597 9889755181439916178440140419456040960.000000 159
0.518255 -0.575515 180989101665624618057224835387359232.000000 164
0.393993 -0.653212 -422193255778708348050970748253110272.000000 146
0.515708 -0.711863 -81278286077851623894991437559758848.000000 162
0.486789 -0.444362 -1333856291855702034117782240451624960.000000 176
0.518255 -0.575515 180989101665624618057224835387359232.000000 164
0.616669 -0.529062 174522881038752583701640481960099840.000000 181
0.378100 -0.527404 635891054012849619831871031518167040.000000 158
0.393993 -0.653212 -422193255778708348050970748253110272.000000 146
0.518255 -0.575515 180989101665624618057224835387359232.000000 164
0.658410 -0.623625 -54078755731792349062559212033277952.000000 179
0.728969 -0.684547 4132092065653199946179739492810752.000000 180
0.735953 -0.529892 -8519804359314154469962593287012352.000000 196
0.196515 -0.037934 13105689506257745030589110410538909696.000000 140
0.330420 -0.149981 -2626762217940480510406730331069612032.000000 160
0.314527 -0.024174 -2964729838023879367403821460088684544.000000 157
-0.195844 -0.197159 -11542983078883820486359352016388019453952.000000 84
-0.118071 -0.307241 4057342864899562115544960428110382104576.000000 89
-0.064278 -0.185365 1545942939221205744167786540366718566400.000000 103
-0.118071 -0.307241 4057342864899562115544960428110382104576.000000 89
-0.234167 -0.315104 -11660727024516630288623554068679816642560.000000 70
-0.145550 -0.426758 1134058294753455099215819226255070330880.000000 87
0.210774 -0.256132 -15561379720662695616094563584469630976.000000 142
0.346313 -0.275789 11443466589540237289214793140001570816.000000 161
0.330420 -0.149981 -2626762217940480510406730331069612032.000000 160
0.210774 -0.256132 -15561379720662695616094563584469630976.000000 142
0.235267 -0.407887 -45643552129954639435140982202668417024.000000 143
0.346313 -0.275789 11443466589540237289214793140001570816.000000 161
0.067288 -0.173570 -136562825931454185880095282763785043968.000000 121
0.114121 -0.291515 133731750765731763720961866280403468288.000000 124
0.198854 -0.161776 11101937987755923035421405818256359424.000000 141
0.108328 -0.414177 164416686550754778210124286956085968896.000000 123
0.114121 -0.291515 133731750765731763720961866280403468288.000000 124
-0.001975 -0.299378 -777405999237813788133646104969581953024.000000 107
0.247982 -0.508533 -18830463127873469651196734368282312704.000000 139
0.362206 -0.401597 9889755181439916178440140419456040960.000000 159
0.235267 -0.407887 -45643552129954639435140982202668417024.000000 143
0.443723 -0.339315 -2836094317469519581081606371600760832.000000 177
0.486789 -0.444362 -1333856291855702034117782240451624960.000000 176
0.592925 -0.376490 600583498937668728700952568622219264.000000 194
0.346313 -0.275789 11443466589540237289214793140001570816.000000 161
0.443723 -0.339315 -2836094317469519581081606371600760832.000000 177
0.469331 -0.217723 -1380187238858227869122758971473526784.000000 178
0.362206 -0.401597 9889755181439916178440140419456040960.000000 159
0.486789 -0.444362 -1333856291855702034117782240451624960.000000 176
0.443723 -0.339315 -2836094317469519581081606371600760832.000000 177
0.518255 -0.575515 180989101665624618057224835387359232.000000 164
0.658410 -0.623625 -54078755731792349062559212033277952.000000 179
0.616669 -0.529062 174522881038752583701640481960099840.000000 181
0.735953 -0.529892 -8519804359314154469962593287012352.000000 196
0.809017 -0.587785 6676205213024128461839232189595648.000000 193
0.876307 -0.481754 -13844553176298966172938904161746944.000000 211
0.616669 -0.529062 174522881038752583701640481960099840.000000 181
0.658410 -0.623625 -54078755731792349062559212033277952.000000 179
0.735953 -0.529892 -8519804359314154469962593287012352.000000 196
0.791796 -0.401964 55263506324043734382850745883951104.000000 213
0.736206 -0.299972 -201805021287517626703243489484734464.000000 212
0.664439 -0.453191 -105039675444912622647643210197762048.000000 197
0.486789 -0.444362 -1333856291855702034117782240451624960.000000 176
0.378100 -0.527404 635891054012849619831871031518167040.000000 158
0.518255 -0.575515 180989101665624618057224835387359232.000000 164
0.728969 -0.684547 4132092065653199946179739492810752.000000 180
0.809017 -0.587785 6676205213024128461839232189595648.000000 193
0.735953 -0.529892 -8519804359314154469962593287012352.000000 196
0.847640 -0.274036 20785514455870810198440290541371392.000000 227
0.792049 -0.172045 46447158697598521786827863960322048.000000 224
0.736206 -0.299972 -201805021287517626703243489484734464.000000 212
0.838383 -0.043527 -7874849949733997057756104199503872.000000 225
0.792049 -0.172045 46447158697598521786827863960322048.000000 224
0.903483 -0.146108 -10816388629177040940835481430523904.000000 239
0.715365 -0.101593 9168873872078978440056633070452736.000000 210
0.680615 -0.197981 -88639444423926220195975250525028352.000000 209
0.792049 -0.172045 46447158697598521786827863960322048.000000 224
1.000000 -0.000000 5353543637878296766737797747834880.000000 240
0.992115 0.125333 -1383893991238639940261408432717824.000000 233
0.915249 0.040903 -693024152507055680002426042056704.000000 228
0.295977 -0.844070 491340853472608830957075641684459520.000000 125
0.177179 -0.862891 3233384364843484960310627901923917824.000000 109
0.309017 -0.951057 -905046235095387246539696057249431552.000000 108
0.425779 -0.904827 -329821526350498720939406989782417408.000000 126
0.295977 -0.844070 491340853472608830957075641684459520.000000 125
0.309017 -0.951057 -905046235095387246539696057249431552.000000 108
0.282937 -0.737084 -5605490565330141577824908641814183936.000000 127
0.177179 -0.862891 3233384364843484960310627901923917824.000000 109
0.295977 -0.844070 491340853472608830957075641684459520.000000 125
0.062791 -0.998027 -12390919386523444168505097734166937600.000000 72
0.060826 -0.904827 7597292551247042493397409954214707200.000000 91
-0.062791 -0.998027 35910425547432962613200507481343655936.000000 71
-0.272489 -0.433048 1075963115088866311841223799658371874816.000000 67
-0.234167 -0.315104 -11660727024516630288623554068679816642560.000000 70
-0.362206 -0.401597 23443492834967098656579267279239879065600.000000 53
-0.349134 -0.668938 3394350137079616338966383329435407351808.000000 51
-0.166657 -0.668938 -871291744397181364861792793371024031744.000000 68
-0.219573 -0.550993 2600287286483283372650500678344800993280.000000 69
-0.005837 -0.810471 -40283934999647395853402858457665634304.000000 101
-0.060826 -0.904827 -30568016938408790051370244056524259328.000000 82
0.060826 -0.904827 7597292551247042493397409954214707200.000000 91
0.177179 -0.862891 3233384364843484960310627901923917824.000000 109
-0.005837 -0.810471 -40283934999647395853402858457665634304.000000 101
0.060826 -0.904827 7597292551247042493397409954214707200.000000 91
-0.072500 -0.716116 83674158171881596484857940263181484032.000000 83
-0.156928 -0.826197 277002143415864031327572054553976111104.000000 81
-0.005837 -0.810471 -40283934999647395853402858457665634304.000000 101
-0.272489 -0.433048 1075963115088866311841223799658371874816.000000 67
-0.219573 -0.550993 2600287286483283372650500678344800993280.000000 69
-0.145550 -0.426758 1134058294753455099215819226255070330880.000000 87
-0.321429 -0.833823 -458755455645333611893078910893153058816.000000 46
-0.409886 -0.779019 3878161876920962763609190724355745644544.000000 45
-0.425779 -0.904827 -945457450045217863147452651330527559680.000000 32
-0.232973 -0.888627 264129559191818331406126567482399391744.000000 62
-0.321429 -0.833823 -458755455645333611893078910893153058816.000000 46
-0.309017 -0.951057 293316509881982260228036848472509382656.000000 47
-0.232973 -0.888627 264129559191818331406126567482399391744.000000 62
-0.253031 -0.747568 -1158338107498790686954587293144057905152.000000 61
-0.321429 -0.833823 -458755455645333611893078910893153058816.000000 46
-0.166657 -0.668938 -871291744397181364861792793371024031744.000000 68
-0.253031 -0.747568 -1158338107498790686954587293144057905152.000000 61
-0.156928 -0.826197 277002143415864031327572054553976111104.000000 81
-0.349134 -0.668938 3394350137079616338966383329435407351808.000000 51
-0.409886 -0.779019 3878161876920962763609190724355745644544.000000 45
-0.253031 -0.747568 -1158338107498790686954587293144057905152.000000 61
0.187381 -0.982287 -1640028956709499554126443040657637376.000000 90
0.060826 -0.904827 7597292551247042493397409954214707200.000000 91
0.062791 -0.998027 -12390919386523444168505097734166937600.000000 72
0.235267 -0.407887 -45643552129954639435140982202668417024.000000 143
0.362206 -0.401597 9889755181439916178440140419456040960.000000 159
0.346313 -0.275789 11443466589540237289214793140001570816.000000 161
0.298781 -0.621760 7468528931538210355314852637236527104.000000 138
0.378100 -0.527404 635891054012849619831871031518167040.000000 158
0.247982 -0.508533 -18830463127873469651196734368282312704.000000 139
0.518255 -0.575515 180989101665624618057224835387359232.000000 164
0.515708 -0.711863 -81278286077851623894991437559758848.000000 162
0.658410 -0.623625 -54078755731792349062559212033277952.000000 179
0.298781 -0.621760 7468528931538210355314852637236527104.000000 138
0.393993 -0.653212 -422193255778708348050970748253110272.000000 146
0.378100 -0.527404 635891054012849619831871031518167040.000000 158
0.141155 -0.577727 -36403320969215185834224230898480447488.000000 120
0.164458 -0.730094 20746628803097376164811345208249679872.000000 119
0.298781 -0.621760 7468528931538210355314852637236527104.000000 138
0.108328 -0.414177 164416686550754778210124286956085968896.000000 123
0.141155 -0.577727 -36403320969215185834224230898480447488.000000 120
0.247982 -0.508533 -18830463127873469651196734368282312704.000000 139
0.034327 -0.646921 -40548072282473549957437637654504013824.000000 102
0.164458 -0.730094 20746628803097376164811345208249679872.000000 119
0.141155 -0.577727 -36403320969215185834224230898480447488.000000 120
0.108328 -0.414177 164416686550754778210124286956085968896.000000 123
-0.012254 -0.470791 70618173036078615077224072583753760768.000000 105
0.141155 -0.577727 -36403320969215185834224230898480447488.000000 120
-0.072500 -0.716116 83674158171881596484857940263181484032.000000 83
-0.005837 -0.810471 -40283934999647395853402858457665634304.000000 101
0.034327 -0.646921 -40548072282473549957437637654504013824.000000 102
0.282937 -0.737084 -5605490565330141577824908641814183936.000000 127
0.393993 -0.653212 -422193255778708348050970748253110272.000000 146
0.298781 -0.621760 7468528931538210355314852637236527104.000000 138
-0.005837 -0.810471 -40283934999647395853402858457665634304.000000 101
0.177179 -0.862891 3233384364843484960310627901923917824.000000 109
0.164458 -0.730094 20746628803097376164811345208249679872.000000 119
0.187381 -0.982287 -1640028956709499554126443040657637376.000000 90
0.177179 -0.862891 3233384364843484960310627901923917824.000000 109
0.060826 -0.904827 7597292551247042493397409954214707200.000000 91
0.187381 -0.982287 -1640028956709499554126443040657637376.000000 90
0.309017 -0.951057 -905046235095387246539696057249431552.000000 108
0.177179 -0.862891 3233384364843484960310627901923917824.000000 109
0.409886 -0.779019 1008295023340882197919405733685755904.000000 144
0.393993 -0.653212 -422193255778708348050970748253110272.000000 146
0.282937 -0.737084 -5605490565330141577824908641814183936.000000 127
0.515708 -0.711863 -81278286077851623894991437559758848.000000 162
0.637424 -0.770513 92271645606730685395424525856800768.000000 163
0.658410 -0.623625 -54078755731792349062559212033277952.000000 179
0.409886 -0.779019 1008295023340882197919405733685755904.000000 144
0.515708 -0.711863 -81278286077851623894991437559758848.000000 162
0.393993 -0.653212 -422193255778708348050970748253110272.000000 146
0.409886 -0.779019 1008295023340882197919405733685755904.000000 144
0.535827 -0.844328 -271033724198655493134355850441261056.000000 145
0.515708 -0.711863 -81278286077851623894991437559758848.000000 162
0.425779 -0.904827 -329821526350498720939406989782417408.000000 126
0.409886 -0.779019 1008295023340882197919405733685755904.000000 144
0.295977 -0.844070 491340853472608830957075641684459520.000000 125
-0.065162 -0.389016 -536327453506202887668456460001719877632.000000 106
-0.145550 -0.426758 1134058294753455099215819226255070330880.000000 87
-0.115913 -0.510892 -399091500826072287387239150618884964352.000000 88
-0.272489 -0.433048 1075963115088866311841223799658371874816.000000 67
-0.145550 -0.426758 1134058294753455099215819226255070330880.000000 87
-0.234167 -0.315104 -11660727024516630288623554068679816642560.000000 70
-0.219573 -0.550993 2600287286483283372650500678344800993280.000000 69
-0.378100 -0.527404 -17635195427295627761811951519503745024000.000000 52
-0.349134 -0.668938 3394350137079616338966383329435407351808.000000 51
-0.072500 -0.716116 83674158171881596484857940263181484032.000000 83
-0.042377 -0.593453 266941717879710318554715179300430020608.000000 86
-0.166657 -0.668938 -871291744397181364861792793371024031744.000000 68
-0.272489 -0.433048 1075963115088866311841223799658371874816.000000 67
-0.378100 -0.527404 -17635195427295627761811951519503745024000.000000 52
-0.219573 -0.550993 2600287286483283372650500678344800993280.000000 69
0.535827 -0.844328 -271033724198655493134355850441261056.000000 145
0.409886 -0.779019 1008295023340882197919405733685755904.000000 144
0.425779 -0.904827 -329821526350498720939406989782417408.000000 126
0.535827 -0.844328 -271033724198655493134355850441261056.000000 145
0.637424 -0.770513 92271645606730685395424525856800768.000000 163
0.515708 -0.711863 -81278286077851623894991437559758848.000000 162
0.409886 -0.779019 1008295023340882197919405733685755904.000000 144
0.282937 -0.737084 -5605490565330141577824908641814183936.000000 127
0.295977 -0.844070 491340853472608830957075641684459520.000000 125
0.637424 -0.770513 92271645606730685395424525856800768.000000 163
0.728969 -0.684547 4132092065653199946179739492810752.000000 180
0.658410 -0.623625 -54078755731792349062559212033277952.000000 179
-0.309017 0.951057 -16058804196783177369989880245668282368.000000 148
-0.203275 0.856480 -889457848130437678988476463102033920.000000 149
-0.187381 0.982287 4316591734046445844346206568933490688.000000 165
-0.109200 0.735914 16728690263394177503994912984438669312.000000 150
-0.219168 0.730672 -29028791471169728284651848076999262208.000000 134
-0.081324 0.616659 -58760666153772144441998006349587283968.000000 152
-0.187381 0.982287 4316591734046445844346206568933490688.000000 165
-0.203275 0.856480 -889457848130437678988476463102033920.000000 149
-0.089651 0.864346 -4607056804296473124746568549038817280.000000 166
-0.219168 0.730672 -29028791471169728284651848076999262208.000000 134
-0.382682 0.674543 -124798321575663592821438622014875107328.000000 115
-0.235061 0.604864 259769646104776204078278043606274015232.000000 132
-0.089651 0.864346 -4607056804296473124746568549038817280.000000 166
-0.109200 0.735914 16728690263394177503994912984438669312.000000 150
0.000768 0.741156 7297562993802425558192130782518050816.000000 167
-0.253031 -0.747568 -1158338107498790686954587293144057905152.000000 61
-0.166657 -0.668938 -871291744397181364861792793371024031744.000000 68
-0.349134 -0.668938 3394350137079616338966383329435407351808.000000 51
-0.060826 -0.904827 -30568016938408790051370244056524259328.000000 82
-0.156928 -0.826197 277002143415864031327572054553976111104.000000 81
-0.187381 -0.982287 -156204197299700026500611595792405233664.000000 63
-0.060826 -0.904827 -30568016938408790051370244056524259328.000000 82
-0.005837 -0.810471 -40283934999647395853402858457665634304.000000 101
-0.156928 -0.826197 277002143415864031327572054553976111104.000000 81
-0.232973 -0.888627 264129559191818331406126567482399391744.000000 62
-0.156928 -0.826197 277002143415864031327572054553976111104.000000 81
-0.253031 -0.747568 -1158338107498790686954587293144057905152.000000 61
-0.187381 -0.982287 -156204197299700026500611595792405233664.000000 63
-0.232973 -0.888627 264129559191818331406126567482399391744.000000 62
-0.309017 -0.951057 293316509881982260228036848472509382656.000000 47
-0.187381 -0.982287 -156204197299700026500611595792405233664.000000 63
-0.156928 -0.826197 277002143415864031327572054553976111104.000000 81
-0.232973 -0.888627 264129559191818331406126567482399391744.000000 62
-0.062791 -0.998027 35910425547432962613200507481343655936.000000 71
-0.060826 -0.904827 -30568016938408790051370244056524259328.000000 82
-0.187381 -0.982287 -156204197299700026500611595792405233664.000000 63
-0.042377 -0.593453 266941717879710318554715179300430020608.000000 86
-0.072500 -0.716116 83674158171881596484857940263181484032.000000 83
0.034327 -0.646921 -40548072282473549957437637654504013824.000000 102
-0.012254 -0.470791 70618173036078615077224072583753760768.000000 105
-0.042377 -0.593453 266941717879710318554715179300430020608.000000 86
0.034327 -0.646921 -40548072282473549957437637654504013824.000000 102
-0.115913 -0.510892 -399091500826072287387239150618884964352.000000 88
-0.166657 -0.668938 -871291744397181364861792793371024031744.000000 68
-0.042377 -0.593453 266941717879710318554715179300430020608.000000 86
-0.518255 -0.575515 83361283227122696829610138968649822633984.000000 36
-0.616669 -0.529062 -494665642880008645172764538860104511913984.000000 25
-0.658410 -0.623625 -18756642685837681972963569081392803348480.000000 24
-0.433694 -0.622226 -10221637794528338651528112613836592250880.000000 37
-0.518255 -0.575515 83361283227122696829610138968649822633984.000000 36
-0.534148 -0.701322 -12975667572741350388834446814315227906048.000000 31
-0.409886 -0.779019 3878161876920962763609190724355745644544.000000 45
-0.433694 -0.622226 -10221637794528338651528112613836592250880.000000 37
-0.534148 -0.701322 -12975667572741350388834446814315227906048.000000 31
-0.349134 -0.668938 3394350137079616338966383329435407351808.000000 51
-0.378100 -0.527404 -17635195427295627761811951519503745024000.000000 52
-0.433694 -0.622226 -10221637794528338651528112613836592250880.000000 37
-0.378100 -0.527404 -17635195427295627761811951519503745024000.000000 52
-0.486789 -0.444362 22782358364776907180992097996444119597056.000000 38
-0.518255 -0.575515 83361283227122696829610138968649822633984.000000 36
0.060826 -0.904827 7597292551247042493397409954214707200.000000 91
-0.060826 -0.904827 -30568016938408790051370244056524259328.000000 82
-0.062791 -0.998027 35910425547432962613200507481343655936.000000 71
-0.534148 -0.701322 -12975667572741350388834446814315227906048.000000 31
-0.535827 -0.844328 -1404583828981446522221449604460917555200.000000 30
-0.409886 -0.779019 3878161876920962763609190724355745644544.000000 45
-0.486789 -0.444362 22782358364776907180992097996444119597056.000000 38
-0.378100 -0.527404 -17635195427295627761811951519503745024000.000000 52
-0.362206 -0.401597 23443492834967098656579267279239879065600.000000 53
-0.728969 -0.684547 -140531045503390704058247082396693223702528.000000 14
-0.637424 -0.770513 30205675173671611262067823813703095025664.000000 19
-0.658410 -0.623625 -18756642685837681972963569081392803348480.000000 24
-0.321429 -0.833823 -458755455645333611893078910893153058816.000000 46
-0.253031 -0.747568 -1158338107498790686954587293144057905152.000000 61
-0.409886 -0.779019 3878161876920962763609190724355745644544.000000 45
-0.346313 -0.275789 49849930460693545444004238138209017528320.000000 64
-0.362206 -0.401597 23443492834967098656579267279239879065600.000000 53
-0.234167 -0.315104 -11660727024516630288623554068679816642560.000000 70
-0.195844 -0.197159 -11542983078883820486359352016388019453952.000000 84
-0.346313 -0.275789 49849930460693545444004238138209017528320.000000 64
-0.234167 -0.315104 -11660727024516630288623554068679816642560.000000 70
-0.658594 0.038247 1696867552941465164118286330447690960207872.000000 29
-0.584401 -0.096754 446953919849629552162300206686073476087808.000000 35
-0.515073 -0.029496 -443359002406224745710043597291762070061056.000000 39
-0.330420 -0.149981 20156517912791060152634791499107647094784.000000 66
-0.441136 -0.097722 -10528436895002574146317603454218902962176.000000 50
-0.469331 -0.217723 -141397711219581186861879831366349388513280.000000 49
-0.330420 -0.149981 20156517912791060152634791499107647094784.000000 66
-0.314527 -0.024174 -19427211979726773540018278247337987932160.000000 65
-0.441136 -0.097722 -10528436895002574146317603454218902962176.000000 50
-0.321429 -0.833823 -458755455645333611893078910893153058816.000000 46
-0.425779 -0.904827 -945457450045217863147452651330527559680.000000 32
-0.309017 -0.951057 293316509881982260228036848472509382656.000000 47
-0.378100 -0.527404 -17635195427295627761811951519503745024000.000000 52
-0.518255 -0.575515 83361283227122696829610138968649822633984.000000 36
-0.433694 -0.622226 -10221637794528338651528112613836592250880.000000 37
-0.535827 -0.844328 -1404583828981446522221449604460917555200.000000 30
-0.425779 -0.904827 -945457450045217863147452651330527559680.000000 32
-0.409886 -0.779019 3878161876920962763609190724355745644544.000000 45
0.298634 0.101634 3755704882911578142939735284948926464.000000 156
0.172130 0.119981 -31822882135192781683956400932190683136.000000 137
0.196515 -0.037934 13105689506257745030589110410538909696.000000 140
-0.216863 0.007278 8583532858572007706875008906433432387584.000000 80
-0.157522 -0.079215 134919053647303066371411921774391066624.000000 85
-0.119199 0.038730 -1558792602610918123612080259981786480640.000000 100
0.198854 -0.161776 11101937987755923035421405818256359424.000000 141
0.210774 -0.256132 -15561379720662695616094563584469630976.000000 142
0.330420 -0.149981 -2626762217940480510406730331069612032.000000 160
-0.118071 -0.307241 4057342864899562115544960428110382104576.000000 89
-0.195844 -0.197159 -11542983078883820486359352016388019453952.000000 84
-0.234167 -0.315104 -11660727024516630288623554068679816642560.000000 70
0.114121 -0.291515 133731750765731763720961866280403468288.000000 124
0.235267 -0.407887 -45643552129954639435140982202668417024.000000 143
0.210774 -0.256132 -15561379720662695616094563584469630976.000000 142
0.114121 -0.291515 133731750765731763720961866280403468288.000000 124
0.108328 -0.414177 164416686550754778210124286956085968896.000000 123
0.235267 -0.407887 -45643552129954639435140982202668417024.000000 143
0.198854 -0.161776 11101937987755923035421405818256359424.000000 141
0.114121 -0.291515 133731750765731763720961866280403468288.000000 124
0.210774 -0.256132 -15561379720662695616094563584469630976.000000 142
0.067288 -0.173570 -136562825931454185880095282763785043968.000000 121
-0.064278 -0.185365 1545942939221205744167786540366718566400.000000 103
-0.001975 -0.299378 -777405999237813788133646104969581953024.000000 107
-0.012254 -0.470791 70618173036078615077224072583753760768.000000 105
0.034327 -0.646921 -40548072282473549957437637654504013824.000000 102
0.141155 -0.577727 -36403320969215185834224230898480447488.000000 120
-0.064278 -0.185365 1545942939221205744167786540366718566400.000000 103
-0.035536 -0.096906 60548995129310513122661483574816931840.000000 104
-0.157522 -0.079215 134919053647303066371411921774391066624.000000 85
-0.001975 -0.299378 -777405999237813788133646104969581953024.000000 107
-0.064278 -0.185365 1545942939221205744167786540366718566400.000000 103
-0.118071 -0.307241 4057342864899562115544960428110382104576.000000 89
0.067288 -0.173570 -136562825931454185880095282763785043968.000000 121
-0.035536 -0.096906 60548995129310513122661483574816931840.000000 104
-0.064278 -0.185365 1545942939221205744167786540366718566400.000000 103
-0.330420 -0.149981 20156517912791060152634791499107647094784.000000 66
-0.195844 -0.197159 -11542983078883820486359352016388019453952.000000 84
-0.157522 -0.079215 134919053647303066371411921774391066624.000000 85
-0.330420 -0.149981 20156517912791060152634791499107647094784.000000 66
-0.346313 -0.275789 49849930460693545444004238138209017528320.000000 64
-0.195844 -0.197159 -11542983078883820486359352016388019453952.000000 84
-0.658594 0.038247 1696867552941465164118286330447690960207872.000000 29
-0.576964 0.099699 -268549313208941949582040193952137911205888.000000 44
-0.708183 0.161636 614584145645596334311550165260392204337152.000000 28
-0.838383 -0.043527 28230304267036686056041523999940647036387328.000000 12
-0.715365 -0.101593 -5233739092741482657789350876384089964806144.000000 23
-0.773283 0.059054 -4353175187464806179195638092879390369120256.000000 18
-0.584401 -0.096754 446953919849629552162300206686073476087808.000000 35
-0.469331 -0.217723 -141397711219581186861879831366349388513280.000000 49
-0.441136 -0.097722 -10528436895002574146317603454218902962176.000000 50
-0.715365 -0.101593 -5233739092741482657789350876384089964806144.000000 23
-0.584401 -0.096754 446953919849629552162300206686073476087808.000000 35
-0.658594 0.038247 1696867552941465164118286330447690960207872.000000 29
-0.773283 0.059054 -4353175187464806179195638092879390369120256.000000 18
-0.715365 -0.101593 -5233739092741482657789350876384089964806144.000000 23
-0.658594 0.038247 1696867552941465164118286330447690960207872.000000 29
-0.680615 -0.197981 668308876678262076861513423800989128851456.000000 22
-0.569181 -0.223917 588526149450485408582539255863312836984832.000000 34
-0.584401 -0.096754 446953919849629552162300206686073476087808.000000 35
-0.792049 -0.172045 6064512464709352840118441554901483191795712.000000 13
-0.680615 -0.197981 668308876678262076861513423800989128851456.000000 22
-0.715365 -0.101593 -5233739092741482657789350876384089964806144.000000 23
-0.792049 -0.172045 6064512464709352840118441554901483191795712.000000 13
-0.847640 -0.274036 25221651942903230528812586436873406556143616.000000 11
-0.680489 -0.312940 -5048478223665936370287034302829785990037504.000000 21
-0.715365 -0.101593 -5233739092741482657789350876384089964806144.000000 23
-0.680615 -0.197981 668308876678262076861513423800989128851456.000000 22
-0.584401 -0.096754 446953919849629552162300206686073476087808.000000 35
-0.838383 -0.043527 28230304267036686056041523999940647036387328.000000 12
-0.792049 -0.172045 6064512464709352840118441554901483191795712.000000 13
-0.715365 -0.101593 -5233739092741482657789350876384089964806144.000000 23
-0.314527 -0.024174 -19427211979726773540018278247337987932160.000000 65
-0.298634 0.101634 -23436485029807090276442803556872242593792.000000 73
-0.445745 0.037763 106090167805182514567909546765877162016768.000000 54
-0.680489 -0.312940 -5048478223665936370287034302829785990037504.000000 21
-0.592925 -0.376490 453825347761225882225949452310397407199232.000000 33
-0.569181 -0.223917 588526149450485408582539255863312836984832.000000 34
-0.569181 -0.223917 588526149450485408582539255863312836984832.000000 34
-0.592925 -0.376490 453825347761225882225949452310397407199232.000000 33
-0.443723 -0.339315 -208546510665713456185304127607353089458176.000000 48
-0.658410 -0.623625 -18756642685837681972963569081392803348480.000000 24
-0.616669 -0.529062 -494665642880008645172764538860104511913984.000000 25
-0.735953 -0.529892 644469087370301651950593997044176683794432.000000 15
-0.658410 -0.623625 -18756642685837681972963569081392803348480.000000 24
-0.534148 -0.701322 -12975667572741350388834446814315227906048.000000 31
-0.518255 -0.575515 83361283227122696829610138968649822633984.000000 36
-0.443723 -0.339315 -208546510665713456185304127607353089458176.000000 48
-0.469331 -0.217723 -141397711219581186861879831366349388513280.000000 49
-0.569181 -0.223917 588526149450485408582539255863312836984832.000000 34
-0.362206 -0.401597 23443492834967098656579267279239879065600.000000 53
-0.443723 -0.339315 -208546510665713456185304127607353089458176.000000 48
-0.486789 -0.444362 22782358364776907180992097996444119597056.000000 38
-0.362206 -0.401597 23443492834967098656579267279239879065600.000000 53
-0.346313 -0.275789 49849930460693545444004238138209017528320.000000 64
-0.443723 -0.339315 -208546510665713456185304127607353089458176.000000 48
0.247982 -0.508533 -18830463127873469651196734368282312704.000000 139
0.141155 -0.577727 -36403320969215185834224230898480447488.000000 120
0.298781 -0.621760 7468528931538210355314852637236527104.000000 138
-0.156928 -0.826197 277002143415864031327572054553976111104.000000 81
-0.072500 -0.716116 83674158171881596484857940263181484032.000000 83
-0.166657 -0.668938 -871291744397181364861792793371024031744.000000 68
0.164458 -0.730094 20746628803097376164811345208249679872.000000 119
0.177179 -0.862891 3233384364843484960310627901923917824.000000 109
0.282937 -0.737084 -5605490565330141577824908641814183936.000000 127
0.298781 -0.621760 7468528931538210355314852637236527104.000000 138
0.164458 -0.730094 20746628803097376164811345208249679872.000000 119
0.282937 -0.737084 -5605490565330141577824908641814183936.000000 127
0.034327 -0.646921 -40548072282473549957437637654504013824.000000 102
-0.005837 -0.810471 -40283934999647395853402858457665634304.000000 101
0.164458 -0.730094 20746628803097376164811345208249679872.000000 119
0.108328 -0.414177 164416686550754778210124286956085968896.000000 123
0.247982 -0.508533 -18830463127873469651196734368282312704.000000 139
0.235267 -0.407887 -45643552129954639435140982202668417024.000000 143
-0.115913 -0.510892 -399091500826072287387239150618884964352.000000 88
-0.012254 -0.470791 70618173036078615077224072583753760768.000000 105
-0.065162 -0.389016 -536327453506202887668456460001719877632.000000 106
-0.219573 -0.550993 2600287286483283372650500678344800993280.000000 69
-0.115913 -0.510892 -399091500826072287387239150618884964352.000000 88
-0.145550 -0.426758 1134058294753455099215819226255070330880.000000 87
-0.219573 -0.550993 2600287286483283372650500678344800993280.000000 69
-0.166657 -0.668938 -871291744397181364861792793371024031744.000000 68
-0.115913 -0.510892 -399091500826072287387239150618884964352.000000 88
-0.115913 -0.510892 -399091500826072287387239150618884964352.000000 88
-0.042377 -0.593453 266941717879710318554715179300430020608.000000 86
-0.012254 -0.470791 70618173036078615077224072583753760768.000000 105
0.378100 -0.527404 635891054012849619831871031518167040.000000 158
0.362206 -0.401597 9889755181439916178440140419456040960.000000 159
0.247982 -0.508533 -18830463127873469651196734368282312704.000000 139
