-0.903483 -0.146108 -43640278125639691827588294324624405792030720.000000 5
-0.992115 -0.125333 387020103423592370459425846058808535846748160.000000 1
-0.968583 -0.248690 -44353544354047914495335131582926836933328896.000000 2
-0.929776 -0.368125 3530577202238041830327972520473845366259712.000000 3
-0.847640 -0.274036 12610825971451615264406293218436703278071808.000000 11
-0.968583 -0.248690 -44353544354047914495335131582926836933328896.000000 2
-0.838383 -0.043527 14115152133518343028020761999970323518193664.000000 12
-1.000000 -0.000000 -33499290881166426717636301869011494525468672.000000 4
-0.903483 -0.146108 -43640278125639691827588294324624405792030720.000000 5
-0.791796 -0.401964 -2689905889159478685285269131719395030073344.000000 10
-0.876307 -0.481754 284875259319535987516747325477198007107584.000000 6
-0.735953 -0.529892 322234543685150903346549453858355523092480.000000 15
-0.664439 -0.453191 1218651444590505882310777840139426825502720.000000 20
-0.592925 -0.376490 226912673880612941112974726155198703599616.000000 33
-0.680489 -0.312940 -2524239111832968185143517151414892995018752.000000 21
-0.616669 -0.529062 -247332821440004322586382269430052255956992.000000 25
-0.664439 -0.453191 1218651444590505882310777840139426825502720.000000 20
-0.735953 -0.529892 322234543685150903346549453858355523092480.000000 15
-0.616669 -0.529062 -247332821440004322586382269430052255956992.000000 25
-0.592925 -0.376490 226912673880612941112974726155198703599616.000000 33
-0.664439 -0.453191 1218651444590505882310777840139426825502720.000000 20
-0.847640 -0.274036 12610825971451615264406293218436703278071808.000000 11
-0.929776 -0.368125 3530577202238041830327972520473845366259712.000000 3
-0.791796 -0.401964 -2689905889159478685285269131719395030073344.000000 10
-0.577982 0.366799 11477769283526754058424092714422591553536.000000 58
-0.479568 0.320346 -5979942786718549376247938972935975337984.000000 75
-0.512882 0.469380 -2202106268224532009055396489758322458624.000000 77
-0.381154 0.273894 -6269110698102165246490431264477872652288.000000 78
-0.528266 0.210023 26429188995141664492107055055970521579520.000000 59
-0.413450 0.155828 12945256060776150227387044164233708175360.000000 60
-0.389865 0.411315 1985975241122564512005031026598782959616.000000 95
-0.479568 0.320346 -5979942786718549376247938972935975337984.000000 75
-0.381154 0.273894 -6269110698102165246490431264477872652288.000000 78
-0.250954 0.479057 -415409001530972114663965356299154096128.000000 114
-0.389865 0.411315 1985975241122564512005031026598782959616.000000 95
-0.266847 0.353249 720137569075276052996696223732341932032.000000 98
-0.349368 0.525509 -399801061486146689999058141281962164224.000000 113
-0.447782 0.571962 543982523444810696177964545980460171264.000000 97
-0.389865 0.411315 1985975241122564512005031026598782959616.000000 95
-0.577982 0.366799 11477769283526754058424092714422591553536.000000 58
-0.528266 0.210023 26429188995141664492107055055970521579520.000000 59
-0.479568 0.320346 -5979942786718549376247938972935975337984.000000 75
-0.080876 0.156675 -52462073126902872428174236644626399232.000000 110
-0.042554 0.274619 97753630131316007371844241081367527424.000000 117
-0.162647 0.251030 -453718804893313320047226404432984932352.000000 99
-0.189755 0.129154 1452353197468865467209158237645472530432.000000 93
-0.080876 0.156675 -52462073126902872428174236644626399232.000000 110
-0.162647 0.251030 -453718804893313320047226404432984932352.000000 99
-0.282741 0.227442 506711305300893283023889928597310275584.000000 79
-0.189755 0.129154 1452353197468865467209158237645472530432.000000 93
-0.162647 0.251030 -453718804893313320047226404432984932352.000000 99
-0.298634 0.101634 -11718242514903545138221401778436121296896.000000 73
-0.216863 0.007278 4291766429286003853437504453216716193792.000000 80
-0.189755 0.129154 1452353197468865467209158237645472530432.000000 93
0.198854 -0.161776 5550968993877963878893944343950786560.000000 141
0.078503 -0.051694 -15272222676566032790956281492997668864.000000 122
0.067288 -0.173570 -68281412965727092940047641381892521984.000000 121
0.125317 0.034143 -33000801541204962099951418281457352704.000000 128
0.020079 0.059698 151176527923591351978258992873219293184.000000 118
0.078503 -0.051694 -15272222676566032790956281492997668864.000000 122
0.196515 -0.037934 6552844753128873695886175922680758272.000000 140
0.125317 0.034143 -33000801541204962099951418281457352704.000000 128
0.078503 -0.051694 -15272222676566032790956281492997668864.000000 122
0.172130 0.119981 -15911441067596397925527924770563162112.000000 137
0.020079 0.059698 151176527923591351978258992873219293184.000000 118
0.125317 0.034143 -33000801541204962099951418281457352704.000000 128
0.282741 0.227442 898789514316779163913903998383423488.000000 155
0.172130 0.119981 -15911441067596397925527924770563162112.000000 137
0.298634 0.101634 1877852441455790252061488359885766656.000000 156
0.282741 0.227442 898789514316779163913903998383423488.000000 155
0.163714 0.327039 -1999428275052900878141704828010627072.000000 153
0.167922 0.223510 12135966099778524560632768192913080320.000000 147
-0.080876 0.156675 -52462073126902872428174236644626399232.000000 110
-0.119199 0.038730 -779396301305459061806040129990893240320.000000 100
0.020079 0.059698 151176527923591351978258992873219293184.000000 118
-0.838383 -0.043527 14115152133518343028020761999970323518193664.000000 12
-0.915249 0.040903 2420010718911880912117263590849852555132928.000000 9
-1.000000 -0.000000 -33499290881166426717636301869011494525468672.000000 4
-0.903483 -0.146108 -43640278125639691827588294324624405792030720.000000 5
-1.000000 -0.000000 -33499290881166426717636301869011494525468672.000000 4
-0.992115 -0.125333 387020103423592370459425846058808535846748160.000000 1
-0.362206 -0.401597 11721746417483551746141272868878288945152.000000 53
-0.378100 -0.527404 -8817597713647815089831795374381047218176.000000 52
-0.272489 -0.433048 537981557544433080362748173914862518272.000000 67
-0.847640 -0.274036 12610825971451615264406293218436703278071808.000000 11
-0.903483 -0.146108 -43640278125639691827588294324624405792030720.000000 5
-0.968583 -0.248690 -44353544354047914495335131582926836933328896.000000 2
-0.847640 -0.274036 12610825971451615264406293218436703278071808.000000 11
-0.792049 -0.172045 3032256232354676420059220777450741595897856.000000 13
-0.903483 -0.146108 -43640278125639691827588294324624405792030720.000000 5
-0.876307 -0.481754 284875259319535987516747325477198007107584.000000 6
-0.791796 -0.401964 -2689905889159478685285269131719395030073344.000000 10
-0.929776 -0.368125 3530577202238041830327972520473845366259712.000000 3
-0.664439 -0.453191 1218651444590505882310777840139426825502720.000000 20
-0.791796 -0.401964 -2689905889159478685285269131719395030073344.000000 10
-0.735953 -0.529892 322234543685150903346549453858355523092480.000000 15
-0.680615 -0.197981 334154438339131154487635394904895336218624.000000 22
-0.680489 -0.312940 -2524239111832968185143517151414892995018752.000000 21
-0.569181 -0.223917 294263074725242626920017172595389237297152.000000 34
-0.680615 -0.197981 334154438339131154487635394904895336218624.000000 22
-0.792049 -0.172045 3032256232354676420059220777450741595897856.000000 13
-0.680489 -0.312940 -2524239111832968185143517151414892995018752.000000 21
-0.515073 -0.029496 -221679501203112372855021798645881035030528.000000 39
-0.441136 -0.097722 -5264218447501297953491178258772023836672.000000 50
-0.445745 0.037763 53045083902591266955361330299971978657792.000000 54
-0.330420 -0.149981 10078258956395532494169034978812172959744.000000 66
-0.469331 -0.217723 -70698855609790583759533358766141296607232.000000 49
-0.346313 -0.275789 24924965230346767886298840610587809939456.000000 64
-0.838383 -0.043527 14115152133518343028020761999970323518193664.000000 12
-0.903483 -0.146108 -43640278125639691827588294324624405792030720.000000 5
-0.792049 -0.172045 3032256232354676420059220777450741595897856.000000 13
-0.735953 -0.529892 322234543685150903346549453858355523092480.000000 15
-0.809017 -0.587785 -214536347034999963011498069655467476385792.000000 7
-0.728969 -0.684547 -70265522751695390714749768866480202448896.000000 14
-0.346313 -0.275789 24924965230346767886298840610587809939456.000000 64
-0.469331 -0.217723 -70698855609790583759533358766141296607232.000000 49
-0.443723 -0.339315 -104273255332856728092652063803676544729088.000000 48
-0.876307 -0.481754 284875259319535987516747325477198007107584.000000 6
-0.809017 -0.587785 -214536347034999963011498069655467476385792.000000 7
-0.735953 -0.529892 322234543685150903346549453858355523092480.000000 15
-0.309017 0.951057 -8029402098391588684994940122834141184.000000 148
-0.317582 0.777124 15786547198196324345315694253336166400.000000 131
-0.203275 0.856480 -444728924065220905529574487020797952.000000 149
-0.915249 0.040903 2420010718911880912117263590849852555132928.000000 9
-0.992115 0.125333 3277249092973919473511789980402242453241856.000000 8
-1.000000 -0.000000 -33499290881166426717636301869011494525468672.000000 4
-0.773283 0.059054 -2176587593732403089597819046439695184560128.000000 18
-0.915249 0.040903 2420010718911880912117263590849852555132928.000000 9
-0.838383 -0.043527 14115152133518343028020761999970323518193664.000000 12
-0.773283 0.059054 -2176587593732403089597819046439695184560128.000000 18
-0.838383 0.205163 -654456446909643632775276238194871009017856.000000 17
-0.915249 0.040903 2420010718911880912117263590849852555132928.000000 9
-0.317582 0.777124 15786547198196324345315694253336166400.000000 131
-0.309017 0.951057 -8029402098391588684994940122834141184.000000 148
-0.425779 0.904827 11630192949998831614970560531193135104.000000 130
-0.447782 0.737755 -42195339224200442970706473895608713216.000000 112
-0.425779 0.904827 11630192949998831614970560531193135104.000000 130
-0.535827 0.844328 -13424697428946929607366451695561211904.000000 111
-0.992115 0.125333 3277249092973919473511789980402242453241856.000000 8
-0.915249 0.040903 2420010718911880912117263590849852555132928.000000 9
-0.838383 0.205163 -654456446909643632775276238194871009017856.000000 17
-0.382682 0.674543 -62399160787831786965986345268147126272.000000 115
-0.447782 0.571962 543982523444810696177964545980460171264.000000 97
-0.349368 0.525509 -399801061486146689999058141281962164224.000000 113
-0.425779 0.904827 11630192949998831614970560531193135104.000000 130
-0.447782 0.737755 -42195339224200442970706473895608713216.000000 112
-0.317582 0.777124 15786547198196324345315694253336166400.000000 131
-0.382682 0.674543 -62399160787831786965986345268147126272.000000 115
-0.349368 0.525509 -399801061486146689999058141281962164224.000000 113
-0.235061 0.604864 129884823052388026481275295888813588480.000000 132
-0.816683 0.308437 135847788214496939330238075156296370225152.000000 27
-0.968583 0.248690 -424491944448733939813223628739898912014336.000000 16
-0.838383 0.205163 -654456446909643632775276238194871009017856.000000 17
-0.816683 0.308437 135847788214496939330238075156296370225152.000000 27
-0.929776 0.368125 41654341137653555850439813331122229608448.000000 26
-0.968583 0.248690 -424491944448733939813223628739898912014336.000000 16
-0.708183 0.161636 307292072822798167155775082630196102168576.000000 28
-0.816683 0.308437 135847788214496939330238075156296370225152.000000 27
-0.838383 0.205163 -654456446909643632775276238194871009017856.000000 17
-0.794983 0.411712 -24363103420908445521548731995042361638912.000000 41
-0.929776 0.368125 41654341137653555850439813331122229608448.000000 26
-0.816683 0.308437 135847788214496939330238075156296370225152.000000 27
-0.314527 -0.024174 -9713605989863387978934958738298168672256.000000 65
-0.330420 -0.149981 10078258956395532494169034978812172959744.000000 66
-0.157522 -0.079215 67459526823651533185705960887195533312.000000 85
-0.080876 0.156675 -52462073126902872428174236644626399232.000000 110
-0.189755 0.129154 1452353197468865467209158237645472530432.000000 93
-0.119199 0.038730 -779396301305459061806040129990893240320.000000 100
-0.576964 0.099699 -134274656604470974791020096976068955602944.000000 44
-0.528266 0.210023 26429188995141664492107055055970521579520.000000 59
-0.643082 0.264217 -29405484017508845511152664111474993528832.000000 43
-0.773283 0.059054 -2176587593732403089597819046439695184560128.000000 18
-0.658594 0.038247 848433776470732582059143165223845480103936.000000 29
-0.708183 0.161636 307292072822798167155775082630196102168576.000000 28
-0.445745 0.037763 53045083902591266955361330299971978657792.000000 54
-0.413450 0.155828 12945256060776150227387044164233708175360.000000 60
-0.576964 0.099699 -134274656604470974791020096976068955602944.000000 44
-0.216863 0.007278 4291766429286003853437504453216716193792.000000 80
-0.298634 0.101634 -11718242514903545138221401778436121296896.000000 73
-0.314527 -0.024174 -9713605989863387978934958738298168672256.000000 65
-0.157522 -0.079215 67459526823651533185705960887195533312.000000 85
-0.216863 0.007278 4291766429286003853437504453216716193792.000000 80
-0.314527 -0.024174 -9713605989863387978934958738298168672256.000000 65
-0.119199 0.038730 -779396301305459061806040129990893240320.000000 100
-0.189755 0.129154 1452353197468865467209158237645472530432.000000 93
-0.216863 0.007278 4291766429286003853437504453216716193792.000000 80
-0.576964 0.099699 -134274656604470974791020096976068955602944.000000 44
-0.643082 0.264217 -29405484017508845511152664111474993528832.000000 43
-0.708183 0.161636 307292072822798167155775082630196102168576.000000 28
-0.413450 0.155828 12945256060776150227387044164233708175360.000000 60
-0.528266 0.210023 26429188995141664492107055055970521579520.000000 59
-0.576964 0.099699 -134274656604470974791020096976068955602944.000000 44
-0.298634 0.101634 -11718242514903545138221401778436121296896.000000 73
-0.413450 0.155828 12945256060776150227387044164233708175360.000000 60
-0.445745 0.037763 53045083902591266955361330299971978657792.000000 54
-0.298634 0.101634 -11718242514903545138221401778436121296896.000000 73
-0.282741 0.227442 506711305300893283023889928597310275584.000000 79
-0.413450 0.155828 12945256060776150227387044164233708175360.000000 60
-0.381154 0.273894 -6269110698102165246490431264477872652288.000000 78
-0.266847 0.353249 720137569075276052996696223732341932032.000000 98
-0.389865 0.411315 1985975241122564512005031026598782959616.000000 95
-0.381154 0.273894 -6269110698102165246490431264477872652288.000000 78
-0.282741 0.227442 506711305300893283023889928597310275584.000000 79
-0.266847 0.353249 720137569075276052996696223732341932032.000000 98
-0.528266 0.210023 26429188995141664492107055055970521579520.000000 59
-0.381154 0.273894 -6269110698102165246490431264477872652288.000000 78
-0.479568 0.320346 -5979942786718549376247938972935975337984.000000 75
-0.413450 0.155828 12945256060776150227387044164233708175360.000000 60
-0.282741 0.227442 506711305300893283023889928597310275584.000000 79
-0.381154 0.273894 -6269110698102165246490431264477872652288.000000 78
-0.577982 0.366799 11477769283526754058424092714422591553536.000000 58
-0.643082 0.264217 -29405484017508845511152664111474993528832.000000 43
-0.528266 0.210023 26429188995141664492107055055970521579520.000000 59
-0.577982 0.366799 11477769283526754058424092714422591553536.000000 58
-0.610532 0.481301 12627136116939689917398662528671502303232.000000 57
-0.719033 0.337964 -65907569383931791364541991480636548841472.000000 42
-0.621382 0.574733 -2336232526087905948330722872327583825920.000000 76
-0.708183 0.493222 14620079398613515235230615605618229116928.000000 56
-0.610532 0.481301 12627136116939689917398662528671502303232.000000 57
-0.719033 0.337964 -65907569383931791364541991480636548841472.000000 42
-0.816683 0.308437 135847788214496939330238075156296370225152.000000 27
-0.708183 0.161636 307292072822798167155775082630196102168576.000000 28
-0.577982 0.366799 11477769283526754058424092714422591553536.000000 58
-0.719033 0.337964 -65907569383931791364541991480636548841472.000000 42
-0.643082 0.264217 -29405484017508845511152664111474993528832.000000 43
-0.794983 0.411712 -24363103420908445521548731995042361638912.000000 41
-0.816683 0.308437 135847788214496939330238075156296370225152.000000 27
-0.719033 0.337964 -65907569383931791364541991480636548841472.000000 42
-0.708183 0.493222 14620079398613515235230615605618229116928.000000 56
-0.794983 0.411712 -24363103420908445521548731995042361638912.000000 41
-0.719033 0.337964 -65907569383931791364541991480636548841472.000000 42
-0.610532 0.481301 12627136116939689917398662528671502303232.000000 57
-0.708183 0.493222 14620079398613515235230615605618229116928.000000 56
-0.719033 0.337964 -65907569383931791364541991480636548841472.000000 42
-0.512882 0.469380 -2202106268224532009055396489758322458624.000000 77
-0.610532 0.481301 12627136116939689917398662528671502303232.000000 57
-0.577982 0.366799 11477769283526754058424092714422591553536.000000 58
-0.512882 0.469380 -2202106268224532009055396489758322458624.000000 77
-0.621382 0.574733 -2336232526087905948330722872327583825920.000000 76
-0.610532 0.481301 12627136116939689917398662528671502303232.000000 57
-0.621382 0.574733 -2336232526087905948330722872327583825920.000000 76
-0.809017 0.587785 -3638750217788566141608934706098296848384.000000 55
-0.708183 0.493222 14620079398613515235230615605618229116928.000000 56
-0.876307 0.481754 -3368578159808015486536529969528564613120.000000 40
-0.929776 0.368125 41654341137653555850439813331122229608448.000000 26
-0.794983 0.411712 -24363103420908445521548731995042361638912.000000 41
-0.445745 0.037763 53045083902591266955361330299971978657792.000000 54
-0.441136 -0.097722 -5264218447501297953491178258772023836672.000000 50
-0.314527 -0.024174 -9713605989863387978934958738298168672256.000000 65
-0.838383 0.205163 -654456446909643632775276238194871009017856.000000 17
-0.773283 0.059054 -2176587593732403089597819046439695184560128.000000 18
-0.708183 0.161636 307292072822798167155775082630196102168576.000000 28
-0.643082 0.264217 -29405484017508845511152664111474993528832.000000 43
-0.719033 0.337964 -65907569383931791364541991480636548841472.000000 42
-0.708183 0.161636 307292072822798167155775082630196102168576.000000 28
-0.968583 0.248690 -424491944448733939813223628739898912014336.000000 16
-0.992115 0.125333 3277249092973919473511789980402242453241856.000000 8
-0.838383 0.205163 -654456446909643632775276238194871009017856.000000 17
-0.515073 -0.029496 -221679501203112372855021798645881035030528.000000 39
-0.576964 0.099699 -134274656604470974791020096976068955602944.000000 44
-0.658594 0.038247 848433776470732582059143165223845480103936.000000 29
-0.441136 -0.097722 -5264218447501297953491178258772023836672.000000 50
-0.515073 -0.029496 -221679501203112372855021798645881035030528.000000 39
-0.584401 -0.096754 223476959924814814766776331011170328641536.000000 35
-0.445745 0.037763 53045083902591266955361330299971978657792.000000 54
-0.576964 0.099699 -134274656604470974791020096976068955602944.000000 44
-0.515073 -0.029496 -221679501203112372855021798645881035030528.000000 39
-0.794983 0.411712 -24363103420908445521548731995042361638912.000000 41
-0.708183 0.493222 14620079398613515235230615605618229116928.000000 56
-0.876307 0.481754 -3368578159808015486536529969528564613120.000000 40
-0.447782 0.571962 543982523444810696177964545980460171264.000000 97
-0.534582 0.656244 266894399004444024109175211817514827776.000000 96
-0.621382 0.574733 -2336232526087905948330722872327583825920.000000 76
-0.389865 0.411315 1985975241122564512005031026598782959616.000000 95
-0.447782 0.571962 543982523444810696177964545980460171264.000000 97
-0.512882 0.469380 -2202106268224532009055396489758322458624.000000 77
-0.479568 0.320346 -5979942786718549376247938972935975337984.000000 75
-0.389865 0.411315 1985975241122564512005031026598782959616.000000 95
-0.512882 0.469380 -2202106268224532009055396489758322458624.000000 77
-0.250954 0.479057 -415409001530972114663965356299154096128.000000 114
-0.235061 0.604864 129884823052388026481275295888813588480.000000 132
-0.349368 0.525509 -399801061486146689999058141281962164224.000000 113
-0.382682 0.674543 -62399160787831786965986345268147126272.000000 115
-0.534582 0.656244 266894399004444024109175211817514827776.000000 96
-0.447782 0.571962 543982523444810696177964545980460171264.000000 97
-0.728969 0.684547 1800689418042033869592997622470307479552.000000 74
-0.809017 0.587785 -3638750217788566141608934706098296848384.000000 55
-0.621382 0.574733 -2336232526087905948330722872327583825920.000000 76
-0.447782 0.737755 -42195339224200442970706473895608713216.000000 112
-0.382682 0.674543 -62399160787831786965986345268147126272.000000 115
-0.317582 0.777124 15786547198196324345315694253336166400.000000 131
-0.534582 0.656244 266894399004444024109175211817514827776.000000 96
-0.447782 0.737755 -42195339224200442970706473895608713216.000000 112
-0.535827 0.844328 -13424697428946929607366451695561211904.000000 111
-0.534582 0.656244 266894399004444024109175211817514827776.000000 96
-0.382682 0.674543 -62399160787831786965986345268147126272.000000 115
-0.447782 0.737755 -42195339224200442970706473895608713216.000000 112
-0.728969 0.684547 1800689418042033869592997622470307479552.000000 74
-0.631775 0.670396 143587270065498763339661297640179499008.000000 92
-0.637424 0.770513 -358318001453130850571489222355482312704.000000 94
-0.621382 0.574733 -2336232526087905948330722872327583825920.000000 76
-0.512882 0.469380 -2202106268224532009055396489758322458624.000000 77
-0.447782 0.571962 543982523444810696177964545980460171264.000000 97
-0.631775 0.670396 143587270065498763339661297640179499008.000000 92
-0.534582 0.656244 266894399004444024109175211817514827776.000000 96
-0.637424 0.770513 -358318001453130850571489222355482312704.000000 94
-0.621382 0.574733 -2336232526087905948330722872327583825920.000000 76
-0.631775 0.670396 143587270065498763339661297640179499008.000000 92
-0.728969 0.684547 1800689418042033869592997622470307479552.000000 74
-0.621382 0.574733 -2336232526087905948330722872327583825920.000000 76
-0.534582 0.656244 266894399004444024109175211817514827776.000000 96
-0.631775 0.670396 143587270065498763339661297640179499008.000000 92
0.794983 0.411712 -1399352044494642003595300790337536.000000 236
0.929776 0.368125 -1393739173446910140889888202948608.000000 237
0.876307 0.481754 3031096372170254143714662520193024.000000 242
0.708183 0.493222 -4224383309217605079127046957826048.000000 238
0.794983 0.411712 -1399352044494642003595300790337536.000000 236
0.876307 0.481754 3031096372170254143714662520193024.000000 242
0.610532 0.481301 7232680963511788484457796076568576.000000 223
0.577982 0.366799 -12304033892259341451614535165149184.000000 208
0.719033 0.337964 4521974806927115532255998945263616.000000 222
0.349368 0.525509 227266218116608240298085106977865728.000000 189
0.512882 0.469380 -47508153405454929184688410019758080.000000 207
0.447782 0.571962 -67231288650869269108942562131968000.000000 205
0.349368 0.525509 227266218116608240298085106977865728.000000 189
0.422415 0.360024 54046471135709677051963273937682432.000000 190
0.512882 0.469380 -47508153405454929184688410019758080.000000 207
0.445745 0.037763 -67395074374269167725878953035956224.000000 170
0.314527 -0.024174 -1482364919011940273997721088749993984.000000 157
0.441136 -0.097722 612551662769331042870159306328637440.000000 175
0.643082 0.264217 -23282927035378753776976954029768704.000000 206
0.522968 0.251959 61274320306222109099903429206081536.000000 191
0.571666 0.141635 93102331486290552503130618530365440.000000 188
0.794983 0.245918 4845461909284244528545623732912128.000000 220
0.719033 0.337964 4521974806927115532255998945263616.000000 222
0.643082 0.264217 -23282927035378753776976954029768704.000000 206
0.870933 0.153872 2273036984758593497114643250806784.000000 219
0.794983 0.245918 4845461909284244528545623732912128.000000 220
0.708183 0.161636 -16287556546575797744749707771510784.000000 204
0.870933 0.153872 2273036984758593497114643250806784.000000 219
0.968583 0.248690 -2044106037106142361522187616124928.000000 230
0.794983 0.245918 4845461909284244528545623732912128.000000 220
0.577982 0.366799 -12304033892259341451614535165149184.000000 208
0.422415 0.360024 54046471135709677051963273937682432.000000 190
0.522968 0.251959 61274320306222109099903429206081536.000000 191
0.040329 0.180264 -31964436039241516159221106348323241984.000000 129
0.167922 0.223510 12135966099778524560632768192913080320.000000 147
0.060580 0.300829 -7851931540612135299715889478556975104.000000 136
0.794983 0.245918 4845461909284244528545623732912128.000000 220
0.643082 0.264217 -23282927035378753776976954029768704.000000 206
0.708183 0.161636 -16287556546575797744749707771510784.000000 204
0.708183 0.493222 -4224383309217605079127046957826048.000000 238
0.719033 0.337964 4521974806927115532255998945263616.000000 222
0.794983 0.411712 -1399352044494642003595300790337536.000000 236
0.577982 0.366799 -12304033892259341451614535165149184.000000 208
0.643082 0.264217 -23282927035378753776976954029768704.000000 206
0.719033 0.337964 4521974806927115532255998945263616.000000 222
0.915249 0.040903 -346512076253528272346777248595968.000000 228
0.773283 0.059054 1176869297977415807173577974743040.000000 215
0.838383 -0.043527 -3937424974866999681799556706598912.000000 225
1.000000 -0.000000 2676771818939149536290403480764416.000000 240
0.915249 0.040903 -346512076253528272346777248595968.000000 228
0.838383 -0.043527 -3937424974866999681799556706598912.000000 225
0.992115 0.125333 -691946995619320690706644595638272.000000 233
0.968583 0.248690 -2044106037106142361522187616124928.000000 230
0.870933 0.153872 2273036984758593497114643250806784.000000 219
0.794983 0.245918 4845461909284244528545623732912128.000000 220
0.929776 0.368125 -1393739173446910140889888202948608.000000 237
0.794983 0.411712 -1399352044494642003595300790337536.000000 236
0.062791 0.998027 -66938109939321889515990450610110464.000000 198
0.023973 0.872212 -20967188263724182180750034431115264.000000 184
0.187381 0.982287 -92838266361522332419673436614295552.000000 199
0.425779 0.904827 15447196450819324341053829045813248.000000 216
0.309017 0.951057 -144642950460007348337747194258915328.000000 214
0.360982 0.819266 63162724092751529176036151788568576.000000 203
0.309017 0.951057 -144642950460007348337747194258915328.000000 214
0.203275 0.856480 376036640517998356933051057107369984.000000 200
0.360982 0.819266 63162724092751529176036151788568576.000000 203
0.382682 0.674543 185015183233199894550275918345011200.000000 202
0.447782 0.737755 -45015053024950629004371583901368320.000000 218
0.360982 0.819266 63162724092751529176036151788568576.000000 203
0.512882 0.469380 -47508153405454929184688410019758080.000000 207
0.621382 0.574733 19711353002017559338770960520052736.000000 221
0.447782 0.571962 -67231288650869269108942562131968000.000000 205
0.719033 0.337964 4521974806927115532255998945263616.000000 222
0.708183 0.493222 -4224383309217605079127046957826048.000000 238
0.610532 0.481301 7232680963511788484457796076568576.000000 223
0.809017 0.587785 -4653704078170850164547988477706240.000000 235
0.728969 0.684547 -6363779160420400357371420524675072.000000 234
0.621382 0.574733 19711353002017559338770960520052736.000000 221
0.621382 0.574733 19711353002017559338770960520052736.000000 221
0.534582 0.656244 -13772644271857942872674509401358336.000000 217
0.447782 0.571962 -67231288650869269108942562131968000.000000 205
0.809017 0.587785 -4653704078170850164547988477706240.000000 235
0.621382 0.574733 19711353002017559338770960520052736.000000 221
0.708183 0.493222 -4224383309217605079127046957826048.000000 238
0.631775 0.670396 -279784239653098180274644418822144.000000 229
0.534582 0.656244 -13772644271857942872674509401358336.000000 217
0.621382 0.574733 19711353002017559338770960520052736.000000 221
0.728969 0.684547 -6363779160420400357371420524675072.000000 234
0.631775 0.670396 -279784239653098180274644418822144.000000 229
0.621382 0.574733 19711353002017559338770960520052736.000000 221
0.728969 0.684547 -6363779160420400357371420524675072.000000 234
0.637424 0.770513 2014976676241957518660025289015296.000000 231
0.631775 0.670396 -279784239653098180274644418822144.000000 229
0.447782 0.737755 -45015053024950629004371583901368320.000000 218
0.425779 0.904827 15447196450819324341053829045813248.000000 216
0.360982 0.819266 63162724092751529176036151788568576.000000 203
0.794983 0.245918 4845461909284244528545623732912128.000000 220
0.794983 0.411712 -1399352044494642003595300790337536.000000 236
0.719033 0.337964 4521974806927115532255998945263616.000000 222
0.610532 0.481301 7232680963511788484457796076568576.000000 223
0.621382 0.574733 19711353002017559338770960520052736.000000 221
0.512882 0.469380 -47508153405454929184688410019758080.000000 207
0.577982 0.366799 -12304033892259341451614535165149184.000000 208
0.610532 0.481301 7232680963511788484457796076568576.000000 223
0.512882 0.469380 -47508153405454929184688410019758080.000000 207
0.708183 0.493222 -4224383309217605079127046957826048.000000 238
0.621382 0.574733 19711353002017559338770960520052736.000000 221
0.610532 0.481301 7232680963511788484457796076568576.000000 223
0.637424 0.770513 2014976676241957518660025289015296.000000 231
0.534582 0.656244 -13772644271857942872674509401358336.000000 217
0.631775 0.670396 -279784239653098180274644418822144.000000 229
0.637424 0.770513 2014976676241957518660025289015296.000000 231
0.535827 0.844328 16093961247217565022302645719662592.000000 232
0.534582 0.656244 -13772644271857942872674509401358336.000000 217
0.235061 0.604864 -499776822388056216434552117041037312.000000 186
0.219168 0.730672 -658790584954448006697271189087191040.000000 187
0.072414 0.628453 5430563592691341718312763805533208576.000000 169
0.447782 0.737755 -45015053024950629004371583901368320.000000 218
0.535827 0.844328 16093961247217565022302645719662592.000000 232
0.425779 0.904827 15447196450819324341053829045813248.000000 216
0.534582 0.656244 -13772644271857942872674509401358336.000000 217
0.447782 0.737755 -45015053024950629004371583901368320.000000 218
0.382682 0.674543 185015183233199894550275918345011200.000000 202
0.534582 0.656244 -13772644271857942872674509401358336.000000 217
0.535827 0.844328 16093961247217565022302645719662592.000000 232
0.447782 0.737755 -45015053024950629004371583901368320.000000 218
-0.135539 0.372907 2377003019015289054981689817023119360.000000 116
-0.250954 0.479057 -415409001530972114663965356299154096128.000000 114
-0.266847 0.353249 720137569075276052996696223732341932032.000000 98
0.060580 0.300829 -7851931540612135299715889478556975104.000000 136
-0.004231 0.392564 -25102686637652023087738571803028619264.000000 135
-0.042554 0.274619 97753630131316007371844241081367527424.000000 117
0.040329 0.180264 -31964436039241516159221106348323241984.000000 129
0.060580 0.300829 -7851931540612135299715889478556975104.000000 136
-0.042554 0.274619 97753630131316007371844241081367527424.000000 117
0.163714 0.327039 -1999428275052900878141704828010627072.000000 153
0.123361 0.435810 5718535563854995438728092194434973696.000000 154
0.060580 0.300829 -7851931540612135299715889478556975104.000000 136
-0.080876 0.156675 -52462073126902872428174236644626399232.000000 110
0.020079 0.059698 151176527923591351978258992873219293184.000000 118
0.040329 0.180264 -31964436039241516159221106348323241984.000000 129
0.266847 0.353249 -582631825212224483041904276415709184.000000 172
0.250954 0.479057 -803594883878250338656769737379282944.000000 171
0.123361 0.435810 5718535563854995438728092194434973696.000000 154
-0.108431 0.494783 56683083482074546329389017775051112448.000000 133
-0.250954 0.479057 -415409001530972114663965356299154096128.000000 114
-0.135539 0.372907 2377003019015289054981689817023119360.000000 116
-0.004231 0.392564 -25102686637652023087738571803028619264.000000 135
-0.108431 0.494783 56683083482074546329389017775051112448.000000 133
-0.135539 0.372907 2377003019015289054981689817023119360.000000 116
0.034091 0.510509 -2212909275676336142409902939957100544.000000 151
0.072414 0.628453 5430563592691341718312763805533208576.000000 169
-0.081324 0.616659 -29380333076886062776266037435503214592.000000 152
0.034091 0.510509 -2212909275676336142409902939957100544.000000 151
0.123361 0.435810 5718535563854995438728092194434973696.000000 154
0.134576 0.557687 -1489410041728491372811594162637897728.000000 168
0.381154 0.273894 13104550597050660196848315800748032.000000 173
0.266847 0.353249 -582631825212224483041904276415709184.000000 172
0.282741 0.227442 898789514316779163913903998383423488.000000 155
0.413450 0.155828 -456049455730467257462912177074601984.000000 174
0.445745 0.037763 -67395074374269167725878953035956224.000000 170
0.571666 0.141635 93102331486290552503130618530365440.000000 188
0.282741 0.227442 898789514316779163913903998383423488.000000 155
0.413450 0.155828 -456049455730467257462912177074601984.000000 174
0.381154 0.273894 13104550597050660196848315800748032.000000 173
0.298634 0.101634 1877852441455790252061488359885766656.000000 156
0.445745 0.037763 -67395074374269167725878953035956224.000000 170
0.413450 0.155828 -456049455730467257462912177074601984.000000 174
0.577982 0.366799 -12304033892259341451614535165149184.000000 208
0.512882 0.469380 -47508153405454929184688410019758080.000000 207
0.422415 0.360024 54046471135709677051963273937682432.000000 190
0.134576 0.557687 -1489410041728491372811594162637897728.000000 168
0.235061 0.604864 -499776822388056216434552117041037312.000000 186
0.072414 0.628453 5430563592691341718312763805533208576.000000 169
0.034091 0.510509 -2212909275676336142409902939957100544.000000 151
0.134576 0.557687 -1489410041728491372811594162637897728.000000 168
0.072414 0.628453 5430563592691341718312763805533208576.000000 169
0.123361 0.435810 5718535563854995438728092194434973696.000000 154
0.250954 0.479057 -803594883878250338656769737379282944.000000 171
0.134576 0.557687 -1489410041728491372811594162637897728.000000 168
0.422415 0.360024 54046471135709677051963273937682432.000000 190
0.349368 0.525509 227266218116608240298085106977865728.000000 189
0.266847 0.353249 -582631825212224483041904276415709184.000000 172
0.349368 0.525509 227266218116608240298085106977865728.000000 189
0.235061 0.604864 -499776822388056216434552117041037312.000000 186
0.250954 0.479057 -803594883878250338656769737379282944.000000 171
0.266847 0.353249 -582631825212224483041904276415709184.000000 172
0.349368 0.525509 227266218116608240298085106977865728.000000 189
0.250954 0.479057 -803594883878250338656769737379282944.000000 171
0.447782 0.571962 -67231288650869269108942562131968000.000000 205
0.382682 0.674543 185015183233199894550275918345011200.000000 202
0.349368 0.525509 227266218116608240298085106977865728.000000 189
0.023973 0.872212 -20967188263724182180750034431115264.000000 184
0.062791 0.998027 -66938109939321889515990450610110464.000000 198
-0.062791 0.998027 410149693453044092612046121456369664.000000 182
-0.089651 0.864346 -2303528402148235972077473915813756928.000000 166
0.023973 0.872212 -20967188263724182180750034431115264.000000 184
-0.062791 0.998027 410149693453044092612046121456369664.000000 182
-0.187381 0.982287 2158295867023223217321008463819571200.000000 165
-0.089651 0.864346 -2303528402148235972077473915813756928.000000 166
-0.062791 0.998027 410149693453044092612046121456369664.000000 182
-0.203275 0.856480 -444728924065220905529574487020797952.000000 149
-0.109200 0.735914 8364345131697086390814215057396727808.000000 150
-0.089651 0.864346 -2303528402148235972077473915813756928.000000 166
0.000768 0.741156 3648781496901212188800255032553373696.000000 167
0.110736 0.746398 -1568700494489260914610840724421214208.000000 183
0.023973 0.872212 -20967188263724182180750034431115264.000000 184
0.219168 0.730672 -658790584954448006697271189087191040.000000 187
0.110736 0.746398 -1568700494489260914610840724421214208.000000 183
0.072414 0.628453 5430563592691341718312763805533208576.000000 169
0.203275 0.856480 376036640517998356933051057107369984.000000 200
0.187381 0.982287 -92838266361522332419673436614295552.000000 199
0.023973 0.872212 -20967188263724182180750034431115264.000000 184
0.187381 0.982287 -92838266361522332419673436614295552.000000 199
0.203275 0.856480 376036640517998356933051057107369984.000000 200
0.309017 0.951057 -144642950460007348337747194258915328.000000 214
-0.235061 0.604864 129884823052388026481275295888813588480.000000 132
-0.250954 0.479057 -415409001530972114663965356299154096128.000000 114
-0.108431 0.494783 56683083482074546329389017775051112448.000000 133
-0.109200 0.735914 8364345131697086390814215057396727808.000000 150
-0.203275 0.856480 -444728924065220905529574487020797952.000000 149
-0.219168 0.730672 -14514395735584849975226475429563990016.000000 134
0.072414 0.628453 5430563592691341718312763805533208576.000000 169
0.000768 0.741156 3648781496901212188800255032553373696.000000 167
-0.081324 0.616659 -29380333076886062776266037435503214592.000000 152
0.000768 0.741156 3648781496901212188800255032553373696.000000 167
0.023973 0.872212 -20967188263724182180750034431115264.000000 184
-0.089651 0.864346 -2303528402148235972077473915813756928.000000 166
-0.219168 0.730672 -14514395735584849975226475429563990016.000000 134
-0.317582 0.777124 15786547198196324345315694253336166400.000000 131
-0.382682 0.674543 -62399160787831786965986345268147126272.000000 115
-0.108431 0.494783 56683083482074546329389017775051112448.000000 133
-0.081324 0.616659 -29380333076886062776266037435503214592.000000 152
-0.235061 0.604864 129884823052388026481275295888813588480.000000 132
-0.203275 0.856480 -444728924065220905529574487020797952.000000 149
-0.317582 0.777124 15786547198196324345315694253336166400.000000 131
-0.219168 0.730672 -14514395735584849975226475429563990016.000000 134
0.809017 0.587785 -4653704078170850164547988477706240.000000 235
0.708183 0.493222 -4224383309217605079127046957826048.000000 238
0.876307 0.481754 3031096372170254143714662520193024.000000 242
0.469331 -0.217723 -690093619429113934561379485736763392.000000 178
0.443723 -0.339315 -1418047158734759790540803185800380416.000000 177
0.569181 -0.223917 294917730626572784723570311823360000.000000 195
0.992115 -0.125333 2068056437425112841272237701988352.000000 243
0.903483 -0.146108 -5408194314588521623339245322108928.000000 239
0.968583 -0.248690 -199887334795548579169724224503808.000000 241
0.992115 -0.125333 2068056437425112841272237701988352.000000 243
1.000000 -0.000000 2676771818939149536290403480764416.000000 240
0.903483 -0.146108 -5408194314588521623339245322108928.000000 239
-0.616669 -0.529062 -247332821440004322586382269430052255956992.000000 25
-0.518255 -0.575515 41680641613561353250508347942841610141696.000000 36
-0.486789 -0.444362 11391179182388451172644409768963710386176.000000 38
-0.728969 -0.684547 -70265522751695390714749768866480202448896.000000 14
-0.658410 -0.623625 -9378321342918855493591619916246498148352.000000 24
-0.735953 -0.529892 322234543685150903346549453858355523092480.000000 15
-0.433694 -0.622226 -5110818897264169325764056306918296125440.000000 37
-0.409886 -0.779019 1939080938460481079573140458520579145728.000000 45
-0.349134 -0.668938 1697175068539808169483191664717703675904.000000 51
-0.637424 -0.770513 15102837586835815302440468823884945162240.000000 19
-0.534148 -0.701322 -6487833786370675194417223407157613953024.000000 31
-0.658410 -0.623625 -9378321342918855493591619916246498148352.000000 24
-0.637424 -0.770513 15102837586835815302440468823884945162240.000000 19
-0.535827 -0.844328 -702291914490723714457907157716399292416.000000 30
-0.534148 -0.701322 -6487833786370675194417223407157613953024.000000 31
0.664439 -0.453191 -52519837722456302100449568244105216.000000 197
0.736206 -0.299972 -100902510643758831798365818451918848.000000 212
0.592925 -0.376490 300291749468834438137452579149316096.000000 194
0.736206 -0.299972 -100902510643758831798365818451918848.000000 212
0.792049 -0.172045 23223579348799256281727913552773120.000000 224
0.680615 -0.197981 -44319722211963110097987625262514176.000000 209
0.929776 -0.368125 -11878787068084725445296816536944640.000000 226
0.847640 -0.274036 10392757227935414322592182125461504.000000 227
0.791796 -0.401964 27631753162021862579739354514587648.000000 213
0.929776 -0.368125 -11878787068084725445296816536944640.000000 226
0.968583 -0.248690 -199887334795548579169724224503808.000000 241
0.847640 -0.274036 10392757227935414322592182125461504.000000 227
0.715365 -0.101593 4584436936039496137557344176308224.000000 210
0.584401 -0.096754 -14579461830203236427379077199953920.000000 192
0.680615 -0.197981 -44319722211963110097987625262514176.000000 209
0.773283 0.059054 1176869297977415807173577974743040.000000 215
0.715365 -0.101593 4584436936039496137557344176308224.000000 210
0.838383 -0.043527 -3937424974866999681799556706598912.000000 225
0.662567 0.006795 6892281690808568984017914243842048.000000 201
0.708183 0.161636 -16287556546575797744749707771510784.000000 204
0.571666 0.141635 93102331486290552503130618530365440.000000 188
-0.592925 -0.376490 226912673880612941112974726155198703599616.000000 33
-0.486789 -0.444362 11391179182388451172644409768963710386176.000000 38
-0.443723 -0.339315 -104273255332856728092652063803676544729088.000000 48
-0.791796 -0.401964 -2689905889159478685285269131719395030073344.000000 10
-0.664439 -0.453191 1218651444590505882310777840139426825502720.000000 20
-0.680489 -0.312940 -2524239111832968185143517151414892995018752.000000 21
-0.616669 -0.529062 -247332821440004322586382269430052255956992.000000 25
-0.486789 -0.444362 11391179182388451172644409768963710386176.000000 38
-0.592925 -0.376490 226912673880612941112974726155198703599616.000000 33
-0.584401 -0.096754 223476959924814814766776331011170328641536.000000 35
-0.569181 -0.223917 294263074725242626920017172595389237297152.000000 34
-0.469331 -0.217723 -70698855609790583759533358766141296607232.000000 49
-0.680489 -0.312940 -2524239111832968185143517151414892995018752.000000 21
-0.847640 -0.274036 12610825971451615264406293218436703278071808.000000 11
-0.791796 -0.401964 -2689905889159478685285269131719395030073344.000000 10
-0.035536 -0.096906 30274497564655275450796673265989320704.000000 104
-0.119199 0.038730 -779396301305459061806040129990893240320.000000 100
-0.157522 -0.079215 67459526823651533185705960887195533312.000000 85
-0.195844 -0.197159 -5771491539441910243179676008194009726976.000000 84
-0.064278 -0.185365 772971469610602872083893270183359283200.000000 103
-0.157522 -0.079215 67459526823651533185705960887195533312.000000 85
0.196515 -0.037934 6552844753128873695886175922680758272.000000 140
0.314527 -0.024174 -1482364919011940273997721088749993984.000000 157
0.298634 0.101634 1877852441455790252061488359885766656.000000 156
0.125317 0.034143 -33000801541204962099951418281457352704.000000 128
0.196515 -0.037934 6552844753128873695886175922680758272.000000 140
0.172130 0.119981 -15911441067596397925527924770563162112.000000 137
-0.035536 -0.096906 30274497564655275450796673265989320704.000000 104
0.078503 -0.051694 -15272222676566032790956281492997668864.000000 122
0.020079 0.059698 151176527923591351978258992873219293184.000000 118
-0.035536 -0.096906 30274497564655275450796673265989320704.000000 104
0.067288 -0.173570 -68281412965727092940047641381892521984.000000 121
0.078503 -0.051694 -15272222676566032790956281492997668864.000000 122
0.198854 -0.161776 5550968993877963878893944343950786560.000000 141
0.330420 -0.149981 -1313381108970241288221033293269696512.000000 160
0.196515 -0.037934 6552844753128873695886175922680758272.000000 140
0.078503 -0.051694 -15272222676566032790956281492997668864.000000 122
0.198854 -0.161776 5550968993877963878893944343950786560.000000 141
0.196515 -0.037934 6552844753128873695886175922680758272.000000 140
-0.001975 -0.299378 -388702999618906894066823052484790976512.000000 107
0.114121 -0.291515 66865875382865862971015001661620879360.000000 124
0.067288 -0.173570 -68281412965727092940047641381892521984.000000 121
-0.065162 -0.389016 -268163726753101481613160092958021648384.000000 106
-0.001975 -0.299378 -388702999618906894066823052484790976512.000000 107
-0.118071 -0.307241 2028671432449781360003935117712484728832.000000 89
-0.145550 -0.426758 567029147376727549607909613127535165440.000000 87
-0.065162 -0.389016 -268163726753101481613160092958021648384.000000 106
-0.118071 -0.307241 2028671432449781360003935117712484728832.000000 89
-0.012254 -0.470791 35309086518039312260978519161522094080.000000 105
0.108328 -0.414177 82208343275377389105062143478042984448.000000 123
-0.065162 -0.389016 -268163726753101481613160092958021648384.000000 106
-0.065162 -0.389016 -268163726753101481613160092958021648384.000000 106
0.108328 -0.414177 82208343275377389105062143478042984448.000000 123
-0.001975 -0.299378 -388702999618906894066823052484790976512.000000 107
0.441136 -0.097722 612551662769331042870159306328637440.000000 175
0.314527 -0.024174 -1482364919011940273997721088749993984.000000 157
0.330420 -0.149981 -1313381108970241288221033293269696512.000000 160
-0.035536 -0.096906 30274497564655275450796673265989320704.000000 104
0.020079 0.059698 151176527923591351978258992873219293184.000000 118
-0.119199 0.038730 -779396301305459061806040129990893240320.000000 100
0.522968 0.251959 61274320306222109099903429206081536.000000 191
0.643082 0.264217 -23282927035378753776976954029768704.000000 206
0.577982 0.366799 -12304033892259341451614535165149184.000000 208
0.381154 0.273894 13104550597050660196848315800748032.000000 173
0.522968 0.251959 61274320306222109099903429206081536.000000 191
0.422415 0.360024 54046471135709677051963273937682432.000000 190
0.266847 0.353249 -582631825212224483041904276415709184.000000 172
0.381154 0.273894 13104550597050660196848315800748032.000000 173
0.422415 0.360024 54046471135709677051963273937682432.000000 190
0.282741 0.227442 898789514316779163913903998383423488.000000 155
0.298634 0.101634 1877852441455790252061488359885766656.000000 156
0.413450 0.155828 -456049455730467257462912177074601984.000000 174
0.584401 -0.096754 -14579461830203236427379077199953920.000000 192
0.441136 -0.097722 612551662769331042870159306328637440.000000 175
0.469331 -0.217723 -690093619429113934561379485736763392.000000 178
0.381154 0.273894 13104550597050660196848315800748032.000000 173
0.413450 0.155828 -456049455730467257462912177074601984.000000 174
0.522968 0.251959 61274320306222109099903429206081536.000000 191
0.298634 0.101634 1877852441455790252061488359885766656.000000 156
0.314527 -0.024174 -1482364919011940273997721088749993984.000000 157
0.445745 0.037763 -67395074374269167725878953035956224.000000 170
0.571666 0.141635 93102331486290552503130618530365440.000000 188
0.708183 0.161636 -16287556546575797744749707771510784.000000 204
0.643082 0.264217 -23282927035378753776976954029768704.000000 206
0.413450 0.155828 -456049455730467257462912177074601984.000000 174
0.571666 0.141635 93102331486290552503130618530365440.000000 188
0.522968 0.251959 61274320306222109099903429206081536.000000 191
0.662567 0.006795 6892281690808568984017914243842048.000000 201
0.715365 -0.101593 4584436936039496137557344176308224.000000 210
0.773283 0.059054 1176869297977415807173577974743040.000000 215
0.708183 0.161636 -16287556546575797744749707771510784.000000 204
0.662567 0.006795 6892281690808568984017914243842048.000000 201
0.773283 0.059054 1176869297977415807173577974743040.000000 215
0.543905 0.017440 -133224348648741507975212942864941056.000000 185
0.584401 -0.096754 -14579461830203236427379077199953920.000000 192
0.662567 0.006795 6892281690808568984017914243842048.000000 201
0.445745 0.037763 -67395074374269167725878953035956224.000000 170
0.543905 0.017440 -133224348648741507975212942864941056.000000 185
0.571666 0.141635 93102331486290552503130618530365440.000000 188
0.445745 0.037763 -67395074374269167725878953035956224.000000 170
0.441136 -0.097722 612551662769331042870159306328637440.000000 175
0.543905 0.017440 -133224348648741507975212942864941056.000000 185
0.794983 0.245918 4845461909284244528545623732912128.000000 220
0.968583 0.248690 -2044106037106142361522187616124928.000000 230
0.929776 0.368125 -1393739173446910140889888202948608.000000 237
0.773283 0.059054 1176869297977415807173577974743040.000000 215
0.870933 0.153872 2273036984758593497114643250806784.000000 219
0.708183 0.161636 -16287556546575797744749707771510784.000000 204
0.773283 0.059054 1176869297977415807173577974743040.000000 215
0.915249 0.040903 -346512076253528272346777248595968.000000 228
0.870933 0.153872 2273036984758593497114643250806784.000000 219
0.838383 -0.043527 -3937424974866999681799556706598912.000000 225
0.903483 -0.146108 -5408194314588521623339245322108928.000000 239
1.000000 -0.000000 2676771818939149536290403480764416.000000 240
0.584401 -0.096754 -14579461830203236427379077199953920.000000 192
0.569181 -0.223917 294917730626572784723570311823360000.000000 195
0.680615 -0.197981 -44319722211963110097987625262514176.000000 209
0.662567 0.006795 6892281690808568984017914243842048.000000 201
0.584401 -0.096754 -14579461830203236427379077199953920.000000 192
0.715365 -0.101593 4584436936039496137557344176308224.000000 210
0.543905 0.017440 -133224348648741507975212942864941056.000000 185
0.441136 -0.097722 612551662769331042870159306328637440.000000 175
0.584401 -0.096754 -14579461830203236427379077199953920.000000 192
0.662567 0.006795 6892281690808568984017914243842048.000000 201
0.571666 0.141635 93102331486290552503130618530365440.000000 188
0.543905 0.017440 -133224348648741507975212942864941056.000000 185
0.330420 -0.149981 -1313381108970241288221033293269696512.000000 160
0.346313 -0.275789 5721733294770118644607396570000785408.000000 161
0.469331 -0.217723 -690093619429113934561379485736763392.000000 178
0.664439 -0.453191 -52519837722456302100449568244105216.000000 197
0.592925 -0.376490 300291749468834438137452579149316096.000000 194
0.616669 -0.529062 87261440519376273404076167270498304.000000 181
0.735953 -0.529892 -4259902179657074929138287429812224.000000 196
0.664439 -0.453191 -52519837722456302100449568244105216.000000 197
0.616669 -0.529062 87261440519376273404076167270498304.000000 181
0.735953 -0.529892 -4259902179657074929138287429812224.000000 196
0.791796 -0.401964 27631753162021862579739354514587648.000000 213
0.664439 -0.453191 -52519837722456302100449568244105216.000000 197
0.838383 -0.043527 -3937424974866999681799556706598912.000000 225
0.715365 -0.101593 4584436936039496137557344176308224.000000 210
0.792049 -0.172045 23223579348799256281727913552773120.000000 224
0.443723 -0.339315 -1418047158734759790540803185800380416.000000 177
0.346313 -0.275789 5721733294770118644607396570000785408.000000 161
0.362206 -0.401597 4944877590719958089220070209728020480.000000 159
0.584401 -0.096754 -14579461830203236427379077199953920.000000 192
0.469331 -0.217723 -690093619429113934561379485736763392.000000 178
0.569181 -0.223917 294917730626572784723570311823360000.000000 195
0.441136 -0.097722 612551662769331042870159306328637440.000000 175
0.330420 -0.149981 -1313381108970241288221033293269696512.000000 160
0.469331 -0.217723 -690093619429113934561379485736763392.000000 178
0.915249 0.040903 -346512076253528272346777248595968.000000 228
0.992115 0.125333 -691946995619320690706644595638272.000000 233
0.870933 0.153872 2273036984758593497114643250806784.000000 219
0.219168 0.730672 -658790584954448006697271189087191040.000000 187
0.360982 0.819266 63162724092751529176036151788568576.000000 203
0.203275 0.856480 376036640517998356933051057107369984.000000 200
0.110736 0.746398 -1568700494489260914610840724421214208.000000 183
0.219168 0.730672 -658790584954448006697271189087191040.000000 187
0.203275 0.856480 376036640517998356933051057107369984.000000 200
0.235061 0.604864 -499776822388056216434552117041037312.000000 186
0.382682 0.674543 185015183233199894550275918345011200.000000 202
0.219168 0.730672 -658790584954448006697271189087191040.000000 187
0.123361 0.435810 5718535563854995438728092194434973696.000000 154
-0.004231 0.392564 -25102686637652023087738571803028619264.000000 135
0.060580 0.300829 -7851931540612135299715889478556975104.000000 136
-0.081324 0.616659 -29380333076886062776266037435503214592.000000 152
-0.108431 0.494783 56683083482074546329389017775051112448.000000 133
0.034091 0.510509 -2212909275676336142409902939957100544.000000 151
0.000768 0.741156 3648781496901212188800255032553373696.000000 167
-0.109200 0.735914 8364345131697086390814215057396727808.000000 150
-0.081324 0.616659 -29380333076886062776266037435503214592.000000 152
0.110736 0.746398 -1568700494489260914610840724421214208.000000 183
0.000768 0.741156 3648781496901212188800255032553373696.000000 167
0.072414 0.628453 5430563592691341718312763805533208576.000000 169
0.110736 0.746398 -1568700494489260914610840724421214208.000000 183
0.203275 0.856480 376036640517998356933051057107369984.000000 200
0.023973 0.872212 -20967188263724182180750034431115264.000000 184
-0.219168 0.730672 -14514395735584849975226475429563990016.000000 134
-0.235061 0.604864 129884823052388026481275295888813588480.000000 132
-0.081324 0.616659 -29380333076886062776266037435503214592.000000 152
0.123361 0.435810 5718535563854995438728092194434973696.000000 154
0.163714 0.327039 -1999428275052900878141704828010627072.000000 153
0.266847 0.353249 -582631825212224483041904276415709184.000000 172
0.235061 0.604864 -499776822388056216434552117041037312.000000 186
0.134576 0.557687 -1489410041728491372811594162637897728.000000 168
0.250954 0.479057 -803594883878250338656769737379282944.000000 171
0.034091 0.510509 -2212909275676336142409902939957100544.000000 151
-0.004231 0.392564 -25102686637652023087738571803028619264.000000 135
0.123361 0.435810 5718535563854995438728092194434973696.000000 154
0.382682 0.674543 185015183233199894550275918345011200.000000 202
0.360982 0.819266 63162724092751529176036151788568576.000000 203
0.219168 0.730672 -658790584954448006697271189087191040.000000 187
0.349368 0.525509 227266218116608240298085106977865728.000000 189
0.382682 0.674543 185015183233199894550275918345011200.000000 202
0.235061 0.604864 -499776822388056216434552117041037312.000000 186
0.447782 0.571962 -67231288650869269108942562131968000.000000 205
0.534582 0.656244 -13772644271857942872674509401358336.000000 217
0.382682 0.674543 185015183233199894550275918345011200.000000 202
-0.876307 0.481754 -3368578159808015486536529969528564613120.000000 40
-0.708183 0.493222 14620079398613515235230615605618229116928.000000 56
-0.809017 0.587785 -3638750217788566141608934706098296848384.000000 55
-0.389865 0.411315 1985975241122564512005031026598782959616.000000 95
-0.250954 0.479057 -415409001530972114663965356299154096128.000000 114
-0.349368 0.525509 -399801061486146689999058141281962164224.000000 113
-0.162647 0.251030 -453718804893313320047226404432984932352.000000 99
-0.135539 0.372907 2377003019015289054981689817023119360.000000 116
-0.266847 0.353249 720137569075276052996696223732341932032.000000 98
-0.298634 0.101634 -11718242514903545138221401778436121296896.000000 73
-0.189755 0.129154 1452353197468865467209158237645472530432.000000 93
-0.282741 0.227442 506711305300893283023889928597310275584.000000 79
-0.042554 0.274619 97753630131316007371844241081367527424.000000 117
-0.135539 0.372907 2377003019015289054981689817023119360.000000 116
-0.162647 0.251030 -453718804893313320047226404432984932352.000000 99
-0.108431 0.494783 56683083482074546329389017775051112448.000000 133
-0.004231 0.392564 -25102686637652023087738571803028619264.000000 135
0.034091 0.510509 -2212909275676336142409902939957100544.000000 151
-0.282741 0.227442 506711305300893283023889928597310275584.000000 79
-0.162647 0.251030 -453718804893313320047226404432984932352.000000 99
-0.266847 0.353249 720137569075276052996696223732341932032.000000 98
-0.042554 0.274619 97753630131316007371844241081367527424.000000 117
-0.004231 0.392564 -25102686637652023087738571803028619264.000000 135
-0.135539 0.372907 2377003019015289054981689817023119360.000000 116
0.167922 0.223510 12135966099778524560632768192913080320.000000 147
0.172130 0.119981 -15911441067596397925527924770563162112.000000 137
0.282741 0.227442 898789514316779163913903998383423488.000000 155
0.060580 0.300829 -7851931540612135299715889478556975104.000000 136
0.167922 0.223510 12135966099778524560632768192913080320.000000 147
0.163714 0.327039 -1999428275052900878141704828010627072.000000 153
0.040329 0.180264 -31964436039241516159221106348323241984.000000 129
0.172130 0.119981 -15911441067596397925527924770563162112.000000 137
0.167922 0.223510 12135966099778524560632768192913080320.000000 147
-0.080876 0.156675 -52462073126902872428174236644626399232.000000 110
0.040329 0.180264 -31964436039241516159221106348323241984.000000 129
-0.042554 0.274619 97753630131316007371844241081367527424.000000 117
0.020079 0.059698 151176527923591351978258992873219293184.000000 118
0.172130 0.119981 -15911441067596397925527924770563162112.000000 137
0.040329 0.180264 -31964436039241516159221106348323241984.000000 129
0.282741 0.227442 898789514316779163913903998383423488.000000 155
0.266847 0.353249 -582631825212224483041904276415709184.000000 172
0.163714 0.327039 -1999428275052900878141704828010627072.000000 153
-0.534582 0.656244 266894399004444024109175211817514827776.000000 96
-0.535827 0.844328 -13424697428946929607366451695561211904.000000 111
-0.637424 0.770513 -358318001453130850571489222355482312704.000000 94
0.847640 -0.274036 10392757227935414322592182125461504.000000 227
0.903483 -0.146108 -5408194314588521623339245322108928.000000 239
0.792049 -0.172045 23223579348799256281727913552773120.000000 224
0.968583 -0.248690 -199887334795548579169724224503808.000000 241
0.903483 -0.146108 -5408194314588521623339245322108928.000000 239
0.847640 -0.274036 10392757227935414322592182125461504.000000 227
0.791796 -0.401964 27631753162021862579739354514587648.000000 213
0.735953 -0.529892 -4259902179657074929138287429812224.000000 196
0.876307 -0.481754 -6922276588149483086469452080873472.000000 211
0.929776 -0.368125 -11878787068084725445296816536944640.000000 226
0.791796 -0.401964 27631753162021862579739354514587648.000000 213
0.876307 -0.481754 -6922276588149483086469452080873472.000000 211
0.592925 -0.376490 300291749468834438137452579149316096.000000 194
0.569181 -0.223917 294917730626572784723570311823360000.000000 195
0.443723 -0.339315 -1418047158734759790540803185800380416.000000 177
0.616669 -0.529062 87261440519376273404076167270498304.000000 181
0.592925 -0.376490 300291749468834438137452579149316096.000000 194
0.486789 -0.444362 -666928145927851017058891120225812480.000000 176
0.736206 -0.299972 -100902510643758831798365818451918848.000000 212
0.569181 -0.223917 294917730626572784723570311823360000.000000 195
0.592925 -0.376490 300291749468834438137452579149316096.000000 194
0.847640 -0.274036 10392757227935414322592182125461504.000000 227
0.736206 -0.299972 -100902510643758831798365818451918848.000000 212
0.791796 -0.401964 27631753162021862579739354514587648.000000 213
0.680615 -0.197981 -44319722211963110097987625262514176.000000 209
0.569181 -0.223917 294917730626572784723570311823360000.000000 195
0.736206 -0.299972 -100902510643758831798365818451918848.000000 212
0.378100 -0.527404 317945527006424957489888105435496448.000000 158
0.486789 -0.444362 -666928145927851017058891120225812480.000000 176
0.362206 -0.401597 4944877590719958089220070209728020480.000000 159
0.518255 -0.575515 90494550832812290581868343984128000.000000 164
0.393993 -0.653212 -211096627889354063345020931869245440.000000 146
0.515708 -0.711863 -40639143038925825782553774062043136.000000 162
0.486789 -0.444362 -666928145927851017058891120225812480.000000 176
0.518255 -0.575515 90494550832812290581868343984128000.000000 164
0.616669 -0.529062 87261440519376273404076167270498304.000000 181
0.378100 -0.527404 317945527006424957489888105435496448.000000 158
0.393993 -0.653212 -211096627889354063345020931869245440.000000 146
0.518255 -0.575515 90494550832812290581868343984128000.000000 164
0.658410 -0.623625 -27039377865896160696221550734475264.000000 179
0.728969 -0.684547 2066046032826593920251970560458752.000000 180
0.735953 -0.529892 -4259902179657074929138287429812224.000000 196
0.196515 -0.037934 6552844753128873695886175922680758272.000000 140
0.330420 -0.149981 -1313381108970241288221033293269696512.000000 160
0.314527 -0.024174 -1482364919011940273997721088749993984.000000 157
-0.195844 -0.197159 -5771491539441910243179676008194009726976.000000 84
-0.118071 -0.307241 2028671432449781360003935117712484728832.000000 89
-0.064278 -0.185365 772971469610602872083893270183359283200.000000 103
-0.118071 -0.307241 2028671432449781360003935117712484728832.000000 89
-0.234167 -0.315104 -5830363512258315144311777034339908321280.000000 70
-0.145550 -0.426758 567029147376727549607909613127535165440.000000 87
0.210774 -0.256132 -7780689860331345446864040357412208640.000000 142
0.346313 -0.275789 5721733294770118644607396570000785408.000000 161
0.330420 -0.149981 -1313381108970241288221033293269696512.000000 160
0.210774 -0.256132 -7780689860331345446864040357412208640.000000 142
0.235267 -0.407887 -22821776064977319717570491101334208512.000000 143
0.346313 -0.275789 5721733294770118644607396570000785408.000000 161
0.067288 -0.173570 -68281412965727092940047641381892521984.000000 121
0.114121 -0.291515 66865875382865862971015001661620879360.000000 124
0.198854 -0.161776 5550968993877963878893944343950786560.000000 141
0.108328 -0.414177 82208343275377389105062143478042984448.000000 123
0.114121 -0.291515 66865875382865862971015001661620879360.000000 124
-0.001975 -0.299378 -388702999618906894066823052484790976512.000000 107
0.247982 -0.508533 -9415231563936734825598367184141156352.000000 139
0.362206 -0.401597 4944877590719958089220070209728020480.000000 159
0.235267 -0.407887 -22821776064977319717570491101334208512.000000 143
0.443723 -0.339315 -1418047158734759790540803185800380416.000000 177
0.486789 -0.444362 -666928145927851017058891120225812480.000000 176
0.592925 -0.376490 300291749468834438137452579149316096.000000 194
0.346313 -0.275789 5721733294770118644607396570000785408.000000 161
0.443723 -0.339315 -1418047158734759790540803185800380416.000000 177
0.469331 -0.217723 -690093619429113934561379485736763392.000000 178
0.362206 -0.401597 4944877590719958089220070209728020480.000000 159
0.486789 -0.444362 -666928145927851017058891120225812480.000000 176
0.443723 -0.339315 -1418047158734759790540803185800380416.000000 177
0.518255 -0.575515 90494550832812290581868343984128000.000000 164
0.658410 -0.623625 -27039377865896160696221550734475264.000000 179
0.616669 -0.529062 87261440519376273404076167270498304.000000 181
0.735953 -0.529892 -4259902179657074929138287429812224.000000 196
0.809017 -0.587785 3338102606512064230919616094797824.000000 193
0.876307 -0.481754 -6922276588149483086469452080873472.000000 211
0.616669 -0.529062 87261440519376273404076167270498304.000000 181
0.658410 -0.623625 -27039377865896160696221550734475264.000000 179
0.735953 -0.529892 -4259902179657074929138287429812224.000000 196
0.791796 -0.401964 27631753162021862579739354514587648.000000 213
0.736206 -0.299972 -100902510643758831798365818451918848.000000 212
0.664439 -0.453191 -52519837722456302100449568244105216.000000 197
0.486789 -0.444362 -666928145927851017058891120225812480.000000 176
0.378100 -0.527404 317945527006424957489888105435496448.000000 158
0.518255 -0.575515 90494550832812290581868343984128000.000000 164
0.728969 -0.684547 2066046032826593920251970560458752.000000 180
0.809017 -0.587785 3338102606512064230919616094797824.000000 193
0.735953 -0.529892 -4259902179657074929138287429812224.000000 196
0.847640 -0.274036 10392757227935414322592182125461504.000000 227
0.792049 -0.172045 23223579348799256281727913552773120.000000 224
0.736206 -0.299972 -100902510643758831798365818451918848.000000 212
0.838383 -0.043527 -3937424974866999681799556706598912.000000 225
0.792049 -0.172045 23223579348799256281727913552773120.000000 224
0.903483 -0.146108 -5408194314588521623339245322108928.000000 239
0.715365 -0.101593 4584436936039496137557344176308224.000000 210
0.680615 -0.197981 -44319722211963110097987625262514176.000000 209
0.792049 -0.172045 23223579348799256281727913552773120.000000 224
1.000000 -0.000000 2676771818939149536290403480764416.000000 240
0.992115 0.125333 -691946995619320690706644595638272.000000 233
0.915249 0.040903 -346512076253528272346777248595968.000000 228
0.295977 -0.844070 245670426736304378585049673423126528.000000 125
0.177179 -0.862891 1616692182421742480155313950961958912.000000 109
0.309017 -0.951057 -452523117547693549482871733786509312.000000 108
0.425779 -0.904827 -164910763175249342022959421181657088.000000 126
0.295977 -0.844070 245670426736304378585049673423126528.000000 125
0.309017 -0.951057 -452523117547693549482871733786509312.000000 108
0.282937 -0.737084 -2802745282665070788912454320907091968.000000 127
0.177179 -0.862891 1616692182421742480155313950961958912.000000 109
0.295977 -0.844070 245670426736304378585049673423126528.000000 125
0.062791 -0.998027 -6195459693261722084252548867083468800.000000 72
0.060826 -0.904827 3798646275623520656402894618401701888.000000 91
-0.062791 -0.998027 17955212773716478945417012305849221120.000000 71
-0.272489 -0.433048 537981557544433080362748173914862518272.000000 67
-0.234167 -0.315104 -5830363512258315144311777034339908321280.000000 70
-0.362206 -0.401597 11721746417483551746141272868878288945152.000000 53
-0.349134 -0.668938 1697175068539808169483191664717703675904.000000 51
-0.166657 -0.668938 -435645872198590682430896396685512015872.000000 68
-0.219573 -0.550993 1300143643241641686325250339172400496640.000000 69
-0.005837 -0.810471 -20141967499823697926701429228832817152.000000 101
-0.060826 -0.904827 -15284008469204390303318639158616915968.000000 82
0.060826 -0.904827 3798646275623520656402894618401701888.000000 91
0.177179 -0.862891 1616692182421742480155313950961958912.000000 109
-0.005837 -0.810471 -20141967499823697926701429228832817152.000000 101
0.060826 -0.904827 3798646275623520656402894618401701888.000000 91
-0.072500 -0.716116 41837079085940802964795453001235955712.000000 83
-0.156928 -0.826197 138501071707931996774320095798407200768.000000 81
-0.005837 -0.810471 -20141967499823697926701429228832817152.000000 101
-0.272489 -0.433048 537981557544433080362748173914862518272.000000 67
-0.219573 -0.550993 1300143643241641686325250339172400496640.000000 69
-0.145550 -0.426758 567029147376727549607909613127535165440.000000 87
-0.321429 -0.833823 -229377727822666805946539455446576529408.000000 46
-0.409886 -0.779019 1939080938460481079573140458520579145728.000000 45
-0.425779 -0.904827 -472728725022608629342271422007970103296.000000 32
-0.232973 -0.888627 132064779595909184592529215219780550656.000000 62
-0.321429 -0.833823 -229377727822666805946539455446576529408.000000 46
-0.309017 -0.951057 146658254940991073445620629800512126976.000000 47
-0.232973 -0.888627 132064779595909184592529215219780550656.000000 62
-0.253031 -0.747568 -579169053749395267919429920657705533440.000000 61
-0.321429 -0.833823 -229377727822666805946539455446576529408.000000 46
-0.166657 -0.668938 -435645872198590682430896396685512015872.000000 68
-0.253031 -0.747568 -579169053749395267919429920657705533440.000000 61
-0.156928 -0.826197 138501071707931996774320095798407200768.000000 81
-0.349134 -0.668938 1697175068539808169483191664717703675904.000000 51
-0.409886 -0.779019 1939080938460481079573140458520579145728.000000 45
-0.253031 -0.747568 -579169053749395267919429920657705533440.000000 61
0.187381 -0.982287 -820014478354749777063221520328818688.000000 90
0.060826 -0.904827 3798646275623520656402894618401701888.000000 91
0.062791 -0.998027 -6195459693261722084252548867083468800.000000 72
0.235267 -0.407887 -22821776064977319717570491101334208512.000000 143
0.362206 -0.401597 4944877590719958089220070209728020480.000000 159
0.346313 -0.275789 5721733294770118644607396570000785408.000000 161
0.298781 -0.621760 3734264465769104587361615959912611840.000000 138
0.378100 -0.527404 317945527006424957489888105435496448.000000 158
0.247982 -0.508533 -9415231563936734825598367184141156352.000000 139
0.518255 -0.575515 90494550832812290581868343984128000.000000 164
0.515708 -0.711863 -40639143038925825782553774062043136.000000 162
0.658410 -0.623625 -27039377865896160696221550734475264.000000 179
0.298781 -0.621760 3734264465769104587361615959912611840.000000 138
0.393993 -0.653212 -211096627889354063345020931869245440.000000 146
0.378100 -0.527404 317945527006424957489888105435496448.000000 158
0.141155 -0.577727 -18201660484607590555928874014417616896.000000 120
0.164458 -0.730094 10373314401548688082405672604124839936.000000 119
0.298781 -0.621760 3734264465769104587361615959912611840.000000 138
0.108328 -0.414177 82208343275377389105062143478042984448.000000 123
0.141155 -0.577727 -18201660484607590555928874014417616896.000000 120
0.247982 -0.508533 -9415231563936734825598367184141156352.000000 139
0.034327 -0.646921 -20274036141236782062268543131719827456.000000 102
0.164458 -0.730094 10373314401548688082405672604124839936.000000 119
0.141155 -0.577727 -18201660484607590555928874014417616896.000000 120
0.108328 -0.414177 82208343275377389105062143478042984448.000000 123
-0.012254 -0.470791 35309086518039312260978519161522094080.000000 105
0.141155 -0.577727 -18201660484607590555928874014417616896.000000 120
-0.072500 -0.716116 41837079085940802964795453001235955712.000000 83
-0.005837 -0.810471 -20141967499823697926701429228832817152.000000 101
0.034327 -0.646921 -20274036141236782062268543131719827456.000000 102
0.282937 -0.737084 -2802745282665070788912454320907091968.000000 127
0.393993 -0.653212 -211096627889354063345020931869245440.000000 146
0.298781 -0.621760 3734264465769104587361615959912611840.000000 138
-0.005837 -0.810471 -20141967499823697926701429228832817152.000000 101
0.177179 -0.862891 1616692182421742480155313950961958912.000000 109
0.164458 -0.730094 10373314401548688082405672604124839936.000000 119
0.187381 -0.982287 -820014478354749777063221520328818688.000000 90
0.177179 -0.862891 1616692182421742480155313950961958912.000000 109
0.060826 -0.904827 3798646275623520656402894618401701888.000000 91
0.187381 -0.982287 -820014478354749777063221520328818688.000000 90
0.309017 -0.951057 -452523117547693549482871733786509312.000000 108
0.177179 -0.862891 1616692182421742480155313950961958912.000000 109
0.409886 -0.779019 504147511670441025172726572004671488.000000 144
0.393993 -0.653212 -211096627889354063345020931869245440.000000 146
0.282937 -0.737084 -2802745282665070788912454320907091968.000000 127
0.515708 -0.711863 -40639143038925825782553774062043136.000000 162
0.637424 -0.770513 46135822803365333474340226073624576.000000 163
0.658410 -0.623625 -27039377865896160696221550734475264.000000 179
0.409886 -0.779019 504147511670441025172726572004671488.000000 144
0.515708 -0.711863 -40639143038925825782553774062043136.000000 162
0.393993 -0.653212 -211096627889354063345020931869245440.000000 146
0.409886 -0.779019 504147511670441025172726572004671488.000000 144
0.535827 -0.844328 -135516862099327728120433851511078912.000000 145
0.515708 -0.711863 -40639143038925825782553774062043136.000000 162
0.425779 -0.904827 -164910763175249342022959421181657088.000000 126
0.409886 -0.779019 504147511670441025172726572004671488.000000 144
0.295977 -0.844070 245670426736304378585049673423126528.000000 125
-0.065162 -0.389016 -268163726753101481613160092958021648384.000000 106
-0.145550 -0.426758 567029147376727549607909613127535165440.000000 87
-0.115913 -0.510892 -199545750413036143693619575309442482176.000000 88
-0.272489 -0.433048 537981557544433080362748173914862518272.000000 67
-0.145550 -0.426758 567029147376727549607909613127535165440.000000 87
-0.234167 -0.315104 -5830363512258315144311777034339908321280.000000 70
-0.219573 -0.550993 1300143643241641686325250339172400496640.000000 69
-0.378100 -0.527404 -8817597713647815089831795374381047218176.000000 52
-0.349134 -0.668938 1697175068539808169483191664717703675904.000000 51
-0.072500 -0.716116 41837079085940802964795453001235955712.000000 83
-0.042377 -0.593453 133470858939855178166823521128795865088.000000 86
-0.166657 -0.668938 -435645872198590682430896396685512015872.000000 68
-0.272489 -0.433048 537981557544433080362748173914862518272.000000 67
-0.378100 -0.527404 -8817597713647815089831795374381047218176.000000 52
-0.219573 -0.550993 1300143643241641686325250339172400496640.000000 69
0.535827 -0.844328 -135516862099327728120433851511078912.000000 145
0.409886 -0.779019 504147511670441025172726572004671488.000000 144
0.425779 -0.904827 -164910763175249342022959421181657088.000000 126
0.535827 -0.844328 -135516862099327728120433851511078912.000000 145
0.637424 -0.770513 46135822803365333474340226073624576.000000 163
0.515708 -0.711863 -40639143038925825782553774062043136.000000 162
0.409886 -0.779019 504147511670441025172726572004671488.000000 144
0.282937 -0.737084 -2802745282665070788912454320907091968.000000 127
0.295977 -0.844070 245670426736304378585049673423126528.000000 125
0.637424 -0.770513 46135822803365333474340226073624576.000000 163
0.728969 -0.684547 2066046032826593920251970560458752.000000 180
0.658410 -0.623625 -27039377865896160696221550734475264.000000 179
-0.309017 0.951057 -8029402098391588684994940122834141184.000000 148
-0.203275 0.856480 -444728924065220905529574487020797952.000000 149
-0.187381 0.982287 2158295867023223217321008463819571200.000000 165
-0.109200 0.735914 8364345131697086390814215057396727808.000000 150
-0.219168 0.730672 -14514395735584849975226475429563990016.000000 134
-0.081324 0.616659 -29380333076886062776266037435503214592.000000 152
-0.187381 0.982287 2158295867023223217321008463819571200.000000 165
-0.203275 0.856480 -444728924065220905529574487020797952.000000 149
-0.089651 0.864346 -2303528402148235972077473915813756928.000000 166
-0.219168 0.730672 -14514395735584849975226475429563990016.000000 134
-0.382682 0.674543 -62399160787831786965986345268147126272.000000 115
-0.235061 0.604864 129884823052388026481275295888813588480.000000 132
-0.089651 0.864346 -2303528402148235972077473915813756928.000000 166
-0.109200 0.735914 8364345131697086390814215057396727808.000000 150
0.000768 0.741156 3648781496901212188800255032553373696.000000 167
-0.253031 -0.747568 -579169053749395267919429920657705533440.000000 61
-0.166657 -0.668938 -435645872198590682430896396685512015872.000000 68
-0.349134 -0.668938 1697175068539808169483191664717703675904.000000 51
-0.060826 -0.904827 -15284008469204390303318639158616915968.000000 82
-0.156928 -0.826197 138501071707931996774320095798407200768.000000 81
-0.187381 -0.982287 -78102098649850003805572832156912189440.000000 63
-0.060826 -0.904827 -15284008469204390303318639158616915968.000000 82
-0.005837 -0.810471 -20141967499823697926701429228832817152.000000 101
-0.156928 -0.826197 138501071707931996774320095798407200768.000000 81
-0.232973 -0.888627 132064779595909184592529215219780550656.000000 62
-0.156928 -0.826197 138501071707931996774320095798407200768.000000 81
-0.253031 -0.747568 -579169053749395267919429920657705533440.000000 61
-0.187381 -0.982287 -78102098649850003805572832156912189440.000000 63
-0.232973 -0.888627 132064779595909184592529215219780550656.000000 62
-0.309017 -0.951057 146658254940991073445620629800512126976.000000 47
-0.187381 -0.982287 -78102098649850003805572832156912189440.000000 63
-0.156928 -0.826197 138501071707931996774320095798407200768.000000 81
-0.232973 -0.888627 132064779595909184592529215219780550656.000000 62
-0.062791 -0.998027 17955212773716478945417012305849221120.000000 71
-0.060826 -0.904827 -15284008469204390303318639158616915968.000000 82
-0.187381 -0.982287 -78102098649850003805572832156912189440.000000 63
-0.042377 -0.593453 133470858939855178166823521128795865088.000000 86
-0.072500 -0.716116 41837079085940802964795453001235955712.000000 83
0.034327 -0.646921 -20274036141236782062268543131719827456.000000 102
-0.012254 -0.470791 35309086518039312260978519161522094080.000000 105
-0.042377 -0.593453 133470858939855178166823521128795865088.000000 86
0.034327 -0.646921 -20274036141236782062268543131719827456.000000 102
-0.115913 -0.510892 -199545750413036143693619575309442482176.000000 88
-0.166657 -0.668938 -435645872198590682430896396685512015872.000000 68
-0.042377 -0.593453 133470858939855178166823521128795865088.000000 86
-0.518255 -0.575515 41680641613561353250508347942841610141696.000000 36
-0.616669 -0.529062 -247332821440004322586382269430052255956992.000000 25
-0.658410 -0.623625 -9378321342918855493591619916246498148352.000000 24
-0.433694 -0.622226 -5110818897264169325764056306918296125440.000000 37
-0.518255 -0.575515 41680641613561353250508347942841610141696.000000 36
-0.534148 -0.701322 -6487833786370675194417223407157613953024.000000 31
-0.409886 -0.779019 1939080938460481079573140458520579145728.000000 45
-0.433694 -0.622226 -5110818897264169325764056306918296125440.000000 37
-0.534148 -0.701322 -6487833786370675194417223407157613953024.000000 31
-0.349134 -0.668938 1697175068539808169483191664717703675904.000000 51
-0.378100 -0.527404 -8817597713647815089831795374381047218176.000000 52
-0.433694 -0.622226 -5110818897264169325764056306918296125440.000000 37
-0.378100 -0.527404 -8817597713647815089831795374381047218176.000000 52
-0.486789 -0.444362 11391179182388451172644409768963710386176.000000 38
-0.518255 -0.575515 41680641613561353250508347942841610141696.000000 36
0.060826 -0.904827 3798646275623520656402894618401701888.000000 91
-0.060826 -0.904827 -15284008469204390303318639158616915968.000000 82
-0.062791 -0.998027 17955212773716478945417012305849221120.000000 71
-0.534148 -0.701322 -6487833786370675194417223407157613953024.000000 31
-0.535827 -0.844328 -702291914490723714457907157716399292416.000000 30
-0.409886 -0.779019 1939080938460481079573140458520579145728.000000 45
-0.486789 -0.444362 11391179182388451172644409768963710386176.000000 38
-0.378100 -0.527404 -8817597713647815089831795374381047218176.000000 52
-0.362206 -0.401597 11721746417483551746141272868878288945152.000000 53
-0.728969 -0.684547 -70265522751695390714749768866480202448896.000000 14
-0.637424 -0.770513 15102837586835815302440468823884945162240.000000 19
-0.658410 -0.623625 -9378321342918855493591619916246498148352.000000 24
-0.321429 -0.833823 -229377727822666805946539455446576529408.000000 46
-0.253031 -0.747568 -579169053749395267919429920657705533440.000000 61
-0.409886 -0.779019 1939080938460481079573140458520579145728.000000 45
-0.346313 -0.275789 24924965230346767886298840610587809939456.000000 64
-0.362206 -0.401597 11721746417483551746141272868878288945152.000000 53
-0.234167 -0.315104 -5830363512258315144311777034339908321280.000000 70
-0.195844 -0.197159 -5771491539441910243179676008194009726976.000000 84
-0.346313 -0.275789 24924965230346767886298840610587809939456.000000 64
-0.234167 -0.315104 -5830363512258315144311777034339908321280.000000 70
-0.658594 0.038247 848433776470732582059143165223845480103936.000000 29
-0.584401 -0.096754 223476959924814814766776331011170328641536.000000 35
-0.515073 -0.029496 -221679501203112372855021798645881035030528.000000 39
-0.330420 -0.149981 10078258956395532494169034978812172959744.000000 66
-0.441136 -0.097722 -5264218447501297953491178258772023836672.000000 50
-0.469331 -0.217723 -70698855609790583759533358766141296607232.000000 49
-0.330420 -0.149981 10078258956395532494169034978812172959744.000000 66
-0.314527 -0.024174 -9713605989863387978934958738298168672256.000000 65
-0.441136 -0.097722 -5264218447501297953491178258772023836672.000000 50
-0.321429 -0.833823 -229377727822666805946539455446576529408.000000 46
-0.425779 -0.904827 -472728725022608629342271422007970103296.000000 32
-0.309017 -0.951057 146658254940991073445620629800512126976.000000 47
-0.378100 -0.527404 -8817597713647815089831795374381047218176.000000 52
-0.518255 -0.575515 41680641613561353250508347942841610141696.000000 36
-0.433694 -0.622226 -5110818897264169325764056306918296125440.000000 37
-0.535827 -0.844328 -702291914490723714457907157716399292416.000000 30
-0.425779 -0.904827 -472728725022608629342271422007970103296.000000 32
-0.409886 -0.779019 1939080938460481079573140458520579145728.000000 45
0.298634 0.101634 1877852441455790252061488359885766656.000000 156
0.172130 0.119981 -15911441067596397925527924770563162112.000000 137
0.196515 -0.037934 6552844753128873695886175922680758272.000000 140
-0.216863 0.007278 4291766429286003853437504453216716193792.000000 80
-0.157522 -0.079215 67459526823651533185705960887195533312.000000 85
-0.119199 0.038730 -779396301305459061806040129990893240320.000000 100
0.198854 -0.161776 5550968993877963878893944343950786560.000000 141
0.210774 -0.256132 -7780689860331345446864040357412208640.000000 142
0.330420 -0.149981 -1313381108970241288221033293269696512.000000 160
-0.118071 -0.307241 2028671432449781360003935117712484728832.000000 89
-0.195844 -0.197159 -5771491539441910243179676008194009726976.000000 84
-0.234167 -0.315104 -5830363512258315144311777034339908321280.000000 70
0.114121 -0.291515 66865875382865862971015001661620879360.000000 124
0.235267 -0.407887 -22821776064977319717570491101334208512.000000 143
0.210774 -0.256132 -7780689860331345446864040357412208640.000000 142
0.114121 -0.291515 66865875382865862971015001661620879360.000000 124
0.108328 -0.414177 82208343275377389105062143478042984448.000000 123
0.235267 -0.407887 -22821776064977319717570491101334208512.000000 143
0.198854 -0.161776 5550968993877963878893944343950786560.000000 141
0.114121 -0.291515 66865875382865862971015001661620879360.000000 124
0.210774 -0.256132 -7780689860331345446864040357412208640.000000 142
0.067288 -0.173570 -68281412965727092940047641381892521984.000000 121
-0.064278 -0.185365 772971469610602872083893270183359283200.000000 103
-0.001975 -0.299378 -388702999618906894066823052484790976512.000000 107
-0.012254 -0.470791 35309086518039312260978519161522094080.000000 105
0.034327 -0.646921 -20274036141236782062268543131719827456.000000 102
0.141155 -0.577727 -18201660484607590555928874014417616896.000000 120
-0.064278 -0.185365 772971469610602872083893270183359283200.000000 103
-0.035536 -0.096906 30274497564655275450796673265989320704.000000 104
-0.157522 -0.079215 67459526823651533185705960887195533312.000000 85
-0.001975 -0.299378 -388702999618906894066823052484790976512.000000 107
-0.064278 -0.185365 772971469610602872083893270183359283200.000000 103
-0.118071 -0.307241 2028671432449781360003935117712484728832.000000 89
0.067288 -0.173570 -68281412965727092940047641381892521984.000000 121
-0.035536 -0.096906 30274497564655275450796673265989320704.000000 104
-0.064278 -0.185365 772971469610602872083893270183359283200.000000 103
-0.330420 -0.149981 10078258956395532494169034978812172959744.000000 66
-0.195844 -0.197159 -5771491539441910243179676008194009726976.000000 84
-0.157522 -0.079215 67459526823651533185705960887195533312.000000 85
-0.330420 -0.149981 10078258956395532494169034978812172959744.000000 66
-0.346313 -0.275789 24924965230346767886298840610587809939456.000000 64
-0.195844 -0.197159 -5771491539441910243179676008194009726976.000000 84
-0.658594 0.038247 848433776470732582059143165223845480103936.000000 29
-0.576964 0.099699 -134274656604470974791020096976068955602944.000000 44
-0.708183 0.161636 307292072822798167155775082630196102168576.000000 28
-0.838383 -0.043527 14115152133518343028020761999970323518193664.000000 12
-0.715365 -0.101593 -2616869546370741328894675438192044982403072.000000 23
-0.773283 0.059054 -2176587593732403089597819046439695184560128.000000 18
-0.584401 -0.096754 223476959924814814766776331011170328641536.000000 35
-0.469331 -0.217723 -70698855609790583759533358766141296607232.000000 49
-0.441136 -0.097722 -5264218447501297953491178258772023836672.000000 50
-0.715365 -0.101593 -2616869546370741328894675438192044982403072.000000 23
-0.584401 -0.096754 223476959924814814766776331011170328641536.000000 35
-0.658594 0.038247 848433776470732582059143165223845480103936.000000 29
-0.773283 0.059054 -2176587593732403089597819046439695184560128.000000 18
-0.715365 -0.101593 -2616869546370741328894675438192044982403072.000000 23
-0.658594 0.038247 848433776470732582059143165223845480103936.000000 29
-0.680615 -0.197981 334154438339131154487635394904895336218624.000000 22
-0.569181 -0.223917 294263074725242626920017172595389237297152.000000 34
-0.584401 -0.096754 223476959924814814766776331011170328641536.000000 35
-0.792049 -0.172045 3032256232354676420059220777450741595897856.000000 13
-0.680615 -0.197981 334154438339131154487635394904895336218624.000000 22
-0.715365 -0.101593 -2616869546370741328894675438192044982403072.000000 23
-0.792049 -0.172045 3032256232354676420059220777450741595897856.000000 13
-0.847640 -0.274036 12610825971451615264406293218436703278071808.000000 11
-0.680489 -0.312940 -2524239111832968185143517151414892995018752.000000 21
-0.715365 -0.101593 -2616869546370741328894675438192044982403072.000000 23
-0.680615 -0.197981 334154438339131154487635394904895336218624.000000 22
-0.584401 -0.096754 223476959924814814766776331011170328641536.000000 35
-0.838383 -0.043527 14115152133518343028020761999970323518193664.000000 12
-0.792049 -0.172045 3032256232354676420059220777450741595897856.000000 13
-0.715365 -0.101593 -2616869546370741328894675438192044982403072.000000 23
-0.314527 -0.024174 -9713605989863387978934958738298168672256.000000 65
-0.298634 0.101634 -11718242514903545138221401778436121296896.000000 73
-0.445745 0.037763 53045083902591266955361330299971978657792.000000 54
-0.680489 -0.312940 -2524239111832968185143517151414892995018752.000000 21
-0.592925 -0.376490 226912673880612941112974726155198703599616.000000 33
-0.569181 -0.223917 294263074725242626920017172595389237297152.000000 34
-0.569181 -0.223917 294263074725242626920017172595389237297152.000000 34
-0.592925 -0.376490 226912673880612941112974726155198703599616.000000 33
-0.443723 -0.339315 -104273255332856728092652063803676544729088.000000 48
-0.658410 -0.623625 -9378321342918855493591619916246498148352.000000 24
-0.616669 -0.529062 -247332821440004322586382269430052255956992.000000 25
-0.735953 -0.529892 322234543685150903346549453858355523092480.000000 15
-0.658410 -0.623625 -9378321342918855493591619916246498148352.000000 24
-0.534148 -0.701322 -6487833786370675194417223407157613953024.000000 31
-0.518255 -0.575515 41680641613561353250508347942841610141696.000000 36
-0.443723 -0.339315 -104273255332856728092652063803676544729088.000000 48
-0.469331 -0.217723 -70698855609790583759533358766141296607232.000000 49
-0.569181 -0.223917 294263074725242626920017172595389237297152.000000 34
-0.362206 -0.401597 11721746417483551746141272868878288945152.000000 53
-0.443723 -0.339315 -104273255332856728092652063803676544729088.000000 48
-0.486789 -0.444362 11391179182388451172644409768963710386176.000000 38
-0.362206 -0.401597 11721746417483551746141272868878288945152.000000 53
-0.346313 -0.275789 24924965230346767886298840610587809939456.000000 64
-0.443723 -0.339315 -104273255332856728092652063803676544729088.000000 48
0.247982 -0.508533 -9415231563936734825598367184141156352.000000 139
0.141155 -0.577727 -18201660484607590555928874014417616896.000000 120
0.298781 -0.621760 3734264465769104587361615959912611840.000000 138
-0.156928 -0.826197 138501071707931996774320095798407200768.000000 81
-0.072500 -0.716116 41837079085940802964795453001235955712.000000 83
-0.166657 -0.668938 -435645872198590682430896396685512015872.000000 68
0.164458 -0.730094 10373314401548688082405672604124839936.000000 119
0.177179 -0.862891 1616692182421742480155313950961958912.000000 109
0.282937 -0.737084 -2802745282665070788912454320907091968.000000 127
0.298781 -0.621760 3734264465769104587361615959912611840.000000 138
0.164458 -0.730094 10373314401548688082405672604124839936.000000 119
0.282937 -0.737084 -2802745282665070788912454320907091968.000000 127
0.034327 -0.646921 -20274036141236782062268543131719827456.000000 102
-0.005837 -0.810471 -20141967499823697926701429228832817152.000000 101
0.164458 -0.730094 10373314401548688082405672604124839936.000000 119
0.108328 -0.414177 82208343275377389105062143478042984448.000000 123
0.247982 -0.508533 -9415231563936734825598367184141156352.000000 139
0.235267 -0.407887 -22821776064977319717570491101334208512.000000 143
-0.115913 -0.510892 -199545750413036143693619575309442482176.000000 88
-0.012254 -0.470791 35309086518039312260978519161522094080.000000 105
-0.065162 -0.389016 -268163726753101481613160092958021648384.000000 106
-0.219573 -0.550993 1300143643241641686325250339172400496640.000000 69
-0.115913 -0.510892 -199545750413036143693619575309442482176.000000 88
-0.145550 -0.426758 567029147376727549607909613127535165440.000000 87
-0.219573 -0.550993 1300143643241641686325250339172400496640.000000 69
-0.166657 -0.668938 -435645872198590682430896396685512015872.000000 68
-0.115913 -0.510892 -199545750413036143693619575309442482176.000000 88
-0.115913 -0.510892 -199545750413036143693619575309442482176.000000 88
-0.042377 -0.593453 133470858939855178166823521128795865088.000000 86
-0.012254 -0.470791 35309086518039312260978519161522094080.000000 105
0.378100 -0.527404 317945527006424957489888105435496448.000000 158
0.362206 -0.401597 4944877590719958089220070209728020480.000000 159
0.247982 -0.508533 -9415231563936734825598367184141156352.000000 139
