-0.903483 -0.146108 -13536253182973164981846016.000000 5
-0.992115 -0.125333 120045112722695657770450944.000000 1
-0.968583 -0.248690 -13757492658734565194465280.000000 2
-0.929776 -0.368125 1095107294090525006626816.000000 3
-0.847640 -0.274036 3911600487616745385754624.000000 11
-0.968583 -0.248690 -13757492658734565194465280.000000 2
-0.838383 -0.043527 4378209333254278252331008.000000 12
-1.000000 -0.000000 -10390742275107496071790592.000000 4
-0.903483 -0.146108 -13536253182973164981846016.000000 5
-0.791796 -0.401964 -834349566911691509202944.000000 10
-0.876307 -0.481754 88362031621627017428992.000000 6
-0.735953 -0.529892 99950058866818739601408.000000 15
-0.664439 -0.453191 377998839702199369465856.000000 20
-0.592925 -0.376490 70383314130823356088320.000000 33
-0.680489 -0.312940 -782963381071107791519744.000000 21
-0.616669 -0.529062 -76717194190015611011072.000000 25
-0.664439 -0.453191 377998839702199369465856.000000 20
-0.735953 -0.529892 99950058866818739601408.000000 15
-0.616669 -0.529062 -76717194190015611011072.000000 25
-0.592925 -0.376490 70383314130823356088320.000000 33
-0.664439 -0.453191 377998839702199369465856.000000 20
-0.847640 -0.274036 3911600487616745385754624.000000 11
-0.929776 -0.368125 1095107294090525006626816.000000 3
-0.791796 -0.401964 -834349566911691509202944.000000 10
-0.577982 0.366799 3560151256375455383552.000000 58
-0.479568 0.320346 -1854846555919605563392.000000 75
-0.512882 0.469380 -683044867328340131840.000000 77
-0.381154 0.273894 -1944540073674261135360.000000 78
-0.528266 0.210023 8197752375200799784960.000000 59
-0.413450 0.155828 4015333336157916758016.000000 60
-0.389865 0.411315 616005782583612801024.000000 95
-0.479568 0.320346 -1854846555919605563392.000000 75
-0.381154 0.273894 -1944540073674261135360.000000 78
-0.250954 0.479057 -128850723705760137216.000000 114
-0.389865 0.411315 616005782583612801024.000000 95
-0.266847 0.353249 223370814308505321472.000000 98
-0.349368 0.525509 -124009484438146547712.000000 113
-0.447782 0.571962 168731398623588646912.000000 97
-0.389865 0.411315 616005782583612801024.000000 95
-0.577982 0.366799 3560151256375455383552.000000 58
-0.528266 0.210023 8197752375200799784960.000000 59
-0.479568 0.320346 -1854846555919605563392.000000 75
-0.080876 0.156675 -16272579709618917376.000000 110
-0.042554 0.274619 30321023234606485504.000000 117
-0.162647 0.251030 -140733581010418515968.000000 99
-0.189755 0.129154 450487976621965312000.000000 93
-0.080876 0.156675 -16272579709618917376.000000 110
-0.162647 0.251030 -140733581010418515968.000000 99
-0.282741 0.227442 157170687580881977344.000000 79
-0.189755 0.129154 450487976621965312000.000000 93
-0.162647 0.251030 -140733581010418515968.000000 99
-0.298634 0.101634 -3634740756796902735872.000000 73
-0.216863 0.007278 1331211428619844059136.000000 80
-0.189755 0.129154 450487976621965312000.000000 93
0.198854 -0.161776 1721788332687544832.000000 141
0.078503 -0.051694 -4737107133496604672.000000 122
0.067288 -0.173570 -21179390537664643072.000000 121
0.125317 0.034143 -10236121860102230016.000000 128
0.020079 0.059698 46891629595143700480.000000 118
0.078503 -0.051694 -4737107133496604672.000000 122
0.196515 -0.037934 2032548128857045248.000000 140
0.125317 0.034143 -10236121860102230016.000000 128
0.078503 -0.051694 -4737107133496604672.000000 122
0.172130 0.119981 -4935378600861857792.000000 137
0.020079 0.059698 46891629595143700480.000000 118
0.125317 0.034143 -10236121860102230016.000000 128
0.282741 0.227442 278784713263443648.000000 155
0.172130 0.119981 -4935378600861857792.000000 137
0.298634 0.101634 582468471319745792.000000 156
0.282741 0.227442 278784713263443648.000000 155
0.163714 0.327039 -620178617432096128.000000 153
0.167922 0.223510 3764309413281810432.000000 147
-0.080876 0.156675 -16272579709618917376.000000 110
-0.119199 0.038730 -241751567988864843776.000000 100
0.020079 0.059698 46891629595143700480.000000 118
-0.838383 -0.043527 4378209333254278252331008.000000 12
-0.915249 0.040903 750634029013077086699520.000000 9
-1.000000 -0.000000 -10390742275107496071790592.000000 4
-0.903483 -0.146108 -13536253182973164981846016.000000 5
-1.000000 -0.000000 -10390742275107496071790592.000000 4
-0.992115 -0.125333 120045112722695657770450944.000000 1
-0.362206 -0.401597 3635827590210618130432.000000 53
-0.378100 -0.527404 -2735024620464479141888.000000 52
-0.272489 -0.433048 166870031160805490688.000000 67
-0.847640 -0.274036 3911600487616745385754624.000000 11
-0.903483 -0.146108 -13536253182973164981846016.000000 5
-0.968583 -0.248690 -13757492658734565194465280.000000 2
-0.847640 -0.274036 3911600487616745385754624.000000 11
-0.792049 -0.172045 940539103775465221914624.000000 13
-0.903483 -0.146108 -13536253182973164981846016.000000 5
-0.876307 -0.481754 88362031621627017428992.000000 6
-0.791796 -0.401964 -834349566911691509202944.000000 10
-0.929776 -0.368125 1095107294090525006626816.000000 3
-0.664439 -0.453191 377998839702199369465856.000000 20
-0.791796 -0.401964 -834349566911691509202944.000000 10
-0.735953 -0.529892 99950058866818739601408.000000 15
-0.680615 -0.197981 103647347676164181196800.000000 22
-0.680489 -0.312940 -782963381071107791519744.000000 21
-0.569181 -0.223917 91273925212240913367040.000000 34
-0.680615 -0.197981 103647347676164181196800.000000 22
-0.792049 -0.172045 940539103775465221914624.000000 13
-0.680489 -0.312940 -782963381071107791519744.000000 21
-0.515073 -0.029496 -68760099216635161739264.000000 39
-0.441136 -0.097722 -1632844628320327827456.000000 50
-0.445745 0.037763 16453416812567712497664.000000 54
-0.330420 -0.149981 3126053974371574218752.000000 66
-0.469331 -0.217723 -21929228006416604725248.000000 49
-0.346313 -0.275789 7731175290941877518336.000000 64
-0.838383 -0.043527 4378209333254278252331008.000000 12
-0.903483 -0.146108 -13536253182973164981846016.000000 5
-0.792049 -0.172045 940539103775465221914624.000000 13
-0.735953 -0.529892 99950058866818739601408.000000 15
-0.809017 -0.587785 -66544450107658024779776.000000 7
-0.728969 -0.684547 -21794817697142452256768.000000 14
-0.346313 -0.275789 7731175290941877518336.000000 64
-0.469331 -0.217723 -21929228006416604725248.000000 49
-0.443723 -0.339315 -32343267390156301139968.000000 48
-0.876307 -0.481754 88362031621627017428992.000000 6
-0.809017 -0.587785 -66544450107658024779776.000000 7
-0.735953 -0.529892 99950058866818739601408.000000 15
-0.309017 0.951057 -2490543699075735040.000000 148
-0.317582 0.777124 4896639273116657664.000000 131
-0.203275 0.856480 -137945117962050816.000000 149
-0.915249 0.040903 750634029013077086699520.000000 9
-0.992115 0.125333 1016530493651932913074176.000000 8
-1.000000 -0.000000 -10390742275107496071790592.000000 4
-0.773283 0.059054 -675129536499677688496128.000000 18
-0.915249 0.040903 750634029013077086699520.000000 9
-0.838383 -0.043527 4378209333254278252331008.000000 12
-0.773283 0.059054 -675129536499677688496128.000000 18
-0.838383 0.205163 -202997976710720794918912.000000 17
-0.915249 0.040903 750634029013077086699520.000000 9
-0.317582 0.777124 4896639273116657664.000000 131
-0.309017 0.951057 -2490543699075735040.000000 148
-0.425779 0.904827 3607429720882571264.000000 130
-0.447782 0.737755 -13088064957694271488.000000 112
-0.425779 0.904827 3607429720882571264.000000 130
-0.535827 0.844328 -4164045489807973888.000000 111
-0.992115 0.125333 1016530493651932913074176.000000 8
-0.915249 0.040903 750634029013077086699520.000000 9
-0.838383 0.205163 -202997976710720794918912.000000 17
-0.382682 0.674543 -19354845457157832704.000000 115
-0.447782 0.571962 168731398623588646912.000000 97
-0.349368 0.525509 -124009484438146547712.000000 113
-0.425779 0.904827 3607429720882571264.000000 130
-0.447782 0.737755 -13088064957694271488.000000 112
-0.317582 0.777124 4896639273116657664.000000 131
-0.382682 0.674543 -19354845457157832704.000000 115
-0.349368 0.525509 -124009484438146547712.000000 113
-0.235061 0.604864 40287411652169015296.000000 132
-0.816683 0.308437 42136992122833731584000.000000 27
-0.968583 0.248690 -131668052564832690372608.000000 16
-0.838383 0.205163 -202997976710720794918912.000000 17
-0.816683 0.308437 42136992122833731584000.000000 27
-0.929776 0.368125 12920259265669994905600.000000 26
-0.968583 0.248690 -131668052564832690372608.000000 16
-0.708183 0.161636 95315233483953675436032.000000 28
-0.816683 0.308437 42136992122833731584000.000000 27
-0.838383 0.205163 -202997976710720794918912.000000 17
-0.794983 0.411712 -7556898131559353155584.000000 41
-0.929776 0.368125 12920259265669994905600.000000 26
-0.816683 0.308437 42136992122833731584000.000000 27
-0.314527 -0.024174 -3012946654920256258048.000000 65
-0.330420 -0.149981 3126053974371574218752.000000 66
-0.157522 -0.079215 20924459556824858624.000000 85
-0.080876 0.156675 -16272579709618917376.000000 110
-0.189755 0.129154 450487976621965312000.000000 93
-0.119199 0.038730 -241751567988864843776.000000 100
-0.576964 0.099699 -41649041342544362864640.000000 44
-0.528266 0.210023 8197752375200799784960.000000 59
-0.643082 0.264217 -9120933544074099556352.000000 43
-0.773283 0.059054 -675129536499677688496128.000000 18
-0.658594 0.038247 263165472370040493834240.000000 29
-0.708183 0.161636 95315233483953675436032.000000 28
-0.445745 0.037763 16453416812567712497664.000000 54
-0.413450 0.155828 4015333336157916758016.000000 60
-0.576964 0.099699 -41649041342544362864640.000000 44
-0.216863 0.007278 1331211428619844059136.000000 80
-0.298634 0.101634 -3634740756796902735872.000000 73
-0.314527 -0.024174 -3012946654920256258048.000000 65
-0.157522 -0.079215 20924459556824858624.000000 85
-0.216863 0.007278 1331211428619844059136.000000 80
-0.314527 -0.024174 -3012946654920256258048.000000 65
-0.119199 0.038730 -241751567988864843776.000000 100
-0.189755 0.129154 450487976621965312000.000000 93
-0.216863 0.007278 1331211428619844059136.000000 80
-0.576964 0.099699 -41649041342544362864640.000000 44
-0.643082 0.264217 -9120933544074099556352.000000 43
-0.708183 0.161636 95315233483953675436032.000000 28
-0.413450 0.155828 4015333336157916758016.000000 60
-0.528266 0.210023 8197752375200799784960.000000 59
-0.576964 0.099699 -41649041342544362864640.000000 44
-0.298634 0.101634 -3634740756796902735872.000000 73
-0.413450 0.155828 4015333336157916758016.000000 60
-0.445745 0.037763 16453416812567712497664.000000 54
-0.298634 0.101634 -3634740756796902735872.000000 73
-0.282741 0.227442 157170687580881977344.000000 79
-0.413450 0.155828 4015333336157916758016.000000 60
-0.381154 0.273894 -1944540073674261135360.000000 78
-0.266847 0.353249 223370814308505321472.000000 98
-0.389865 0.411315 616005782583612801024.000000 95
-0.381154 0.273894 -1944540073674261135360.000000 78
-0.282741 0.227442 157170687580881977344.000000 79
-0.266847 0.353249 223370814308505321472.000000 98
-0.528266 0.210023 8197752375200799784960.000000 59
-0.381154 0.273894 -1944540073674261135360.000000 78
-0.479568 0.320346 -1854846555919605563392.000000 75
-0.413450 0.155828 4015333336157916758016.000000 60
-0.282741 0.227442 157170687580881977344.000000 79
-0.381154 0.273894 -1944540073674261135360.000000 78
-0.577982 0.366799 3560151256375455383552.000000 58
-0.643082 0.264217 -9120933544074099556352.000000 43
-0.528266 0.210023 8197752375200799784960.000000 59
-0.577982 0.366799 3560151256375455383552.000000 58
-0.610532 0.481301 3916659535548154642432.000000 57
-0.719033 0.337964 -20443076537844464877568.000000 42
-0.621382 0.574733 -724647878649589661696.000000 76
-0.708183 0.493222 4534826650853335629824.000000 56
-0.610532 0.481301 3916659535548154642432.000000 57
-0.719033 0.337964 -20443076537844464877568.000000 42
-0.816683 0.308437 42136992122833731584000.000000 27
-0.708183 0.161636 95315233483953675436032.000000 28
-0.577982 0.366799 3560151256375455383552.000000 58
-0.719033 0.337964 -20443076537844464877568.000000 42
-0.643082 0.264217 -9120933544074099556352.000000 43
-0.794983 0.411712 -7556898131559353155584.000000 41
-0.816683 0.308437 42136992122833731584000.000000 27
-0.719033 0.337964 -20443076537844464877568.000000 42
-0.708183 0.493222 4534826650853335629824.000000 56
-0.794983 0.411712 -7556898131559353155584.000000 41
-0.719033 0.337964 -20443076537844464877568.000000 42
-0.610532 0.481301 3916659535548154642432.000000 57
-0.708183 0.493222 4534826650853335629824.000000 56
-0.719033 0.337964 -20443076537844464877568.000000 42
-0.512882 0.469380 -683044867328340131840.000000 77
-0.610532 0.481301 3916659535548154642432.000000 57
-0.577982 0.366799 3560151256375455383552.000000 58
-0.512882 0.469380 -683044867328340131840.000000 77
-0.621382 0.574733 -724647878649589661696.000000 76
-0.610532 0.481301 3916659535548154642432.000000 57
-0.621382 0.574733 -724647878649589661696.000000 76
-0.809017 0.587785 -1128660181215628230656.000000 55
-0.708183 0.493222 4534826650853335629824.000000 56
-0.876307 0.481754 -1044858758840148688896.000000 40
-0.929776 0.368125 12920259265669994905600.000000 26
-0.794983 0.411712 -7556898131559353155584.000000 41
-0.445745 0.037763 16453416812567712497664.000000 54
-0.441136 -0.097722 -1632844628320327827456.000000 50
-0.314527 -0.024174 -3012946654920256258048.000000 65
-0.838383 0.205163 -202997976710720794918912.000000 17
-0.773283 0.059054 -675129536499677688496128.000000 18
-0.708183 0.161636 95315233483953675436032.000000 28
-0.643082 0.264217 -9120933544074099556352.000000 43
-0.719033 0.337964 -20443076537844464877568.000000 42
-0.708183 0.161636 95315233483953675436032.000000 28
-0.968583 0.248690 -131668052564832690372608.000000 16
-0.992115 0.125333 1016530493651932913074176.000000 8
-0.838383 0.205163 -202997976710720794918912.000000 17
-0.515073 -0.029496 -68760099216635161739264.000000 39
-0.576964 0.099699 -41649041342544362864640.000000 44
-0.658594 0.038247 263165472370040493834240.000000 29
-0.441136 -0.097722 -1632844628320327827456.000000 50
-0.515073 -0.029496 -68760099216635161739264.000000 39
-0.584401 -0.096754 69317631326601531621376.000000 35
-0.445745 0.037763 16453416812567712497664.000000 54
-0.576964 0.099699 -41649041342544362864640.000000 44
-0.515073 -0.029496 -68760099216635161739264.000000 39
-0.794983 0.411712 -7556898131559353155584.000000 41
-0.708183 0.493222 4534826650853335629824.000000 56
-0.876307 0.481754 -1044858758840148688896.000000 40
-0.447782 0.571962 168731398623588646912.000000 97
-0.534582 0.656244 82784764745095544832.000000 96
-0.621382 0.574733 -724647878649589661696.000000 76
-0.389865 0.411315 616005782583612801024.000000 95
-0.447782 0.571962 168731398623588646912.000000 97
-0.512882 0.469380 -683044867328340131840.000000 77
-0.479568 0.320346 -1854846555919605563392.000000 75
-0.389865 0.411315 616005782583612801024.000000 95
-0.512882 0.469380 -683044867328340131840.000000 77
-0.250954 0.479057 -128850723705760137216.000000 114
-0.235061 0.604864 40287411652169015296.000000 132
-0.349368 0.525509 -124009484438146547712.000000 113
-0.382682 0.674543 -19354845457157832704.000000 115
-0.534582 0.656244 82784764745095544832.000000 96
-0.447782 0.571962 168731398623588646912.000000 97
-0.728969 0.684547 558534200821166899200.000000 74
-0.809017 0.587785 -1128660181215628230656.000000 55
-0.621382 0.574733 -724647878649589661696.000000 76
-0.447782 0.737755 -13088064957694271488.000000 112
-0.382682 0.674543 -19354845457157832704.000000 115
-0.317582 0.777124 4896639273116657664.000000 131
-0.534582 0.656244 82784764745095544832.000000 96
-0.447782 0.737755 -13088064957694271488.000000 112
-0.535827 0.844328 -4164045489807973888.000000 111
-0.534582 0.656244 82784764745095544832.000000 96
-0.382682 0.674543 -19354845457157832704.000000 115
-0.447782 0.737755 -13088064957694271488.000000 112
-0.728969 0.684547 558534200821166899200.000000 74
-0.631775 0.670396 44537608946094317568.000000 92
-0.637424 0.770513 -111142352799004639232.000000 94
-0.621382 0.574733 -724647878649589661696.000000 76
-0.512882 0.469380 -683044867328340131840.000000 77
-0.447782 0.571962 168731398623588646912.000000 97
-0.631775 0.670396 44537608946094317568.000000 92
-0.534582 0.656244 82784764745095544832.000000 96
-0.637424 0.770513 -111142352799004639232.000000 94
-0.621382 0.574733 -724647878649589661696.000000 76
-0.631775 0.670396 44537608946094317568.000000 92
-0.728969 0.684547 558534200821166899200.000000 74
-0.621382 0.574733 -724647878649589661696.000000 76
-0.534582 0.656244 82784764745095544832.000000 96
-0.631775 0.670396 44537608946094317568.000000 92
0.794983 0.411712 -434048186215883.812500 236
0.929776 0.368125 -432307197229362.250000 237
0.876307 0.481754 940179340689905.500000 242
0.708183 0.493222 -1310310668755786.750000 238
0.794983 0.411712 -434048186215883.812500 236
0.876307 0.481754 940179340689905.500000 242
0.610532 0.481301 2243418349257619.000000 223
0.577982 0.366799 -3816440341145593.500000 208
0.719033 0.337964 1402616997475753.250000 222
0.349368 0.525509 70492975766710264.000000 189
0.512882 0.469380 -14735982912399016.000000 207
0.447782 0.571962 -20853665102125836.000000 205
0.349368 0.525509 70492975766710264.000000 189
0.422415 0.360024 16764025078689688.000000 190
0.512882 0.469380 -14735982912399016.000000 207
0.445745 0.037763 -20904467826464864.000000 170
0.314527 -0.024174 -459796951695276096.000000 157
0.441136 -0.097722 190000035541142272.000000 175
0.643082 0.264217 -7221851205536004.000000 206
0.522968 0.251959 19005944712169676.000000 191
0.571666 0.141635 28878292830656660.000000 188
0.794983 0.245918 1502955572457474.000000 220
0.719033 0.337964 1402616997475753.250000 222
0.643082 0.264217 -7221851205536004.000000 206
0.870933 0.153872 705046013487185.500000 219
0.794983 0.245918 1502955572457474.000000 220
0.708183 0.161636 -5052041339234948.000000 204
0.870933 0.153872 705046013487185.500000 219
0.968583 0.248690 -634036675280861.625000 230
0.794983 0.245918 1502955572457474.000000 220
0.577982 0.366799 -3816440341145593.500000 208
0.422415 0.360024 16764025078689688.000000 190
0.522968 0.251959 19005944712169676.000000 191
0.040329 0.180264 -9914664105312311296.000000 129
0.167922 0.223510 3764309413281810432.000000 147
0.060580 0.300829 -2435496240493786624.000000 136
0.794983 0.245918 1502955572457474.000000 220
0.643082 0.264217 -7221851205536004.000000 206
0.708183 0.161636 -5052041339234948.000000 204
0.708183 0.493222 -1310310668755786.750000 238
0.719033 0.337964 1402616997475753.250000 222
0.794983 0.411712 -434048186215883.812500 236
0.577982 0.366799 -3816440341145593.500000 208
0.643082 0.264217 -7221851205536004.000000 206
0.719033 0.337964 1402616997475753.250000 222
0.915249 0.040903 -107480414804452.468750 228
0.773283 0.059054 365038937992711.500000 215
0.838383 -0.043527 -1221302513135167.750000 225
1.000000 -0.000000 830275667581501.875000 240
0.915249 0.040903 -107480414804452.468750 228
0.838383 -0.043527 -1221302513135167.750000 225
0.992115 0.125333 -214626719264600.593750 233
0.968583 0.248690 -634036675280861.625000 230
0.870933 0.153872 705046013487185.500000 219
0.794983 0.245918 1502955572457474.000000 220
0.929776 0.368125 -432307197229362.250000 237
0.794983 0.411712 -434048186215883.812500 236
0.062791 0.998027 -20762727522490344.000000 198
0.023973 0.872212 -6503560038176606.000000 184
0.187381 0.982287 -28796385644470460.000000 199
0.425779 0.904827 4791380144815453.000000 216
0.309017 0.951057 -44865057755179120.000000 214
0.360982 0.819266 19591685978358664.000000 203
0.309017 0.951057 -44865057755179120.000000 214
0.203275 0.856480 116638284418625600.000000 200
0.360982 0.819266 19591685978358664.000000 203
0.382682 0.674543 57387635242117424.000000 202
0.447782 0.737755 -13962678080016542.000000 218
0.360982 0.819266 19591685978358664.000000 203
0.512882 0.469380 -14735982912399016.000000 207
0.621382 0.574733 6114027597305942.000000 221
0.447782 0.571962 -20853665102125836.000000 205
0.719033 0.337964 1402616997475753.250000 222
0.708183 0.493222 -1310310668755786.750000 238
0.610532 0.481301 2243418349257619.000000 223
0.809017 0.587785 -1443476516336524.750000 235
0.728969 0.684547 -1973904145798021.500000 234
0.621382 0.574733 6114027597305942.000000 221
0.621382 0.574733 6114027597305942.000000 221
0.534582 0.656244 -4271970937631626.500000 217
0.447782 0.571962 -20853665102125836.000000 205
0.809017 0.587785 -1443476516336524.750000 235
0.621382 0.574733 6114027597305942.000000 221
0.708183 0.493222 -1310310668755786.750000 238
0.631775 0.670396 -86782909440829.875000 229
0.534582 0.656244 -4271970937631626.500000 217
0.621382 0.574733 6114027597305942.000000 221
0.728969 0.684547 -1973904145798021.500000 234
0.631775 0.670396 -86782909440829.875000 229
0.621382 0.574733 6114027597305942.000000 221
0.728969 0.684547 -1973904145798021.500000 234
0.637424 0.770513 625001389057874.500000 231
0.631775 0.670396 -86782909440829.875000 229
0.447782 0.737755 -13962678080016542.000000 218
0.425779 0.904827 4791380144815453.000000 216
0.360982 0.819266 19591685978358664.000000 203
0.794983 0.245918 1502955572457474.000000 220
0.794983 0.411712 -434048186215883.812500 236
0.719033 0.337964 1402616997475753.250000 222
0.610532 0.481301 2243418349257619.000000 223
0.621382 0.574733 6114027597305942.000000 221
0.512882 0.469380 -14735982912399016.000000 207
0.577982 0.366799 -3816440341145593.500000 208
0.610532 0.481301 2243418349257619.000000 223
0.512882 0.469380 -14735982912399016.000000 207
0.708183 0.493222 -1310310668755786.750000 238
0.621382 0.574733 6114027597305942.000000 221
0.610532 0.481301 2243418349257619.000000 223
0.637424 0.770513 625001389057874.500000 231
0.534582 0.656244 -4271970937631626.500000 217
0.631775 0.670396 -86782909440829.875000 229
0.637424 0.770513 625001389057874.500000 231
0.535827 0.844328 4991992340931087.000000 232
0.534582 0.656244 -4271970937631626.500000 217
0.235061 0.604864 -155019763699715712.000000 186
0.219168 0.730672 -204342330881322528.000000 187
0.072414 0.628453 1684441228932448768.000000 169
0.447782 0.737755 -13962678080016542.000000 218
0.535827 0.844328 4991992340931087.000000 232
0.425779 0.904827 4791380144815453.000000 216
0.534582 0.656244 -4271970937631626.500000 217
0.447782 0.737755 -13962678080016542.000000 218
0.382682 0.674543 57387635242117424.000000 202
0.534582 0.656244 -4271970937631626.500000 217
0.535827 0.844328 4991992340931087.000000 232
0.447782 0.737755 -13962678080016542.000000 218
-0.135539 0.372907 737293987665409024.000000 116
-0.250954 0.479057 -128850723705760137216.000000 114
-0.266847 0.353249 223370814308505321472.000000 98
0.060580 0.300829 -2435496240493786624.000000 136
-0.004231 0.392564 -7786300557522271232.000000 135
-0.042554 0.274619 30321023234606485504.000000 117
0.040329 0.180264 -9914664105312311296.000000 129
0.060580 0.300829 -2435496240493786624.000000 136
-0.042554 0.274619 30321023234606485504.000000 117
0.163714 0.327039 -620178617432096128.000000 153
0.123361 0.435810 1773763792369111552.000000 154
0.060580 0.300829 -2435496240493786624.000000 136
-0.080876 0.156675 -16272579709618917376.000000 110
0.020079 0.059698 46891629595143700480.000000 118
0.040329 0.180264 -9914664105312311296.000000 129
0.266847 0.353249 -180719560856713376.000000 172
0.250954 0.479057 -249257435376587392.000000 171
0.123361 0.435810 1773763792369111552.000000 154
-0.108431 0.494783 17581844162312355840.000000 133
-0.250954 0.479057 -128850723705760137216.000000 114
-0.135539 0.372907 737293987665409024.000000 116
-0.004231 0.392564 -7786300557522271232.000000 135
-0.108431 0.494783 17581844162312355840.000000 133
-0.135539 0.372907 737293987665409024.000000 116
0.034091 0.510509 -686395722324824832.000000 151
0.072414 0.628453 1684441228932448768.000000 169
-0.081324 0.616659 -9113132276193088512.000000 152
0.034091 0.510509 -686395722324824832.000000 151
0.123361 0.435810 1773763792369111552.000000 154
0.134576 0.557687 -461982193606928256.000000 168
0.381154 0.273894 4064742993160336.000000 173
0.266847 0.353249 -180719560856713376.000000 172
0.282741 0.227442 278784713263443648.000000 155
0.413450 0.155828 -141456497572086176.000000 174
0.445745 0.037763 -20904467826464864.000000 170
0.571666 0.141635 28878292830656660.000000 188
0.282741 0.227442 278784713263443648.000000 155
0.413450 0.155828 -141456497572086176.000000 174
0.381154 0.273894 4064742993160336.000000 173
0.298634 0.101634 582468471319745792.000000 156
0.445745 0.037763 -20904467826464864.000000 170
0.413450 0.155828 -141456497572086176.000000 174
0.577982 0.366799 -3816440341145593.500000 208
0.512882 0.469380 -14735982912399016.000000 207
0.422415 0.360024 16764025078689688.000000 190
0.134576 0.557687 -461982193606928256.000000 168
0.235061 0.604864 -155019763699715712.000000 186
0.072414 0.628453 1684441228932448768.000000 169
0.034091 0.510509 -686395722324824832.000000 151
0.134576 0.557687 -461982193606928256.000000 168
0.072414 0.628453 1684441228932448768.000000 169
0.123361 0.435810 1773763792369111552.000000 154
0.250954 0.479057 -249257435376587392.000000 171
0.134576 0.557687 -461982193606928256.000000 168
0.422415 0.360024 16764025078689688.000000 190
0.349368 0.525509 70492975766710264.000000 189
0.266847 0.353249 -180719560856713376.000000 172
0.349368 0.525509 70492975766710264.000000 189
0.235061 0.604864 -155019763699715712.000000 186
0.250954 0.479057 -249257435376587392.000000 171
0.266847 0.353249 -180719560856713376.000000 172
0.349368 0.525509 70492975766710264.000000 189
0.250954 0.479057 -249257435376587392.000000 171
0.447782 0.571962 -20853665102125836.000000 205
0.382682 0.674543 57387635242117424.000000 202
0.349368 0.525509 70492975766710264.000000 189
0.023973 0.872212 -6503560038176606.000000 184
0.062791 0.998027 -20762727522490344.000000 198
-0.062791 0.998027 127219402165939616.000000 182
-0.089651 0.864346 -714503779647739008.000000 166
0.023973 0.872212 -6503560038176606.000000 184
-0.062791 0.998027 127219402165939616.000000 182
-0.187381 0.982287 669455845713923328.000000 165
-0.089651 0.864346 -714503779647739008.000000 166
-0.062791 0.998027 127219402165939616.000000 182
-0.203275 0.856480 -137945117962050816.000000 149
-0.109200 0.735914 2594435651543205376.000000 150
-0.089651 0.864346 -714503779647739008.000000 166
0.000768 0.741156 1131771663077102080.000000 167
0.110736 0.746398 -486576345836488832.000000 183
0.023973 0.872212 -6503560038176606.000000 184
0.219168 0.730672 -204342330881322528.000000 187
0.110736 0.746398 -486576345836488832.000000 183
0.072414 0.628453 1684441228932448768.000000 169
0.203275 0.856480 116638284418625600.000000 200
0.187381 0.982287 -28796385644470460.000000 199
0.023973 0.872212 -6503560038176606.000000 184
0.187381 0.982287 -28796385644470460.000000 199
0.203275 0.856480 116638284418625600.000000 200
0.309017 0.951057 -44865057755179120.000000 214
-0.235061 0.604864 40287411652169015296.000000 132
-0.250954 0.479057 -128850723705760137216.000000 114
-0.108431 0.494783 17581844162312355840.000000 133
-0.109200 0.735914 2594435651543205376.000000 150
-0.203275 0.856480 -137945117962050816.000000 149
-0.219168 0.730672 -4502045906057401856.000000 134
0.072414 0.628453 1684441228932448768.000000 169
0.000768 0.741156 1131771663077102080.000000 167
-0.081324 0.616659 -9113132276193088512.000000 152
0.000768 0.741156 1131771663077102080.000000 167
0.023973 0.872212 -6503560038176606.000000 184
-0.089651 0.864346 -714503779647739008.000000 166
-0.219168 0.730672 -4502045906057401856.000000 134
-0.317582 0.777124 4896639273116657664.000000 131
-0.382682 0.674543 -19354845457157832704.000000 115
-0.108431 0.494783 17581844162312355840.000000 133
-0.081324 0.616659 -9113132276193088512.000000 152
-0.235061 0.604864 40287411652169015296.000000 132
-0.203275 0.856480 -137945117962050816.000000 149
-0.317582 0.777124 4896639273116657664.000000 131
-0.219168 0.730672 -4502045906057401856.000000 134
0.809017 0.587785 -1443476516336524.750000 235
0.708183 0.493222 -1310310668755786.750000 238
0.876307 0.481754 940179340689905.500000 242
0.469331 -0.217723 -214051842787376384.000000 178
0.443723 -0.339315 -439846998929915008.000000 177
0.569181 -0.223917 91476985055320432.000000 195
0.992115 -0.125333 641465561999176.500000 243
0.903483 -0.146108 -1677502771504464.250000 239
0.968583 -0.248690 -62000649126766.671875 241
0.992115 -0.125333 641465561999176.500000 243
1.000000 -0.000000 830275667581501.875000 240
0.903483 -0.146108 -1677502771504464.250000 239
-0.616669 -0.529062 -76717194190015611011072.000000 25
-0.518255 -0.575515 12928417094080177111040.000000 36
-0.486789 -0.444362 3533292913979632386048.000000 38
-0.728969 -0.684547 -21794817697142452256768.000000 14
-0.658410 -0.623625 -2908948741425311252480.000000 24
-0.735953 -0.529892 99950058866818739601408.000000 15
-0.433694 -0.622226 -1585263466161225596928.000000 37
-0.409886 -0.779019 601460202652948758528.000000 45
-0.349134 -0.668938 526426329306257227776.000000 51
-0.637424 -0.770513 4684567609036894109696.000000 19
-0.534148 -0.701322 -2012383158707781632000.000000 31
-0.658410 -0.623625 -2908948741425311252480.000000 24
-0.637424 -0.770513 4684567609036894109696.000000 19
-0.535827 -0.844328 -217835485271945183232.000000 30
-0.534148 -0.701322 -2012383158707781632000.000000 31
0.664439 -0.453191 -16290497015007534.000000 197
0.736206 -0.299972 -31297736621644020.000000 212
0.592925 -0.376490 93143887347956816.000000 194
0.736206 -0.299972 -31297736621644020.000000 212
0.792049 -0.172045 7203442860175531.000000 224
0.680615 -0.197981 -13747001775126244.000000 209
0.929776 -0.368125 -3684538141514541.500000 226
0.847640 -0.274036 3223604411995163.500000 227
0.791796 -0.401964 8570761295648003.000000 213
0.929776 -0.368125 -3684538141514541.500000 226
0.968583 -0.248690 -62000649126766.671875 241
0.847640 -0.274036 3223604411995163.500000 227
0.715365 -0.101593 1421991374320442.500000 210
0.584401 -0.096754 -4522227975654871.000000 192
0.680615 -0.197981 -13747001775126244.000000 209
0.773283 0.059054 365038937992711.500000 215
0.715365 -0.101593 1421991374320442.500000 210
0.838383 -0.043527 -1221302513135167.750000 225
0.662567 0.006795 2137833991491970.000000 201
0.708183 0.161636 -5052041339234948.000000 204
0.571666 0.141635 28878292830656660.000000 188
-0.592925 -0.376490 70383314130823356088320.000000 33
-0.486789 -0.444362 3533292913979632386048.000000 38
-0.443723 -0.339315 -32343267390156301139968.000000 48
-0.791796 -0.401964 -834349566911691509202944.000000 10
-0.664439 -0.453191 377998839702199369465856.000000 20
-0.680489 -0.312940 -782963381071107791519744.000000 21
-0.616669 -0.529062 -76717194190015611011072.000000 25
-0.486789 -0.444362 3533292913979632386048.000000 38
-0.592925 -0.376490 70383314130823356088320.000000 33
-0.584401 -0.096754 69317631326601531621376.000000 35
-0.569181 -0.223917 91273925212240913367040.000000 34
-0.469331 -0.217723 -21929228006416604725248.000000 49
-0.680489 -0.312940 -782963381071107791519744.000000 21
-0.847640 -0.274036 3911600487616745385754624.000000 11
-0.791796 -0.401964 -834349566911691509202944.000000 10
-0.035536 -0.096906 9390482408078704640.000000 104
-0.119199 0.038730 -241751567988864843776.000000 100
-0.157522 -0.079215 20924459556824858624.000000 85
-0.195844 -0.197159 -1790189569744591388672.000000 84
-0.064278 -0.185365 239758726691446423552.000000 103
-0.157522 -0.079215 20924459556824858624.000000 85
0.196515 -0.037934 2032548128857045248.000000 140
0.314527 -0.024174 -459796951695276096.000000 157
0.298634 0.101634 582468471319745792.000000 156
0.125317 0.034143 -10236121860102230016.000000 128
0.196515 -0.037934 2032548128857045248.000000 140
0.172130 0.119981 -4935378600861857792.000000 137
-0.035536 -0.096906 9390482408078704640.000000 104
0.078503 -0.051694 -4737107133496604672.000000 122
0.020079 0.059698 46891629595143700480.000000 118
-0.035536 -0.096906 9390482408078704640.000000 104
0.067288 -0.173570 -21179390537664643072.000000 121
0.078503 -0.051694 -4737107133496604672.000000 122
0.198854 -0.161776 1721788332687544832.000000 141
0.330420 -0.149981 -407381895357586176.000000 160
0.196515 -0.037934 2032548128857045248.000000 140
0.078503 -0.051694 -4737107133496604672.000000 122
0.198854 -0.161776 1721788332687544832.000000 141
0.196515 -0.037934 2032548128857045248.000000 140
-0.001975 -0.299378 -120567110059991580672.000000 107
0.114121 -0.291515 20740321953902231552.000000 124
0.067288 -0.173570 -21179390537664643072.000000 121
-0.065162 -0.389016 -83178482258272894976.000000 106
-0.001975 -0.299378 -120567110059991580672.000000 107
-0.118071 -0.307241 629249200833377337344.000000 89
-0.145550 -0.426758 175879953810543280128.000000 87
-0.065162 -0.389016 -83178482258272894976.000000 106
-0.118071 -0.307241 629249200833377337344.000000 89
-0.012254 -0.470791 10952101024463349760.000000 105
0.108328 -0.414177 25499217606371876864.000000 123
-0.065162 -0.389016 -83178482258272894976.000000 106
-0.065162 -0.389016 -83178482258272894976.000000 106
0.108328 -0.414177 25499217606371876864.000000 123
-0.001975 -0.299378 -120567110059991580672.000000 107
0.441136 -0.097722 190000035541142272.000000 175
0.314527 -0.024174 -459796951695276096.000000 157
0.330420 -0.149981 -407381895357586176.000000 160
-0.035536 -0.096906 9390482408078704640.000000 104
0.020079 0.059698 46891629595143700480.000000 118
-0.119199 0.038730 -241751567988864843776.000000 100
0.522968 0.251959 19005944712169676.000000 191
0.643082 0.264217 -7221851205536004.000000 206
0.577982 0.366799 -3816440341145593.500000 208
0.381154 0.273894 4064742993160336.000000 173
0.522968 0.251959 19005944712169676.000000 191
0.422415 0.360024 16764025078689688.000000 190
0.266847 0.353249 -180719560856713376.000000 172
0.381154 0.273894 4064742993160336.000000 173
0.422415 0.360024 16764025078689688.000000 190
0.282741 0.227442 278784713263443648.000000 155
0.298634 0.101634 582468471319745792.000000 156
0.413450 0.155828 -141456497572086176.000000 174
0.584401 -0.096754 -4522227975654871.000000 192
0.441136 -0.097722 190000035541142272.000000 175
0.469331 -0.217723 -214051842787376384.000000 178
0.381154 0.273894 4064742993160336.000000 173
0.413450 0.155828 -141456497572086176.000000 174
0.522968 0.251959 19005944712169676.000000 191
0.298634 0.101634 582468471319745792.000000 156
0.314527 -0.024174 -459796951695276096.000000 157
0.445745 0.037763 -20904467826464864.000000 170
0.571666 0.141635 28878292830656660.000000 188
0.708183 0.161636 -5052041339234948.000000 204
0.643082 0.264217 -7221851205536004.000000 206
0.413450 0.155828 -141456497572086176.000000 174
0.571666 0.141635 28878292830656660.000000 188
0.522968 0.251959 19005944712169676.000000 191
0.662567 0.006795 2137833991491970.000000 201
0.715365 -0.101593 1421991374320442.500000 210
0.773283 0.059054 365038937992711.500000 215
0.708183 0.161636 -5052041339234948.000000 204
0.662567 0.006795 2137833991491970.000000 201
0.773283 0.059054 365038937992711.500000 215
0.543905 0.017440 -41323258945651424.000000 185
0.584401 -0.096754 -4522227975654871.000000 192
0.662567 0.006795 2137833991491970.000000 201
0.445745 0.037763 -20904467826464864.000000 170
0.543905 0.017440 -41323258945651424.000000 185
0.571666 0.141635 28878292830656660.000000 188
0.445745 0.037763 -20904467826464864.000000 170
0.441136 -0.097722 190000035541142272.000000 175
0.543905 0.017440 -41323258945651424.000000 185
0.794983 0.245918 1502955572457474.000000 220
0.968583 0.248690 -634036675280861.625000 230
0.929776 0.368125 -432307197229362.250000 237
0.773283 0.059054 365038937992711.500000 215
0.870933 0.153872 705046013487185.500000 219
0.708183 0.161636 -5052041339234948.000000 204
0.773283 0.059054 365038937992711.500000 215
0.915249 0.040903 -107480414804452.468750 228
0.870933 0.153872 705046013487185.500000 219
0.838383 -0.043527 -1221302513135167.750000 225
0.903483 -0.146108 -1677502771504464.250000 239
1.000000 -0.000000 830275667581501.875000 240
0.584401 -0.096754 -4522227975654871.000000 192
0.569181 -0.223917 91476985055320432.000000 195
0.680615 -0.197981 -13747001775126244.000000 209
0.662567 0.006795 2137833991491970.000000 201
0.584401 -0.096754 -4522227975654871.000000 192
0.715365 -0.101593 1421991374320442.500000 210
0.543905 0.017440 -41323258945651424.000000 185
0.441136 -0.097722 190000035541142272.000000 175
0.584401 -0.096754 -4522227975654871.000000 192
0.662567 0.006795 2137833991491970.000000 201
0.571666 0.141635 28878292830656660.000000 188
0.543905 0.017440 -41323258945651424.000000 185
0.330420 -0.149981 -407381895357586176.000000 160
0.346313 -0.275789 1774755658075225856.000000 161
0.469331 -0.217723 -214051842787376384.000000 178
0.664439 -0.453191 -16290497015007534.000000 197
0.592925 -0.376490 93143887347956816.000000 194
0.616669 -0.529062 27066577086896452.000000 181
0.735953 -0.529892 -1321327840132591.000000 196
0.664439 -0.453191 -16290497015007534.000000 197
0.616669 -0.529062 27066577086896452.000000 181
0.735953 -0.529892 -1321327840132591.000000 196
0.791796 -0.401964 8570761295648003.000000 213
0.664439 -0.453191 -16290497015007534.000000 197
0.838383 -0.043527 -1221302513135167.750000 225
0.715365 -0.101593 1421991374320442.500000 210
0.792049 -0.172045 7203442860175531.000000 224
0.443723 -0.339315 -439846998929915008.000000 177
0.346313 -0.275789 1774755658075225856.000000 161
0.362206 -0.401597 1533792127403278848.000000 159
0.584401 -0.096754 -4522227975654871.000000 192
0.469331 -0.217723 -214051842787376384.000000 178
0.569181 -0.223917 91476985055320432.000000 195
0.441136 -0.097722 190000035541142272.000000 175
0.330420 -0.149981 -407381895357586176.000000 160
0.469331 -0.217723 -214051842787376384.000000 178
0.915249 0.040903 -107480414804452.468750 228
0.992115 0.125333 -214626719264600.593750 233
0.870933 0.153872 705046013487185.500000 219
0.219168 0.730672 -204342330881322528.000000 187
0.360982 0.819266 19591685978358664.000000 203
0.203275 0.856480 116638284418625600.000000 200
0.110736 0.746398 -486576345836488832.000000 183
0.219168 0.730672 -204342330881322528.000000 187
0.203275 0.856480 116638284418625600.000000 200
0.235061 0.604864 -155019763699715712.000000 186
0.382682 0.674543 57387635242117424.000000 202
0.219168 0.730672 -204342330881322528.000000 187
0.123361 0.435810 1773763792369111552.000000 154
-0.004231 0.392564 -7786300557522271232.000000 135
0.060580 0.300829 -2435496240493786624.000000 136
-0.081324 0.616659 -9113132276193088512.000000 152
-0.108431 0.494783 17581844162312355840.000000 133
0.034091 0.510509 -686395722324824832.000000 151
0.000768 0.741156 1131771663077102080.000000 167
-0.109200 0.735914 2594435651543205376.000000 150
-0.081324 0.616659 -9113132276193088512.000000 152
0.110736 0.746398 -486576345836488832.000000 183
0.000768 0.741156 1131771663077102080.000000 167
0.072414 0.628453 1684441228932448768.000000 169
0.110736 0.746398 -486576345836488832.000000 183
0.203275 0.856480 116638284418625600.000000 200
0.023973 0.872212 -6503560038176606.000000 184
-0.219168 0.730672 -4502045906057401856.000000 134
-0.235061 0.604864 40287411652169015296.000000 132
-0.081324 0.616659 -9113132276193088512.000000 152
0.123361 0.435810 1773763792369111552.000000 154
0.163714 0.327039 -620178617432096128.000000 153
0.266847 0.353249 -180719560856713376.000000 172
0.235061 0.604864 -155019763699715712.000000 186
0.134576 0.557687 -461982193606928256.000000 168
0.250954 0.479057 -249257435376587392.000000 171
0.034091 0.510509 -686395722324824832.000000 151
-0.004231 0.392564 -7786300557522271232.000000 135
0.123361 0.435810 1773763792369111552.000000 154
0.382682 0.674543 57387635242117424.000000 202
0.360982 0.819266 19591685978358664.000000 203
0.219168 0.730672 -204342330881322528.000000 187
0.349368 0.525509 70492975766710264.000000 189
0.382682 0.674543 57387635242117424.000000 202
0.235061 0.604864 -155019763699715712.000000 186
0.447782 0.571962 -20853665102125836.000000 205
0.534582 0.656244 -4271970937631626.500000 217
0.382682 0.674543 57387635242117424.000000 202
-0.876307 0.481754 -1044858758840148688896.000000 40
-0.708183 0.493222 4534826650853335629824.000000 56
-0.809017 0.587785 -1128660181215628230656.000000 55
-0.389865 0.411315 616005782583612801024.000000 95
-0.250954 0.479057 -128850723705760137216.000000 114
-0.349368 0.525509 -124009484438146547712.000000 113
-0.162647 0.251030 -140733581010418515968.000000 99
-0.135539 0.372907 737293987665409024.000000 116
-0.266847 0.353249 223370814308505321472.000000 98
-0.298634 0.101634 -3634740756796902735872.000000 73
-0.189755 0.129154 450487976621965312000.000000 93
-0.282741 0.227442 157170687580881977344.000000 79
-0.042554 0.274619 30321023234606485504.000000 117
-0.135539 0.372907 737293987665409024.000000 116
-0.162647 0.251030 -140733581010418515968.000000 99
-0.108431 0.494783 17581844162312355840.000000 133
-0.004231 0.392564 -7786300557522271232.000000 135
0.034091 0.510509 -686395722324824832.000000 151
-0.282741 0.227442 157170687580881977344.000000 79
-0.162647 0.251030 -140733581010418515968.000000 99
-0.266847 0.353249 223370814308505321472.000000 98
-0.042554 0.274619 30321023234606485504.000000 117
-0.004231 0.392564 -7786300557522271232.000000 135
-0.135539 0.372907 737293987665409024.000000 116
0.167922 0.223510 3764309413281810432.000000 147
0.172130 0.119981 -4935378600861857792.000000 137
0.282741 0.227442 278784713263443648.000000 155
0.060580 0.300829 -2435496240493786624.000000 136
0.167922 0.223510 3764309413281810432.000000 147
0.163714 0.327039 -620178617432096128.000000 153
0.040329 0.180264 -9914664105312311296.000000 129
0.172130 0.119981 -4935378600861857792.000000 137
0.167922 0.223510 3764309413281810432.000000 147
-0.080876 0.156675 -16272579709618917376.000000 110
0.040329 0.180264 -9914664105312311296.000000 129
-0.042554 0.274619 30321023234606485504.000000 117
0.020079 0.059698 46891629595143700480.000000 118
0.172130 0.119981 -4935378600861857792.000000 137
0.040329 0.180264 -9914664105312311296.000000 129
0.282741 0.227442 278784713263443648.000000 155
0.266847 0.353249 -180719560856713376.000000 172
0.163714 0.327039 -620178617432096128.000000 153
-0.534582 0.656244 82784764745095544832.000000 96
-0.535827 0.844328 -4164045489807973888.000000 111
-0.637424 0.770513 -111142352799004639232.000000 94
0.847640 -0.274036 3223604411995163.500000 227
0.903483 -0.146108 -1677502771504464.250000 239
0.792049 -0.172045 7203442860175531.000000 224
0.968583 -0.248690 -62000649126766.671875 241
0.903483 -0.146108 -1677502771504464.250000 239
0.847640 -0.274036 3223604411995163.500000 227
0.791796 -0.401964 8570761295648003.000000 213
0.735953 -0.529892 -1321327840132591.000000 196
0.876307 -0.481754 -2147137748068271.000000 211
0.929776 -0.368125 -3684538141514541.500000 226
0.791796 -0.401964 8570761295648003.000000 213
0.876307 -0.481754 -2147137748068271.000000 211
0.592925 -0.376490 93143887347956816.000000 194
0.569181 -0.223917 91476985055320432.000000 195
0.443723 -0.339315 -439846998929915008.000000 177
0.616669 -0.529062 27066577086896452.000000 181
0.592925 -0.376490 93143887347956816.000000 194
0.486789 -0.444362 -206866423081439040.000000 176
0.736206 -0.299972 -31297736621644020.000000 212
0.569181 -0.223917 91476985055320432.000000 195
0.592925 -0.376490 93143887347956816.000000 194
0.847640 -0.274036 3223604411995163.500000 227
0.736206 -0.299972 -31297736621644020.000000 212
0.791796 -0.401964 8570761295648003.000000 213
0.680615 -0.197981 -13747001775126244.000000 209
0.569181 -0.223917 91476985055320432.000000 195
0.736206 -0.299972 -31297736621644020.000000 212
0.378100 -0.527404 98619700350264480.000000 158
0.486789 -0.444362 -206866423081439040.000000 176
0.362206 -0.401597 1533792127403278848.000000 159
0.518255 -0.575515 28069416703205908.000000 164
0.393993 -0.653212 -65477524981751752.000000 146
0.515708 -0.711863 -12605367173193240.000000 162
0.486789 -0.444362 -206866423081439040.000000 176
0.518255 -0.575515 28069416703205908.000000 164
0.616669 -0.529062 27066577086896452.000000 181
0.378100 -0.527404 98619700350264480.000000 158
0.393993 -0.653212 -65477524981751752.000000 146
0.518255 -0.575515 28069416703205908.000000 164
0.658410 -0.623625 -8387019524694780.000000 179
0.728969 -0.684547 640841978767931.250000 180
0.735953 -0.529892 -1321327840132591.000000 196
0.196515 -0.037934 2032548128857045248.000000 140
0.330420 -0.149981 -407381895357586176.000000 160
0.314527 -0.024174 -459796951695276096.000000 157
-0.195844 -0.197159 -1790189569744591388672.000000 84
-0.118071 -0.307241 629249200833377337344.000000 89
-0.064278 -0.185365 239758726691446423552.000000 103
-0.118071 -0.307241 629249200833377337344.000000 89
-0.234167 -0.315104 -1808450359172414308352.000000 70
-0.145550 -0.426758 175879953810543280128.000000 87
0.210774 -0.256132 -2413398640229066752.000000 142
0.346313 -0.275789 1774755658075225856.000000 161
0.330420 -0.149981 -407381895357586176.000000 160
0.210774 -0.256132 -2413398640229066752.000000 142
0.235267 -0.407887 -7078812330463848448.000000 143
0.346313 -0.275789 1774755658075225856.000000 161
0.067288 -0.173570 -21179390537664643072.000000 121
0.114121 -0.291515 20740321953902231552.000000 124
0.198854 -0.161776 1721788332687544832.000000 141
0.108328 -0.414177 25499217606371876864.000000 123
0.114121 -0.291515 20740321953902231552.000000 124
-0.001975 -0.299378 -120567110059991580672.000000 107
0.247982 -0.508533 -2920397479109781504.000000 139
0.362206 -0.401597 1533792127403278848.000000 159
0.235267 -0.407887 -7078812330463848448.000000 143
0.443723 -0.339315 -439846998929915008.000000 177
0.486789 -0.444362 -206866423081439040.000000 176
0.592925 -0.376490 93143887347956816.000000 194
0.346313 -0.275789 1774755658075225856.000000 161
0.443723 -0.339315 -439846998929915008.000000 177
0.469331 -0.217723 -214051842787376384.000000 178
0.362206 -0.401597 1533792127403278848.000000 159
0.486789 -0.444362 -206866423081439040.000000 176
0.443723 -0.339315 -439846998929915008.000000 177
0.518255 -0.575515 28069416703205908.000000 164
0.658410 -0.623625 -8387019524694780.000000 179
0.616669 -0.529062 27066577086896452.000000 181
0.735953 -0.529892 -1321327840132591.000000 196
0.809017 -0.587785 1035405913372086.500000 193
0.876307 -0.481754 -2147137748068271.000000 211
0.616669 -0.529062 27066577086896452.000000 181
0.658410 -0.623625 -8387019524694780.000000 179
0.735953 -0.529892 -1321327840132591.000000 196
0.791796 -0.401964 8570761295648003.000000 213
0.736206 -0.299972 -31297736621644020.000000 212
0.664439 -0.453191 -16290497015007534.000000 197
0.486789 -0.444362 -206866423081439040.000000 176
0.378100 -0.527404 98619700350264480.000000 158
0.518255 -0.575515 28069416703205908.000000 164
0.728969 -0.684547 640841978767931.250000 180
0.809017 -0.587785 1035405913372086.500000 193
0.735953 -0.529892 -1321327840132591.000000 196
0.847640 -0.274036 3223604411995163.500000 227
0.792049 -0.172045 7203442860175531.000000 224
0.736206 -0.299972 -31297736621644020.000000 212
0.838383 -0.043527 -1221302513135167.750000 225
0.792049 -0.172045 7203442860175531.000000 224
0.903483 -0.146108 -1677502771504464.250000 239
0.715365 -0.101593 1421991374320442.500000 210
0.680615 -0.197981 -13747001775126244.000000 209
0.792049 -0.172045 7203442860175531.000000 224
1.000000 -0.000000 830275667581501.875000 240
0.992115 0.125333 -214626719264600.593750 233
0.915249 0.040903 -107480414804452.468750 228
0.295977 -0.844070 76201555963913136.000000 125
0.177179 -0.862891 501462310510272000.000000 109
0.309017 -0.951057 -140362705128477520.000000 108
0.425779 -0.904827 -51151686900592528.000000 126
0.295977 -0.844070 76201555963913136.000000 125
0.309017 -0.951057 -140362705128477520.000000 108
0.282937 -0.737084 -869349861710624896.000000 127
0.177179 -0.862891 501462310510272000.000000 109
0.295977 -0.844070 76201555963913136.000000 125
0.062791 -0.998027 -1921695153991794176.000000 72
0.060826 -0.904827 1178256416958714880.000000 91
-0.062791 -0.998027 5569311574033818624.000000 71
-0.272489 -0.433048 166870031160805490688.000000 67
-0.234167 -0.315104 -1808450359172414308352.000000 70
-0.362206 -0.401597 3635827590210618130432.000000 53
-0.349134 -0.668938 526426329306257227776.000000 51
-0.166657 -0.668938 -135127755309438615552.000000 68
-0.219573 -0.550993 403275925017812926464.000000 69
-0.005837 -0.810471 -6247594731084998656.000000 101
-0.060826 -0.904827 -4740762826813991936.000000 82
0.060826 -0.904827 1178256416958714880.000000 91
0.177179 -0.862891 501462310510272000.000000 109
-0.005837 -0.810471 -6247594731084998656.000000 101
0.060826 -0.904827 1178256416958714880.000000 91
-0.072500 -0.716116 12976940552783523840.000000 83
-0.156928 -0.826197 42959982229128069120.000000 81
-0.005837 -0.810471 -6247594731084998656.000000 101
-0.272489 -0.433048 166870031160805490688.000000 67
-0.219573 -0.550993 403275925017812926464.000000 69
-0.145550 -0.426758 175879953810543280128.000000 87
-0.321429 -0.833823 -71147919575666483200.000000 46
-0.409886 -0.779019 601460202652948758528.000000 45
-0.425779 -0.904827 -146630039578290061312.000000 32
-0.232973 -0.888627 40963586162698665984.000000 62
-0.321429 -0.833823 -71147919575666483200.000000 46
-0.309017 -0.951057 45490160822048677888.000000 47
-0.232973 -0.888627 40963586162698665984.000000 62
-0.253031 -0.747568 -179645485409698873344.000000 61
-0.321429 -0.833823 -71147919575666483200.000000 46
-0.166657 -0.668938 -135127755309438615552.000000 68
-0.253031 -0.747568 -179645485409698873344.000000 61
-0.156928 -0.826197 42959982229128069120.000000 81
-0.349134 -0.668938 526426329306257227776.000000 51
-0.409886 -0.779019 601460202652948758528.000000 45
-0.253031 -0.747568 -179645485409698873344.000000 61
0.187381 -0.982287 -254350431973807488.000000 90
0.060826 -0.904827 1178256416958714880.000000 91
0.062791 -0.998027 -1921695153991794176.000000 72
0.235267 -0.407887 -7078812330463848448.000000 143
0.362206 -0.401597 1533792127403278848.000000 159
0.346313 -0.275789 1774755658075225856.000000 161
0.298781 -0.621760 1158286597425063424.000000 138
0.378100 -0.527404 98619700350264480.000000 158
0.247982 -0.508533 -2920397479109781504.000000 139
0.518255 -0.575515 28069416703205908.000000 164
0.515708 -0.711863 -12605367173193240.000000 162
0.658410 -0.623625 -8387019524694780.000000 179
0.298781 -0.621760 1158286597425063424.000000 138
0.393993 -0.653212 -65477524981751752.000000 146
0.378100 -0.527404 98619700350264480.000000 158
0.141155 -0.577727 -5645754226424389632.000000 120
0.164458 -0.730094 3217573675440145408.000000 119
0.298781 -0.621760 1158286597425063424.000000 138
0.108328 -0.414177 25499217606371876864.000000 123
0.141155 -0.577727 -5645754226424389632.000000 120
0.247982 -0.508533 -2920397479109781504.000000 139
0.034327 -0.646921 -6288559515098329088.000000 102
0.164458 -0.730094 3217573675440145408.000000 119
0.141155 -0.577727 -5645754226424389632.000000 120
0.108328 -0.414177 25499217606371876864.000000 123
-0.012254 -0.470791 10952101024463349760.000000 105
0.141155 -0.577727 -5645754226424389632.000000 120
-0.072500 -0.716116 12976940552783523840.000000 83
-0.005837 -0.810471 -6247594731084998656.000000 101
0.034327 -0.646921 -6288559515098329088.000000 102
0.282937 -0.737084 -869349861710624896.000000 127
0.393993 -0.653212 -65477524981751752.000000 146
0.298781 -0.621760 1158286597425063424.000000 138
-0.005837 -0.810471 -6247594731084998656.000000 101
0.177179 -0.862891 501462310510272000.000000 109
0.164458 -0.730094 3217573675440145408.000000 119
0.187381 -0.982287 -254350431973807488.000000 90
0.177179 -0.862891 501462310510272000.000000 109
0.060826 -0.904827 1178256416958714880.000000 91
0.187381 -0.982287 -254350431973807488.000000 90
0.309017 -0.951057 -140362705128477520.000000 108
0.177179 -0.862891 501462310510272000.000000 109
0.409886 -0.779019 156375455259245696.000000 144
0.393993 -0.653212 -65477524981751752.000000 146
0.282937 -0.737084 -869349861710624896.000000 127
0.515708 -0.711863 -12605367173193240.000000 162
0.637424 -0.770513 14310316182522854.000000 163
0.658410 -0.623625 -8387019524694780.000000 179
0.409886 -0.779019 156375455259245696.000000 144
0.515708 -0.711863 -12605367173193240.000000 162
0.393993 -0.653212 -65477524981751752.000000 146
0.409886 -0.779019 156375455259245696.000000 144
0.535827 -0.844328 -42034346129907296.000000 145
0.515708 -0.711863 -12605367173193240.000000 162
0.425779 -0.904827 -51151686900592528.000000 126
0.409886 -0.779019 156375455259245696.000000 144
0.295977 -0.844070 76201555963913136.000000 125
-0.065162 -0.389016 -83178482258272894976.000000 106
-0.145550 -0.426758 175879953810543280128.000000 87
-0.115913 -0.510892 -61894697174037069824.000000 88
-0.272489 -0.433048 166870031160805490688.000000 67
-0.145550 -0.426758 175879953810543280128.000000 87
-0.234167 -0.315104 -1808450359172414308352.000000 70
-0.219573 -0.550993 403275925017812926464.000000 69
-0.378100 -0.527404 -2735024620464479141888.000000 52
-0.349134 -0.668938 526426329306257227776.000000 51
-0.072500 -0.716116 12976940552783523840.000000 83
-0.042377 -0.593453 41399721009048723456.000000 86
-0.166657 -0.668938 -135127755309438615552.000000 68
-0.272489 -0.433048 166870031160805490688.000000 67
-0.378100 -0.527404 -2735024620464479141888.000000 52
-0.219573 -0.550993 403275925017812926464.000000 69
0.535827 -0.844328 -42034346129907296.000000 145
0.409886 -0.779019 156375455259245696.000000 144
0.425779 -0.904827 -51151686900592528.000000 126
0.535827 -0.844328 -42034346129907296.000000 145
0.637424 -0.770513 14310316182522854.000000 163
0.515708 -0.711863 -12605367173193240.000000 162
0.409886 -0.779019 156375455259245696.000000 144
0.282937 -0.737084 -869349861710624896.000000 127
0.295977 -0.844070 76201555963913136.000000 125
0.637424 -0.770513 14310316182522854.000000 163
0.728969 -0.684547 640841978767931.250000 180
0.658410 -0.623625 -8387019524694780.000000 179
-0.309017 0.951057 -2490543699075735040.000000 148
-0.203275 0.856480 -137945117962050816.000000 149
-0.187381 0.982287 669455845713923328.000000 165
-0.109200 0.735914 2594435651543205376.000000 150
-0.219168 0.730672 -4502045906057401856.000000 134
-0.081324 0.616659 -9113132276193088512.000000 152
-0.187381 0.982287 669455845713923328.000000 165
-0.203275 0.856480 -137945117962050816.000000 149
-0.089651 0.864346 -714503779647739008.000000 166
-0.219168 0.730672 -4502045906057401856.000000 134
-0.382682 0.674543 -19354845457157832704.000000 115
-0.235061 0.604864 40287411652169015296.000000 132
-0.089651 0.864346 -714503779647739008.000000 166
-0.109200 0.735914 2594435651543205376.000000 150
0.000768 0.741156 1131771663077102080.000000 167
-0.253031 -0.747568 -179645485409698873344.000000 61
-0.166657 -0.668938 -135127755309438615552.000000 68
-0.349134 -0.668938 526426329306257227776.000000 51
-0.060826 -0.904827 -4740762826813991936.000000 82
-0.156928 -0.826197 42959982229128069120.000000 81
-0.187381 -0.982287 -24225550955523825664.000000 63
-0.060826 -0.904827 -4740762826813991936.000000 82
-0.005837 -0.810471 -6247594731084998656.000000 101
-0.156928 -0.826197 42959982229128069120.000000 81
-0.232973 -0.888627 40963586162698665984.000000 62
-0.156928 -0.826197 42959982229128069120.000000 81
-0.253031 -0.747568 -179645485409698873344.000000 61
-0.187381 -0.982287 -24225550955523825664.000000 63
-0.232973 -0.888627 40963586162698665984.000000 62
-0.309017 -0.951057 45490160822048677888.000000 47
-0.187381 -0.982287 -24225550955523825664.000000 63
-0.156928 -0.826197 42959982229128069120.000000 81
-0.232973 -0.888627 40963586162698665984.000000 62
-0.062791 -0.998027 5569311574033818624.000000 71
-0.060826 -0.904827 -4740762826813991936.000000 82
-0.187381 -0.982287 -24225550955523825664.000000 63
-0.042377 -0.593453 41399721009048723456.000000 86
-0.072500 -0.716116 12976940552783523840.000000 83
0.034327 -0.646921 -6288559515098329088.000000 102
-0.012254 -0.470791 10952101024463349760.000000 105
-0.042377 -0.593453 41399721009048723456.000000 86
0.034327 -0.646921 -6288559515098329088.000000 102
-0.115913 -0.510892 -61894697174037069824.000000 88
-0.166657 -0.668938 -135127755309438615552.000000 68
-0.042377 -0.593453 41399721009048723456.000000 86
-0.518255 -0.575515 12928417094080177111040.000000 36
-0.616669 -0.529062 -76717194190015611011072.000000 25
-0.658410 -0.623625 -2908948741425311252480.000000 24
-0.433694 -0.622226 -1585263466161225596928.000000 37
-0.518255 -0.575515 12928417094080177111040.000000 36
-0.534148 -0.701322 -2012383158707781632000.000000 31
-0.409886 -0.779019 601460202652948758528.000000 45
-0.433694 -0.622226 -1585263466161225596928.000000 37
-0.534148 -0.701322 -2012383158707781632000.000000 31
-0.349134 -0.668938 526426329306257227776.000000 51
-0.378100 -0.527404 -2735024620464479141888.000000 52
-0.433694 -0.622226 -1585263466161225596928.000000 37
-0.378100 -0.527404 -2735024620464479141888.000000 52
-0.486789 -0.444362 3533292913979632386048.000000 38
-0.518255 -0.575515 12928417094080177111040.000000 36
0.060826 -0.904827 1178256416958714880.000000 91
-0.060826 -0.904827 -4740762826813991936.000000 82
-0.062791 -0.998027 5569311574033818624.000000 71
-0.534148 -0.701322 -2012383158707781632000.000000 31
-0.535827 -0.844328 -217835485271945183232.000000 30
-0.409886 -0.779019 601460202652948758528.000000 45
-0.486789 -0.444362 3533292913979632386048.000000 38
-0.378100 -0.527404 -2735024620464479141888.000000 52
-0.362206 -0.401597 3635827590210618130432.000000 53
-0.728969 -0.684547 -21794817697142452256768.000000 14
-0.637424 -0.770513 4684567609036894109696.000000 19
-0.658410 -0.623625 -2908948741425311252480.000000 24
-0.321429 -0.833823 -71147919575666483200.000000 46
-0.253031 -0.747568 -179645485409698873344.000000 61
-0.409886 -0.779019 601460202652948758528.000000 45
-0.346313 -0.275789 7731175290941877518336.000000 64
-0.362206 -0.401597 3635827590210618130432.000000 53
-0.234167 -0.315104 -1808450359172414308352.000000 70
-0.195844 -0.197159 -1790189569744591388672.000000 84
-0.346313 -0.275789 7731175290941877518336.000000 64
-0.234167 -0.315104 -1808450359172414308352.000000 70
-0.658594 0.038247 263165472370040493834240.000000 29
-0.584401 -0.096754 69317631326601531621376.000000 35
-0.515073 -0.029496 -68760099216635161739264.000000 39
-0.330420 -0.149981 3126053974371574218752.000000 66
-0.441136 -0.097722 -1632844628320327827456.000000 50
-0.469331 -0.217723 -21929228006416604725248.000000 49
-0.330420 -0.149981 3126053974371574218752.000000 66
-0.314527 -0.024174 -3012946654920256258048.000000 65
-0.441136 -0.097722 -1632844628320327827456.000000 50
-0.321429 -0.833823 -71147919575666483200.000000 46
-0.425779 -0.904827 -146630039578290061312.000000 32
-0.309017 -0.951057 45490160822048677888.000000 47
-0.378100 -0.527404 -2735024620464479141888.000000 52
-0.518255 -0.575515 12928417094080177111040.000000 36
-0.433694 -0.622226 -1585263466161225596928.000000 37
-0.535827 -0.844328 -217835485271945183232.000000 30
-0.425779 -0.904827 -146630039578290061312.000000 32
-0.409886 -0.779019 601460202652948758528.000000 45
0.298634 0.101634 582468471319745792.000000 156
0.172130 0.119981 -4935378600861857792.000000 137
0.196515 -0.037934 2032548128857045248.000000 140
-0.216863 0.007278 1331211428619844059136.000000 80
-0.157522 -0.079215 20924459556824858624.000000 85
-0.119199 0.038730 -241751567988864843776.000000 100
0.198854 -0.161776 1721788332687544832.000000 141
0.210774 -0.256132 -2413398640229066752.000000 142
0.330420 -0.149981 -407381895357586176.000000 160
-0.118071 -0.307241 629249200833377337344.000000 89
-0.195844 -0.197159 -1790189569744591388672.000000 84
-0.234167 -0.315104 -1808450359172414308352.000000 70
0.114121 -0.291515 20740321953902231552.000000 124
0.235267 -0.407887 -7078812330463848448.000000 143
0.210774 -0.256132 -2413398640229066752.000000 142
0.114121 -0.291515 20740321953902231552.000000 124
0.108328 -0.414177 25499217606371876864.000000 123
0.235267 -0.407887 -7078812330463848448.000000 143
0.198854 -0.161776 1721788332687544832.000000 141
0.114121 -0.291515 20740321953902231552.000000 124
0.210774 -0.256132 -2413398640229066752.000000 142
0.067288 -0.173570 -21179390537664643072.000000 121
-0.064278 -0.185365 239758726691446423552.000000 103
-0.001975 -0.299378 -120567110059991580672.000000 107
-0.012254 -0.470791 10952101024463349760.000000 105
0.034327 -0.646921 -6288559515098329088.000000 102
0.141155 -0.577727 -5645754226424389632.000000 120
-0.064278 -0.185365 239758726691446423552.000000 103
-0.035536 -0.096906 9390482408078704640.000000 104
-0.157522 -0.079215 20924459556824858624.000000 85
-0.001975 -0.299378 -120567110059991580672.000000 107
-0.064278 -0.185365 239758726691446423552.000000 103
-0.118071 -0.307241 629249200833377337344.000000 89
0.067288 -0.173570 -21179390537664643072.000000 121
-0.035536 -0.096906 9390482408078704640.000000 104
-0.064278 -0.185365 239758726691446423552.000000 103
-0.330420 -0.149981 3126053974371574218752.000000 66
-0.195844 -0.197159 -1790189569744591388672.000000 84
-0.157522 -0.079215 20924459556824858624.000000 85
-0.330420 -0.149981 3126053974371574218752.000000 66
-0.346313 -0.275789 7731175290941877518336.000000 64
-0.195844 -0.197159 -1790189569744591388672.000000 84
-0.658594 0.038247 263165472370040493834240.000000 29
-0.576964 0.099699 -41649041342544362864640.000000 44
-0.708183 0.161636 95315233483953675436032.000000 28
-0.838383 -0.043527 4378209333254278252331008.000000 12
-0.715365 -0.101593 -811695301860941180698624.000000 23
-0.773283 0.059054 -675129536499677688496128.000000 18
-0.584401 -0.096754 69317631326601531621376.000000 35
-0.469331 -0.217723 -21929228006416604725248.000000 49
-0.441136 -0.097722 -1632844628320327827456.000000 50
-0.715365 -0.101593 -811695301860941180698624.000000 23
-0.584401 -0.096754 69317631326601531621376.000000 35
-0.658594 0.038247 263165472370040493834240.000000 29
-0.773283 0.059054 -675129536499677688496128.000000 18
-0.715365 -0.101593 -811695301860941180698624.000000 23
-0.658594 0.038247 263165472370040493834240.000000 29
-0.680615 -0.197981 103647347676164181196800.000000 22
-0.569181 -0.223917 91273925212240913367040.000000 34
-0.584401 -0.096754 69317631326601531621376.000000 35
-0.792049 -0.172045 940539103775465221914624.000000 13
-0.680615 -0.197981 103647347676164181196800.000000 22
-0.715365 -0.101593 -811695301860941180698624.000000 23
-0.792049 -0.172045 940539103775465221914624.000000 13
-0.847640 -0.274036 3911600487616745385754624.000000 11
-0.680489 -0.312940 -782963381071107791519744.000000 21
-0.715365 -0.101593 -811695301860941180698624.000000 23
-0.680615 -0.197981 103647347676164181196800.000000 22
-0.584401 -0.096754 69317631326601531621376.000000 35
-0.838383 -0.043527 4378209333254278252331008.000000 12
-0.792049 -0.172045 940539103775465221914624.000000 13
-0.715365 -0.101593 -811695301860941180698624.000000 23
-0.314527 -0.024174 -3012946654920256258048.000000 65
-0.298634 0.101634 -3634740756796902735872.000000 73
-0.445745 0.037763 16453416812567712497664.000000 54
-0.680489 -0.312940 -782963381071107791519744.000000 21
-0.592925 -0.376490 70383314130823356088320.000000 33
-0.569181 -0.223917 91273925212240913367040.000000 34
-0.569181 -0.223917 91273925212240913367040.000000 34
-0.592925 -0.376490 70383314130823356088320.000000 33
-0.443723 -0.339315 -32343267390156301139968.000000 48
-0.658410 -0.623625 -2908948741425311252480.000000 24
-0.616669 -0.529062 -76717194190015611011072.000000 25
-0.735953 -0.529892 99950058866818739601408.000000 15
-0.658410 -0.623625 -2908948741425311252480.000000 24
-0.534148 -0.701322 -2012383158707781632000.000000 31
-0.518255 -0.575515 12928417094080177111040.000000 36
-0.443723 -0.339315 -32343267390156301139968.000000 48
-0.469331 -0.217723 -21929228006416604725248.000000 49
-0.569181 -0.223917 91273925212240913367040.000000 34
-0.362206 -0.401597 3635827590210618130432.000000 53
-0.443723 -0.339315 -32343267390156301139968.000000 48
-0.486789 -0.444362 3533292913979632386048.000000 38
-0.362206 -0.401597 3635827590210618130432.000000 53
-0.346313 -0.275789 7731175290941877518336.000000 64
-0.443723 -0.339315 -32343267390156301139968.000000 48
0.247982 -0.508533 -2920397479109781504.000000 139
0.141155 -0.577727 -5645754226424389632.000000 120
0.298781 -0.621760 1158286597425063424.000000 138
-0.156928 -0.826197 42959982229128069120.000000 81
-0.072500 -0.716116 12976940552783523840.000000 83
-0.166657 -0.668938 -135127755309438615552.000000 68
0.164458 -0.730094 3217573675440145408.000000 119
0.177179 -0.862891 501462310510272000.000000 109
0.282937 -0.737084 -869349861710624896.000000 127
0.298781 -0.621760 1158286597425063424.000000 138
0.164458 -0.730094 3217573675440145408.000000 119
0.282937 -0.737084 -869349861710624896.000000 127
0.034327 -0.646921 -6288559515098329088.000000 102
-0.005837 -0.810471 -6247594731084998656.000000 101
0.164458 -0.730094 3217573675440145408.000000 119
0.108328 -0.414177 25499217606371876864.000000 123
0.247982 -0.508533 -2920397479109781504.000000 139
0.235267 -0.407887 -7078812330463848448.000000 143
-0.115913 -0.510892 -61894697174037069824.000000 88
-0.012254 -0.470791 10952101024463349760.000000 105
-0.065162 -0.389016 -83178482258272894976.000000 106
-0.219573 -0.550993 403275925017812926464.000000 69
-0.115913 -0.510892 -61894697174037069824.000000 88
-0.145550 -0.426758 175879953810543280128.000000 87
-0.219573 -0.550993 403275925017812926464.000000 69
-0.166657 -0.668938 -135127755309438615552.000000 68
-0.115913 -0.510892 -61894697174037069824.000000 88
-0.115913 -0.510892 -61894697174037069824.000000 88
-0.042377 -0.593453 41399721009048723456.000000 86
-0.012254 -0.470791 10952101024463349760.000000 105
0.378100 -0.527404 98619700350264480.000000 158
0.362206 -0.401597 1533792127403278848.000000 159
0.247982 -0.508533 -2920397479109781504.000000 139
