-0.903483 -0.146108 -197967.906909 5
-0.992115 -0.125333 1755663.023656 1
-0.968583 -0.248690 -201203.702603 2
-0.929776 -0.368125 16015.973825 3
-0.847640 -0.274036 57207.469445 11
-0.968583 -0.248690 -201203.702603 2
-0.838383 -0.043527 64031.725254 12
-1.000000 -0.000000 -151964.887091 4
-0.903483 -0.146108 -197967.906909 5
-0.791796 -0.401964 -12202.173521 10
-0.876307 -0.481754 1292.297105 6
-0.735953 -0.529892 1461.949905 15
-0.664439 -0.453191 5528.596404 20
-0.592925 -0.376490 1029.864570 33
-0.680489 -0.312940 -11450.421643 21
-0.616669 -0.529062 -1121.651229 25
-0.664439 -0.453191 5528.596404 20
-0.735953 -0.529892 1461.949905 15
-0.616669 -0.529062 -1121.651229 25
-0.592925 -0.376490 1029.864570 33
-0.664439 -0.453191 5528.596404 20
-0.847640 -0.274036 57207.469445 11
-0.929776 -0.368125 16015.973825 3
-0.791796 -0.401964 -12202.173521 10
-0.577982 0.366799 52.598704 58
-0.479568 0.320346 -26.459789 75
-0.512882 0.469380 -9.472915 77
-0.381154 0.273894 -27.659248 78
-0.528266 0.210023 120.569176 59
-0.413450 0.155828 59.529135 60
-0.389865 0.411315 9.687927 95
-0.479568 0.320346 -26.459789 75
-0.381154 0.273894 -27.659248 78
-0.250954 0.479057 -1.176919 114
-0.389865 0.411315 9.687927 95
-0.266847 0.353249 4.070812 98
-0.349368 0.525509 -1.211860 113
-0.447782 0.571962 2.940053 97
-0.389865 0.411315 9.687927 95
-0.577982 0.366799 52.598704 58
-0.528266 0.210023 120.569176 59
-0.479568 0.320346 -26.459789 75
-0.080876 0.156675 0.730925 110
-0.042554 0.274619 1.366219 117
-0.162647 0.251030 -1.147703 99
-0.189755 0.129154 7.535711 93
-0.080876 0.156675 0.730925 110
-0.162647 0.251030 -1.147703 99
-0.282741 0.227442 3.166954 79
-0.189755 0.129154 7.535711 93
-0.162647 0.251030 -1.147703 99
-0.298634 0.101634 -52.257694 73
-0.216863 0.007278 20.421921 80
-0.189755 0.129154 7.535711 93
0.198854 -0.161776 0.959467 141
0.078503 -0.051694 0.921885 122
0.067288 -0.173570 0.655597 121
0.125317 0.034143 0.833426 128
0.020079 0.059698 1.681824 118
0.078503 -0.051694 0.921885 122
0.196515 -0.037934 0.989669 140
0.125317 0.034143 0.833426 128
0.078503 -0.051694 0.921885 122
0.172130 0.119981 0.883796 137
0.020079 0.059698 1.681824 118
0.125317 0.034143 0.833426 128
0.282741 0.227442 0.872405 155
0.172130 0.119981 0.883796 137
0.298634 0.101634 0.909007 156
0.282741 0.227442 0.872405 155
0.163714 0.327039 0.857173 153
0.167922 0.223510 0.976899 147
-0.080876 0.156675 0.730925 110
-0.119199 0.038730 -2.551332 100
0.020079 0.059698 1.681824 118
-0.838383 -0.043527 64031.725254 12
-0.915249 0.040903 10978.203644 9
-1.000000 -0.000000 -151964.887091 4
-0.903483 -0.146108 -197967.906909 5
-1.000000 -0.000000 -151964.887091 4
-0.992115 -0.125333 1755663.023656 1
-0.362206 -0.401597 53.881604 53
-0.378100 -0.527404 -39.420924 52
-0.272489 -0.433048 3.178697 67
-0.847640 -0.274036 57207.469445 11
-0.903483 -0.146108 -197967.906909 5
-0.968583 -0.248690 -201203.702603 2
-0.847640 -0.274036 57207.469445 11
-0.792049 -0.172045 13755.752916 13
-0.903483 -0.146108 -197967.906909 5
-0.876307 -0.481754 1292.297105 6
-0.791796 -0.401964 -12202.173521 10
-0.929776 -0.368125 16015.973825 3
-0.664439 -0.453191 5528.596404 20
-0.791796 -0.401964 -12202.173521 10
-0.735953 -0.529892 1461.949905 15
-0.680615 -0.197981 1516.342833 22
-0.680489 -0.312940 -11450.421643 21
-0.569181 -0.223917 1335.509521 34
-0.680615 -0.197981 1516.342833 22
-0.792049 -0.172045 13755.752916 13
-0.680489 -0.312940 -11450.421643 21
-0.515073 -0.029496 -1004.884483 39
-0.441136 -0.097722 -23.084547 50
-0.445745 0.037763 241.431551 54
-0.330420 -0.149981 46.586952 66
-0.469331 -0.217723 -319.983228 49
-0.346313 -0.275789 113.872655 64
-0.838383 -0.043527 64031.725254 12
-0.903483 -0.146108 -197967.906909 5
-0.792049 -0.172045 13755.752916 13
-0.735953 -0.529892 1461.949905 15
-0.809017 -0.587785 -973.214384 7
-0.728969 -0.684547 -318.749799 14
-0.346313 -0.275789 113.872655 64
-0.469331 -0.217723 -319.983228 49
-0.443723 -0.339315 -472.333186 48
-0.876307 -0.481754 1292.297105 6
-0.809017 -0.587785 -973.214384 7
-0.735953 -0.529892 1461.949905 15
-0.309017 0.951057 -0.036424 148
-0.317582 0.777124 0.366833 131
-0.203275 0.856480 0.223105 149
-0.915249 0.040903 10978.203644 9
-0.992115 0.125333 14866.785991 8
-1.000000 -0.000000 -151964.887091 4
-0.773283 0.059054 -9873.389203 18
-0.915249 0.040903 10978.203644 9
-0.838383 -0.043527 64031.725254 12
-0.773283 0.059054 -9873.389203 18
-0.838383 0.205163 -2968.595883 17
-0.915249 0.040903 10978.203644 9
-0.317582 0.777124 0.366833 131
-0.309017 0.951057 -0.036424 148
-0.425779 0.904827 0.052759 130
-0.447782 0.737755 0.063796 112
-0.425779 0.904827 0.052759 130
-0.535827 0.844328 -0.060899 111
-0.992115 0.125333 14866.785991 8
-0.915249 0.040903 10978.203644 9
-0.838383 0.205163 -2968.595883 17
-0.382682 0.674543 0.115481 115
-0.447782 0.571962 2.940053 97
-0.349368 0.525509 -1.211860 113
-0.425779 0.904827 0.052759 130
-0.447782 0.737755 0.063796 112
-0.317582 0.777124 0.366833 131
-0.382682 0.674543 0.115481 115
-0.349368 0.525509 -1.211860 113
-0.235061 0.604864 1.168090 132
-0.816683 0.308437 616.492546 27
-0.968583 0.248690 -1925.648834 16
-0.838383 0.205163 -2968.595883 17
-0.816683 0.308437 616.492546 27
-0.929776 0.368125 188.959142 26
-0.968583 0.248690 -1925.648834 16
-0.708183 0.161636 1394.460222 28
-0.816683 0.308437 616.492546 27
-0.838383 0.205163 -2968.595883 17
-0.794983 0.411712 -110.321344 41
-0.929776 0.368125 188.959142 26
-0.816683 0.308437 616.492546 27
-0.314527 -0.024174 -43.163938 65
-0.330420 -0.149981 46.586952 66
-0.157522 -0.079215 1.274933 85
-0.080876 0.156675 0.730925 110
-0.189755 0.129154 7.535711 93
-0.119199 0.038730 -2.551332 100
-0.576964 0.099699 -608.461185 44
-0.528266 0.210023 120.569176 59
-0.643082 0.264217 -132.877266 43
-0.773283 0.059054 -9873.389203 18
-0.658594 0.038247 3849.366950 29
-0.708183 0.161636 1394.460222 28
-0.445745 0.037763 241.431551 54
-0.413450 0.155828 59.529135 60
-0.576964 0.099699 -608.461185 44
-0.216863 0.007278 20.421921 80
-0.298634 0.101634 -52.257694 73
-0.314527 -0.024174 -43.163938 65
-0.157522 -0.079215 1.274933 85
-0.216863 0.007278 20.421921 80
-0.314527 -0.024174 -43.163938 65
-0.119199 0.038730 -2.551332 100
-0.189755 0.129154 7.535711 93
-0.216863 0.007278 20.421921 80
-0.576964 0.099699 -608.461185 44
-0.643082 0.264217 -132.877266 43
-0.708183 0.161636 1394.460222 28
-0.413450 0.155828 59.529135 60
-0.528266 0.210023 120.569176 59
-0.576964 0.099699 -608.461185 44
-0.298634 0.101634 -52.257694 73
-0.413450 0.155828 59.529135 60
-0.445745 0.037763 241.431551 54
-0.298634 0.101634 -52.257694 73
-0.282741 0.227442 3.166954 79
-0.413450 0.155828 59.529135 60
-0.381154 0.273894 -27.659248 78
-0.266847 0.353249 4.070812 98
-0.389865 0.411315 9.687927 95
-0.381154 0.273894 -27.659248 78
-0.282741 0.227442 3.166954 79
-0.266847 0.353249 4.070812 98
-0.528266 0.210023 120.569176 59
-0.381154 0.273894 -27.659248 78
-0.479568 0.320346 -26.459789 75
-0.413450 0.155828 59.529135 60
-0.282741 0.227442 3.166954 79
-0.381154 0.273894 -27.659248 78
-0.577982 0.366799 52.598704 58
-0.643082 0.264217 -132.877266 43
-0.528266 0.210023 120.569176 59
-0.577982 0.366799 52.598704 58
-0.610532 0.481301 57.676851 57
-0.719033 0.337964 -298.611776 42
-0.621382 0.574733 -10.314429 76
-0.708183 0.493222 66.577172 56
-0.610532 0.481301 57.676851 57
-0.719033 0.337964 -298.611776 42
-0.816683 0.308437 616.492546 27
-0.708183 0.161636 1394.460222 28
-0.577982 0.366799 52.598704 58
-0.719033 0.337964 -298.611776 42
-0.643082 0.264217 -132.877266 43
-0.794983 0.411712 -110.321344 41
-0.816683 0.308437 616.492546 27
-0.719033 0.337964 -298.611776 42
-0.708183 0.493222 66.577172 56
-0.794983 0.411712 -110.321344 41
-0.719033 0.337964 -298.611776 42
-0.610532 0.481301 57.676851 57
-0.708183 0.493222 66.577172 56
-0.719033 0.337964 -298.611776 42
-0.512882 0.469380 -9.472915 77
-0.610532 0.481301 57.676851 57
-0.577982 0.366799 52.598704 58
-0.512882 0.469380 -9.472915 77
-0.621382 0.574733 -10.314429 76
-0.610532 0.481301 57.676851 57
-0.621382 0.574733 -10.314429 76
-0.809017 0.587785 -16.506686 55
-0.708183 0.493222 66.577172 56
-0.876307 0.481754 -15.281088 40
-0.929776 0.368125 188.959142 26
-0.794983 0.411712 -110.321344 41
-0.445745 0.037763 241.431551 54
-0.441136 -0.097722 -23.084547 50
-0.314527 -0.024174 -43.163938 65
-0.838383 0.205163 -2968.595883 17
-0.773283 0.059054 -9873.389203 18
-0.708183 0.161636 1394.460222 28
-0.643082 0.264217 -132.877266 43
-0.719033 0.337964 -298.611776 42
-0.708183 0.161636 1394.460222 28
-0.968583 0.248690 -1925.648834 16
-0.992115 0.125333 14866.785991 8
-0.838383 0.205163 -2968.595883 17
-0.515073 -0.029496 -1004.884483 39
-0.576964 0.099699 -608.461185 44
-0.658594 0.038247 3849.366950 29
-0.441136 -0.097722 -23.084547 50
-0.515073 -0.029496 -1004.884483 39
-0.584401 -0.096754 1014.421348 35
-0.445745 0.037763 241.431551 54
-0.576964 0.099699 -608.461185 44
-0.515073 -0.029496 -1004.884483 39
-0.794983 0.411712 -110.321344 41
-0.708183 0.493222 66.577172 56
-0.876307 0.481754 -15.281088 40
-0.447782 0.571962 2.940053 97
-0.534582 0.656244 1.494295 96
-0.621382 0.574733 -10.314429 76
-0.389865 0.411315 9.687927 95
-0.447782 0.571962 2.940053 97
-0.512882 0.469380 -9.472915 77
-0.479568 0.320346 -26.459789 75
-0.389865 0.411315 9.687927 95
-0.512882 0.469380 -9.472915 77
-0.250954 0.479057 -1.176919 114
-0.235061 0.604864 1.168090 132
-0.349368 0.525509 -1.211860 113
-0.382682 0.674543 0.115481 115
-0.534582 0.656244 1.494295 96
-0.447782 0.571962 2.940053 97
-0.728969 0.684547 8.168578 74
-0.809017 0.587785 -16.506686 55
-0.621382 0.574733 -10.314429 76
-0.447782 0.737755 0.063796 112
-0.382682 0.674543 0.115481 115
-0.317582 0.777124 0.366833 131
-0.534582 0.656244 1.494295 96
-0.447782 0.737755 0.063796 112
-0.535827 0.844328 -0.060899 111
-0.534582 0.656244 1.494295 96
-0.382682 0.674543 0.115481 115
-0.447782 0.737755 0.063796 112
-0.728969 0.684547 8.168578 74
-0.631775 0.670396 0.802793 92
-0.637424 0.770513 -1.625460 94
-0.621382 0.574733 -10.314429 76
-0.512882 0.469380 -9.472915 77
-0.447782 0.571962 2.940053 97
-0.631775 0.670396 0.802793 92
-0.534582 0.656244 1.494295 96
-0.637424 0.770513 -1.625460 94
-0.621382 0.574733 -10.314429 76
-0.631775 0.670396 0.802793 92
-0.728969 0.684547 8.168578 74
-0.621382 0.574733 -10.314429 76
-0.534582 0.656244 1.494295 96
-0.631775 0.670396 0.802793 92
0.794983 0.411712 0.198490 236
0.929776 0.368125 -0.000006 237
0.876307 0.481754 0.000014 242
0.708183 0.493222 0.255190 238
0.794983 0.411712 0.198490 236
0.876307 0.481754 0.000014 242
0.610532 0.481301 0.395632 223
0.577982 0.366799 0.531339 208
0.719033 0.337964 0.368793 222
0.349368 0.525509 0.602813 189
0.512882 0.469380 0.516419 207
0.447782 0.571962 0.472046 205
0.349368 0.525509 0.602813 189
0.422415 0.360024 0.692194 190
0.512882 0.469380 0.516419 207
0.445745 0.037763 0.799579 170
0.314527 -0.024174 0.893764 157
0.441136 -0.097722 0.798628 175
0.643082 0.264217 0.516529 206
0.522968 0.251959 0.663299 191
0.571666 0.141635 0.653560 188
0.794983 0.245918 0.307549 220
0.719033 0.337964 0.368793 222
0.643082 0.264217 0.516529 206
0.870933 0.153872 0.217810 219
0.794983 0.245918 0.307549 220
0.708183 0.161636 0.472277 204
0.870933 0.153872 0.217810 219
0.968583 0.248690 -0.000009 230
0.794983 0.245918 0.307549 220
0.577982 0.366799 0.531339 208
0.422415 0.360024 0.692194 190
0.522968 0.251959 0.663299 191
0.040329 0.180264 0.820876 129
0.167922 0.223510 0.976899 147
0.060580 0.300829 0.870213 136
0.794983 0.245918 0.307549 220
0.643082 0.264217 0.516529 206
0.708183 0.161636 0.472277 204
0.708183 0.493222 0.255190 238
0.719033 0.337964 0.368793 222
0.794983 0.411712 0.198490 236
0.577982 0.366799 0.531339 208
0.643082 0.264217 0.516529 206
0.719033 0.337964 0.368793 222
0.915249 0.040903 0.160645 228
0.773283 0.059054 0.398552 215
0.838383 -0.043527 0.295202 225
1.000000 -0.000000 0.000012 240
0.915249 0.040903 0.160645 228
0.838383 -0.043527 0.295202 225
0.992115 0.125333 -0.000003 233
0.968583 0.248690 -0.000009 230
0.870933 0.153872 0.217810 219
0.794983 0.245918 0.307549 220
0.929776 0.368125 -0.000006 237
0.794983 0.411712 0.198490 236
0.062791 0.998027 -0.000304 198
0.023973 0.872212 0.238576 184
0.187381 0.982287 -0.000421 199
0.425779 0.904827 0.000070 216
0.309017 0.951057 -0.000656 214
0.360982 0.819266 0.198783 203
0.309017 0.951057 -0.000656 214
0.203275 0.856480 0.226828 200
0.360982 0.819266 0.198783 203
0.382682 0.674543 0.399386 202
0.447782 0.737755 0.255005 218
0.360982 0.819266 0.198783 203
0.512882 0.469380 0.516419 207
0.621382 0.574733 0.283655 221
0.447782 0.571962 0.472046 205
0.719033 0.337964 0.368793 222
0.708183 0.493222 0.255190 238
0.610532 0.481301 0.395632 223
0.809017 0.587785 -0.000021 235
0.728969 0.684547 -0.000029 234
0.621382 0.574733 0.283655 221
0.621382 0.574733 0.283655 221
0.534582 0.656244 0.283503 217
0.447782 0.571962 0.472046 205
0.809017 0.587785 -0.000021 235
0.621382 0.574733 0.283655 221
0.708183 0.493222 0.255190 238
0.631775 0.670396 0.151428 229
0.534582 0.656244 0.283503 217
0.621382 0.574733 0.283655 221
0.728969 0.684547 -0.000029 234
0.631775 0.670396 0.151428 229
0.621382 0.574733 0.283655 221
0.728969 0.684547 -0.000029 234
0.637424 0.770513 0.000009 231
0.631775 0.670396 0.151428 229
0.447782 0.737755 0.255005 218
0.425779 0.904827 0.000070 216
0.360982 0.819266 0.198783 203
0.794983 0.245918 0.307549 220
0.794983 0.411712 0.198490 236
0.719033 0.337964 0.368793 222
0.610532 0.481301 0.395632 223
0.621382 0.574733 0.283655 221
0.512882 0.469380 0.516419 207
0.577982 0.366799 0.531339 208
0.610532 0.481301 0.395632 223
0.512882 0.469380 0.516419 207
0.708183 0.493222 0.255190 238
0.621382 0.574733 0.283655 221
0.610532 0.481301 0.395632 223
0.637424 0.770513 0.000009 231
0.534582 0.656244 0.283503 217
0.631775 0.670396 0.151428 229
0.637424 0.770513 0.000009 231
0.535827 0.844328 0.000073 232
0.534582 0.656244 0.283503 217
0.235061 0.604864 0.576618 186
0.219168 0.730672 0.415095 187
0.072414 0.628453 0.624438 169
0.447782 0.737755 0.255005 218
0.535827 0.844328 0.000073 232
0.425779 0.904827 0.000070 216
0.534582 0.656244 0.283503 217
0.447782 0.737755 0.255005 218
0.382682 0.674543 0.399386 202
0.534582 0.656244 0.283503 217
0.535827 0.844328 0.000073 232
0.447782 0.737755 0.255005 218
-0.135539 0.372907 0.853353 116
-0.250954 0.479057 -1.176919 114
-0.266847 0.353249 4.070812 98
0.060580 0.300829 0.870213 136
-0.004231 0.392564 0.732001 135
-0.042554 0.274619 1.366219 117
0.040329 0.180264 0.820876 129
0.060580 0.300829 0.870213 136
-0.042554 0.274619 1.366219 117
0.163714 0.327039 0.857173 153
0.123361 0.435810 0.820793 154
0.060580 0.300829 0.870213 136
-0.080876 0.156675 0.730925 110
0.020079 0.059698 1.681824 118
0.040329 0.180264 0.820876 129
0.266847 0.353249 0.801365 172
0.250954 0.479057 0.703881 171
0.123361 0.435810 0.820793 154
-0.108431 0.494783 1.000568 133
-0.250954 0.479057 -1.176919 114
-0.135539 0.372907 0.853353 116
-0.004231 0.392564 0.732001 135
-0.108431 0.494783 1.000568 133
-0.135539 0.372907 0.853353 116
0.034091 0.510509 0.728180 151
0.072414 0.628453 0.624438 169
-0.081324 0.616659 0.479839 152
0.034091 0.510509 0.728180 151
0.123361 0.435810 0.820793 154
0.134576 0.557687 0.664119 168
0.381154 0.273894 0.779763 173
0.266847 0.353249 0.801365 172
0.282741 0.227442 0.872405 155
0.413450 0.155828 0.802708 174
0.445745 0.037763 0.799579 170
0.571666 0.141635 0.653560 188
0.282741 0.227442 0.872405 155
0.413450 0.155828 0.802708 174
0.381154 0.273894 0.779763 173
0.298634 0.101634 0.909007 156
0.445745 0.037763 0.799579 170
0.413450 0.155828 0.802708 174
0.577982 0.366799 0.531339 208
0.512882 0.469380 0.516419 207
0.422415 0.360024 0.692194 190
0.134576 0.557687 0.664119 168
0.235061 0.604864 0.576618 186
0.072414 0.628453 0.624438 169
0.034091 0.510509 0.728180 151
0.134576 0.557687 0.664119 168
0.072414 0.628453 0.624438 169
0.123361 0.435810 0.820793 154
0.250954 0.479057 0.703881 171
0.134576 0.557687 0.664119 168
0.422415 0.360024 0.692194 190
0.349368 0.525509 0.602813 189
0.266847 0.353249 0.801365 172
0.349368 0.525509 0.602813 189
0.235061 0.604864 0.576618 186
0.250954 0.479057 0.703881 171
0.266847 0.353249 0.801365 172
0.349368 0.525509 0.602813 189
0.250954 0.479057 0.703881 171
0.447782 0.571962 0.472046 205
0.382682 0.674543 0.399386 202
0.349368 0.525509 0.602813 189
0.023973 0.872212 0.238576 184
0.062791 0.998027 -0.000304 198
-0.062791 0.998027 0.001861 182
-0.089651 0.864346 0.234419 166
0.023973 0.872212 0.238576 184
-0.062791 0.998027 0.001861 182
-0.187381 0.982287 0.009791 165
-0.089651 0.864346 0.234419 166
-0.062791 0.998027 0.001861 182
-0.203275 0.856480 0.223105 149
-0.109200 0.735914 0.484450 150
-0.089651 0.864346 0.234419 166
0.000768 0.741156 0.467239 167
0.110736 0.746398 0.423511 183
0.023973 0.872212 0.238576 184
0.219168 0.730672 0.415095 187
0.110736 0.746398 0.423511 183
0.072414 0.628453 0.624438 169
0.203275 0.856480 0.226828 200
0.187381 0.982287 -0.000421 199
0.023973 0.872212 0.238576 184
0.187381 0.982287 -0.000421 199
0.203275 0.856480 0.226828 200
0.309017 0.951057 -0.000656 214
-0.235061 0.604864 1.168090 132
-0.250954 0.479057 -1.176919 114
-0.108431 0.494783 1.000568 133
-0.109200 0.735914 0.484450 150
-0.203275 0.856480 0.223105 149
-0.219168 0.730672 0.352241 134
0.072414 0.628453 0.624438 169
0.000768 0.741156 0.467239 167
-0.081324 0.616659 0.479839 152
0.000768 0.741156 0.467239 167
0.023973 0.872212 0.238576 184
-0.089651 0.864346 0.234419 166
-0.219168 0.730672 0.352241 134
-0.317582 0.777124 0.366833 131
-0.382682 0.674543 0.115481 115
-0.108431 0.494783 1.000568 133
-0.081324 0.616659 0.479839 152
-0.235061 0.604864 1.168090 132
-0.203275 0.856480 0.223105 149
-0.317582 0.777124 0.366833 131
-0.219168 0.730672 0.352241 134
0.809017 0.587785 -0.000021 235
0.708183 0.493222 0.255190 238
0.876307 0.481754 0.000014 242
0.469331 -0.217723 0.729195 178
0.443723 -0.339315 0.681543 177
0.569181 -0.223917 0.627232 195
0.992115 -0.125333 0.000009 243
0.903483 -0.146108 0.162346 239
0.968583 -0.248690 -0.000001 241
0.992115 -0.125333 0.000009 243
1.000000 -0.000000 0.000012 240
0.903483 -0.146108 0.162346 239
-0.616669 -0.529062 -1121.651229 25
-0.518255 -0.575515 189.478645 36
-0.486789 -0.444362 52.240084 38
-0.728969 -0.684547 -318.749799 14
-0.658410 -0.623625 -42.365866 24
-0.735953 -0.529892 1461.949905 15
-0.433694 -0.622226 -22.759778 37
-0.409886 -0.779019 9.021494 45
-0.349134 -0.668938 8.129627 51
-0.637424 -0.770513 68.511928 19
-0.534148 -0.701322 -29.208325 31
-0.658410 -0.623625 -42.365866 24
-0.637424 -0.770513 68.511928 19
-0.535827 -0.844328 -3.185850 30
-0.534148 -0.701322 -29.208325 31
0.664439 -0.453191 0.352901 197
0.736206 -0.299972 0.367560 212
0.592925 -0.376490 0.508058 194
0.736206 -0.299972 0.367560 212
0.792049 -0.172045 0.343164 224
0.680615 -0.197981 0.497366 209
0.929776 -0.368125 -0.000054 226
0.847640 -0.274036 0.206458 227
0.791796 -0.401964 0.211609 213
0.929776 -0.368125 -0.000054 226
0.968583 -0.248690 -0.000001 241
0.847640 -0.274036 0.206458 227
0.715365 -0.101593 0.477952 210
0.584401 -0.096754 0.649047 192
0.680615 -0.197981 0.497366 209
0.773283 0.059054 0.398552 215
0.715365 -0.101593 0.477952 210
0.838383 -0.043527 0.295202 225
0.662567 0.006795 0.560990 201
0.708183 0.161636 0.472277 204
0.571666 0.141635 0.653560 188
-0.592925 -0.376490 1029.864570 33
-0.486789 -0.444362 52.240084 38
-0.443723 -0.339315 -472.333186 48
-0.791796 -0.401964 -12202.173521 10
-0.664439 -0.453191 5528.596404 20
-0.680489 -0.312940 -11450.421643 21
-0.616669 -0.529062 -1121.651229 25
-0.486789 -0.444362 52.240084 38
-0.592925 -0.376490 1029.864570 33
-0.584401 -0.096754 1014.421348 35
-0.569181 -0.223917 1335.509521 34
-0.469331 -0.217723 -319.983228 49
-0.680489 -0.312940 -11450.421643 21
-0.847640 -0.274036 57207.469445 11
-0.791796 -0.401964 -12202.173521 10
-0.035536 -0.096906 1.126682 104
-0.119199 0.038730 -2.551332 100
-0.157522 -0.079215 1.274933 85
-0.195844 -0.197159 -25.258798 84
-0.064278 -0.185365 4.467986 103
-0.157522 -0.079215 1.274933 85
0.196515 -0.037934 0.989669 140
0.314527 -0.024174 0.893764 157
0.298634 0.101634 0.909007 156
0.125317 0.034143 0.833426 128
0.196515 -0.037934 0.989669 140
0.172130 0.119981 0.883796 137
-0.035536 -0.096906 1.126682 104
0.078503 -0.051694 0.921885 122
0.020079 0.059698 1.681824 118
-0.035536 -0.096906 1.126682 104
0.067288 -0.173570 0.655597 121
0.078503 -0.051694 0.921885 122
0.198854 -0.161776 0.959467 141
0.330420 -0.149981 0.862370 160
0.196515 -0.037934 0.989669 140
0.078503 -0.051694 0.921885 122
0.198854 -0.161776 0.959467 141
0.196515 -0.037934 0.989669 140
-0.001975 -0.299378 -0.852928 107
0.114121 -0.291515 1.205323 124
0.067288 -0.173570 0.655597 121
-0.065162 -0.389016 -0.372067 106
-0.001975 -0.299378 -0.852928 107
-0.118071 -0.307241 10.094449 89
-0.145550 -0.426758 3.368942 87
-0.065162 -0.389016 -0.372067 106
-0.118071 -0.307241 10.094449 89
-0.012254 -0.470791 0.938381 105
0.108328 -0.414177 1.189649 123
-0.065162 -0.389016 -0.372067 106
-0.065162 -0.389016 -0.372067 106
0.108328 -0.414177 1.189649 123
-0.001975 -0.299378 -0.852928 107
0.441136 -0.097722 0.798628 175
0.314527 -0.024174 0.893764 157
0.330420 -0.149981 0.862370 160
-0.035536 -0.096906 1.126682 104
0.020079 0.059698 1.681824 118
-0.119199 0.038730 -2.551332 100
0.522968 0.251959 0.663299 191
0.643082 0.264217 0.516529 206
0.577982 0.366799 0.531339 208
0.381154 0.273894 0.779763 173
0.522968 0.251959 0.663299 191
0.422415 0.360024 0.692194 190
0.266847 0.353249 0.801365 172
0.381154 0.273894 0.779763 173
0.422415 0.360024 0.692194 190
0.282741 0.227442 0.872405 155
0.298634 0.101634 0.909007 156
0.413450 0.155828 0.802708 174
0.584401 -0.096754 0.649047 192
0.441136 -0.097722 0.798628 175
0.469331 -0.217723 0.729195 178
0.381154 0.273894 0.779763 173
0.413450 0.155828 0.802708 174
0.522968 0.251959 0.663299 191
0.298634 0.101634 0.909007 156
0.314527 -0.024174 0.893764 157
0.445745 0.037763 0.799579 170
0.571666 0.141635 0.653560 188
0.708183 0.161636 0.472277 204
0.643082 0.264217 0.516529 206
0.413450 0.155828 0.802708 174
0.571666 0.141635 0.653560 188
0.522968 0.251959 0.663299 191
0.662567 0.006795 0.560990 201
0.715365 -0.101593 0.477952 210
0.773283 0.059054 0.398552 215
0.708183 0.161636 0.472277 204
0.662567 0.006795 0.560990 201
0.773283 0.059054 0.398552 215
0.543905 0.017440 0.703259 185
0.584401 -0.096754 0.649047 192
0.662567 0.006795 0.560990 201
0.445745 0.037763 0.799579 170
0.543905 0.017440 0.703259 185
0.571666 0.141635 0.653560 188
0.445745 0.037763 0.799579 170
0.441136 -0.097722 0.798628 175
0.543905 0.017440 0.703259 185
0.794983 0.245918 0.307549 220
0.968583 0.248690 -0.000009 230
0.929776 0.368125 -0.000006 237
0.773283 0.059054 0.398552 215
0.870933 0.153872 0.217810 219
0.708183 0.161636 0.472277 204
0.773283 0.059054 0.398552 215
0.915249 0.040903 0.160645 228
0.870933 0.153872 0.217810 219
0.838383 -0.043527 0.295202 225
0.903483 -0.146108 0.162346 239
1.000000 -0.000000 0.000012 240
0.584401 -0.096754 0.649047 192
0.569181 -0.223917 0.627232 195
0.680615 -0.197981 0.497366 209
0.662567 0.006795 0.560990 201
0.584401 -0.096754 0.649047 192
0.715365 -0.101593 0.477952 210
0.543905 0.017440 0.703259 185
0.441136 -0.097722 0.798628 175
0.584401 -0.096754 0.649047 192
0.662567 0.006795 0.560990 201
0.571666 0.141635 0.653560 188
0.543905 0.017440 0.703259 185
0.330420 -0.149981 0.862370 160
0.346313 -0.275789 0.829963 161
0.469331 -0.217723 0.729195 178
0.664439 -0.453191 0.352901 197
0.592925 -0.376490 0.508058 194
0.616669 -0.529062 0.340209 181
0.735953 -0.529892 0.177569 196
0.664439 -0.453191 0.352901 197
0.616669 -0.529062 0.340209 181
0.735953 -0.529892 0.177569 196
0.791796 -0.401964 0.211609 213
0.664439 -0.453191 0.352901 197
0.838383 -0.043527 0.295202 225
0.715365 -0.101593 0.477952 210
0.792049 -0.172045 0.343164 224
0.443723 -0.339315 0.681543 177
0.346313 -0.275789 0.829963 161
0.362206 -0.401597 0.729958 159
0.584401 -0.096754 0.649047 192
0.469331 -0.217723 0.729195 178
0.569181 -0.223917 0.627232 195
0.441136 -0.097722 0.798628 175
0.330420 -0.149981 0.862370 160
0.469331 -0.217723 0.729195 178
0.915249 0.040903 0.160645 228
0.992115 0.125333 -0.000003 233
0.870933 0.153872 0.217810 219
0.219168 0.730672 0.415095 187
0.360982 0.819266 0.198783 203
0.203275 0.856480 0.226828 200
0.110736 0.746398 0.423511 183
0.219168 0.730672 0.415095 187
0.203275 0.856480 0.226828 200
0.235061 0.604864 0.576618 186
0.382682 0.674543 0.399386 202
0.219168 0.730672 0.415095 187
0.123361 0.435810 0.820793 154
-0.004231 0.392564 0.732001 135
0.060580 0.300829 0.870213 136
-0.081324 0.616659 0.479839 152
-0.108431 0.494783 1.000568 133
0.034091 0.510509 0.728180 151
0.000768 0.741156 0.467239 167
-0.109200 0.735914 0.484450 150
-0.081324 0.616659 0.479839 152
0.110736 0.746398 0.423511 183
0.000768 0.741156 0.467239 167
0.072414 0.628453 0.624438 169
0.110736 0.746398 0.423511 183
0.203275 0.856480 0.226828 200
0.023973 0.872212 0.238576 184
-0.219168 0.730672 0.352241 134
-0.235061 0.604864 1.168090 132
-0.081324 0.616659 0.479839 152
0.123361 0.435810 0.820793 154
0.163714 0.327039 0.857173 153
0.266847 0.353249 0.801365 172
0.235061 0.604864 0.576618 186
0.134576 0.557687 0.664119 168
0.250954 0.479057 0.703881 171
0.034091 0.510509 0.728180 151
-0.004231 0.392564 0.732001 135
0.123361 0.435810 0.820793 154
0.382682 0.674543 0.399386 202
0.360982 0.819266 0.198783 203
0.219168 0.730672 0.415095 187
0.349368 0.525509 0.602813 189
0.382682 0.674543 0.399386 202
0.235061 0.604864 0.576618 186
0.447782 0.571962 0.472046 205
0.534582 0.656244 0.283503 217
0.382682 0.674543 0.399386 202
-0.876307 0.481754 -15.281088 40
-0.708183 0.493222 66.577172 56
-0.809017 0.587785 -16.506686 55
-0.389865 0.411315 9.687927 95
-0.250954 0.479057 -1.176919 114
-0.349368 0.525509 -1.211860 113
-0.162647 0.251030 -1.147703 99
-0.135539 0.372907 0.853353 116
-0.266847 0.353249 4.070812 98
-0.298634 0.101634 -52.257694 73
-0.189755 0.129154 7.535711 93
-0.282741 0.227442 3.166954 79
-0.042554 0.274619 1.366219 117
-0.135539 0.372907 0.853353 116
-0.162647 0.251030 -1.147703 99
-0.108431 0.494783 1.000568 133
-0.004231 0.392564 0.732001 135
0.034091 0.510509 0.728180 151
-0.282741 0.227442 3.166954 79
-0.162647 0.251030 -1.147703 99
-0.266847 0.353249 4.070812 98
-0.042554 0.274619 1.366219 117
-0.004231 0.392564 0.732001 135
-0.135539 0.372907 0.853353 116
0.167922 0.223510 0.976899 147
0.172130 0.119981 0.883796 137
0.282741 0.227442 0.872405 155
0.060580 0.300829 0.870213 136
0.167922 0.223510 0.976899 147
0.163714 0.327039 0.857173 153
0.040329 0.180264 0.820876 129
0.172130 0.119981 0.883796 137
0.167922 0.223510 0.976899 147
-0.080876 0.156675 0.730925 110
0.040329 0.180264 0.820876 129
-0.042554 0.274619 1.366219 117
0.020079 0.059698 1.681824 118
0.172130 0.119981 0.883796 137
0.040329 0.180264 0.820876 129
0.282741 0.227442 0.872405 155
0.266847 0.353249 0.801365 172
0.163714 0.327039 0.857173 153
-0.534582 0.656244 1.494295 96
-0.535827 0.844328 -0.060899 111
-0.637424 0.770513 -1.625460 94
0.847640 -0.274036 0.206458 227
0.903483 -0.146108 0.162346 239
0.792049 -0.172045 0.343164 224
0.968583 -0.248690 -0.000001 241
0.903483 -0.146108 0.162346 239
0.847640 -0.274036 0.206458 227
0.791796 -0.401964 0.211609 213
0.735953 -0.529892 0.177569 196
0.876307 -0.481754 -0.000031 211
0.929776 -0.368125 -0.000054 226
0.791796 -0.401964 0.211609 213
0.876307 -0.481754 -0.000031 211
0.592925 -0.376490 0.508058 194
0.569181 -0.223917 0.627232 195
0.443723 -0.339315 0.681543 177
0.616669 -0.529062 0.340209 181
0.592925 -0.376490 0.508058 194
0.486789 -0.444362 0.562554 176
0.736206 -0.299972 0.367560 212
0.569181 -0.223917 0.627232 195
0.592925 -0.376490 0.508058 194
0.847640 -0.274036 0.206458 227
0.736206 -0.299972 0.367560 212
0.791796 -0.401964 0.211609 213
0.680615 -0.197981 0.497366 209
0.569181 -0.223917 0.627232 195
0.736206 -0.299972 0.367560 212
0.378100 -0.527404 0.580328 158
0.486789 -0.444362 0.562554 176
0.362206 -0.401597 0.729958 159
0.518255 -0.575515 0.400605 164
0.393993 -0.653212 0.417126 146
0.515708 -0.711863 0.227112 162
0.486789 -0.444362 0.562554 176
0.518255 -0.575515 0.400605 164
0.616669 -0.529062 0.340209 181
0.378100 -0.527404 0.580328 158
0.393993 -0.653212 0.417126 146
0.518255 -0.575515 0.400605 164
0.658410 -0.623625 0.177466 179
0.728969 -0.684547 0.000009 180
0.735953 -0.529892 0.177569 196
0.196515 -0.037934 0.989669 140
0.330420 -0.149981 0.862370 160
0.314527 -0.024174 0.893764 157
-0.195844 -0.197159 -25.258798 84
-0.118071 -0.307241 10.094449 89
-0.064278 -0.185365 4.467986 103
-0.118071 -0.307241 10.094449 89
-0.234167 -0.315104 -25.602760 70
-0.145550 -0.426758 3.368942 87
0.210774 -0.256132 0.854675 142
0.346313 -0.275789 0.829963 161
0.330420 -0.149981 0.862370 160
0.210774 -0.256132 0.854675 142
0.235267 -0.407887 0.674750 143
0.346313 -0.275789 0.829963 161
0.067288 -0.173570 0.655597 121
0.114121 -0.291515 1.205323 124
0.198854 -0.161776 0.959467 141
0.108328 -0.414177 1.189649 123
0.114121 -0.291515 1.205323 124
-0.001975 -0.299378 -0.852928 107
0.247982 -0.508533 0.637188 139
0.362206 -0.401597 0.729958 159
0.235267 -0.407887 0.674750 143
0.443723 -0.339315 0.681543 177
0.486789 -0.444362 0.562554 176
0.592925 -0.376490 0.508058 194
0.346313 -0.275789 0.829963 161
0.443723 -0.339315 0.681543 177
0.469331 -0.217723 0.729195 178
0.362206 -0.401597 0.729958 159
0.486789 -0.444362 0.562554 176
0.443723 -0.339315 0.681543 177
0.518255 -0.575515 0.400605 164
0.658410 -0.623625 0.177466 179
0.616669 -0.529062 0.340209 181
0.735953 -0.529892 0.177569 196
0.809017 -0.587785 0.000015 193
0.876307 -0.481754 -0.000031 211
0.616669 -0.529062 0.340209 181
0.658410 -0.623625 0.177466 179
0.735953 -0.529892 0.177569 196
0.791796 -0.401964 0.211609 213
0.736206 -0.299972 0.367560 212
0.664439 -0.453191 0.352901 197
0.486789 -0.444362 0.562554 176
0.378100 -0.527404 0.580328 158
0.518255 -0.575515 0.400605 164
0.728969 -0.684547 0.000009 180
0.809017 -0.587785 0.000015 193
0.735953 -0.529892 0.177569 196
0.847640 -0.274036 0.206458 227
0.792049 -0.172045 0.343164 224
0.736206 -0.299972 0.367560 212
0.838383 -0.043527 0.295202 225
0.792049 -0.172045 0.343164 224
0.903483 -0.146108 0.162346 239
0.715365 -0.101593 0.477952 210
0.680615 -0.197981 0.497366 209
0.792049 -0.172045 0.343164 224
1.000000 -0.000000 0.000012 240
0.992115 0.125333 -0.000003 233
0.915249 0.040903 0.160645 228
0.295977 -0.844070 0.201058 125
0.177179 -0.862891 0.231360 109
0.309017 -0.951057 -0.002053 108
0.425779 -0.904827 -0.000748 126
0.295977 -0.844070 0.201058 125
0.309017 -0.951057 -0.002053 108
0.282937 -0.737084 0.363940 127
0.177179 -0.862891 0.231360 109
0.295977 -0.844070 0.201058 125
0.062791 -0.998027 -0.028105 72
0.060826 -0.904827 0.194820 91
-0.062791 -0.998027 0.081451 71
-0.272489 -0.433048 3.178697 67
-0.234167 -0.315104 -25.602760 70
-0.362206 -0.401597 53.881604 53
-0.349134 -0.668938 8.129627 51
-0.166657 -0.668938 -1.451499 68
-0.219573 -0.550993 6.546115 69
-0.005837 -0.810471 0.251731 101
-0.060826 -0.904827 0.108254 82
0.060826 -0.904827 0.194820 91
0.177179 -0.862891 0.231360 109
-0.005837 -0.810471 0.251731 101
0.060826 -0.904827 0.194820 91
-0.072500 -0.716116 0.671710 83
-0.156928 -0.826197 0.921062 81
-0.005837 -0.810471 0.251731 101
-0.272489 -0.433048 3.178697 67
-0.219573 -0.550993 6.546115 69
-0.145550 -0.426758 3.368942 87
-0.321429 -0.833823 -0.839118 46
-0.409886 -0.779019 9.021494 45
-0.425779 -0.904827 -2.144468 32
-0.232973 -0.888627 0.755159 62
-0.321429 -0.833823 -0.839118 46
-0.309017 -0.951057 0.665295 47
-0.232973 -0.888627 0.755159 62
-0.253031 -0.747568 -2.250202 61
-0.321429 -0.833823 -0.839118 46
-0.166657 -0.668938 -1.451499 68
-0.253031 -0.747568 -2.250202 61
-0.156928 -0.826197 0.921062 81
-0.349134 -0.668938 8.129627 51
-0.409886 -0.779019 9.021494 45
-0.253031 -0.747568 -2.250202 61
0.187381 -0.982287 -0.003720 90
0.060826 -0.904827 0.194820 91
0.062791 -0.998027 -0.028105 72
0.235267 -0.407887 0.674750 143
0.362206 -0.401597 0.729958 159
0.346313 -0.275789 0.829963 161
0.298781 -0.621760 0.541084 138
0.378100 -0.527404 0.580328 158
0.247982 -0.508533 0.637188 139
0.518255 -0.575515 0.400605 164
0.515708 -0.711863 0.227112 162
0.658410 -0.623625 0.177466 179
0.298781 -0.621760 0.541084 138
0.393993 -0.653212 0.417126 146
0.378100 -0.527404 0.580328 158
0.141155 -0.577727 0.563737 120
0.164458 -0.730094 0.486973 119
0.298781 -0.621760 0.541084 138
0.108328 -0.414177 1.189649 123
0.141155 -0.577727 0.563737 120
0.247982 -0.508533 0.637188 139
0.034327 -0.646921 0.488344 102
0.164458 -0.730094 0.486973 119
0.141155 -0.577727 0.563737 120
0.108328 -0.414177 1.189649 123
-0.012254 -0.470791 0.938381 105
0.141155 -0.577727 0.563737 120
-0.072500 -0.716116 0.671710 83
-0.005837 -0.810471 0.251731 101
0.034327 -0.646921 0.488344 102
0.282937 -0.737084 0.363940 127
0.393993 -0.653212 0.417126 146
0.298781 -0.621760 0.541084 138
-0.005837 -0.810471 0.251731 101
0.177179 -0.862891 0.231360 109
0.164458 -0.730094 0.486973 119
0.187381 -0.982287 -0.003720 90
0.177179 -0.862891 0.231360 109
0.060826 -0.904827 0.194820 91
0.187381 -0.982287 -0.003720 90
0.309017 -0.951057 -0.002053 108
0.177179 -0.862891 0.231360 109
0.409886 -0.779019 0.227409 144
0.393993 -0.653212 0.417126 146
0.282937 -0.737084 0.363940 127
0.515708 -0.711863 0.227112 162
0.637424 -0.770513 0.000209 163
0.658410 -0.623625 0.177466 179
0.409886 -0.779019 0.227409 144
0.515708 -0.711863 0.227112 162
0.393993 -0.653212 0.417126 146
0.409886 -0.779019 0.227409 144
0.535827 -0.844328 -0.000615 145
0.515708 -0.711863 0.227112 162
0.425779 -0.904827 -0.000748 126
0.409886 -0.779019 0.227409 144
0.295977 -0.844070 0.201058 125
-0.065162 -0.389016 -0.372067 106
-0.145550 -0.426758 3.368942 87
-0.115913 -0.510892 -0.179658 88
-0.272489 -0.433048 3.178697 67
-0.145550 -0.426758 3.368942 87
-0.234167 -0.315104 -25.602760 70
-0.219573 -0.550993 6.546115 69
-0.378100 -0.527404 -39.420924 52
-0.349134 -0.668938 8.129627 51
-0.072500 -0.716116 0.671710 83
-0.042377 -0.593453 1.251490 86
-0.166657 -0.668938 -1.451499 68
-0.272489 -0.433048 3.178697 67
-0.378100 -0.527404 -39.420924 52
-0.219573 -0.550993 6.546115 69
0.535827 -0.844328 -0.000615 145
0.409886 -0.779019 0.227409 144
0.425779 -0.904827 -0.000748 126
0.535827 -0.844328 -0.000615 145
0.637424 -0.770513 0.000209 163
0.515708 -0.711863 0.227112 162
0.409886 -0.779019 0.227409 144
0.282937 -0.737084 0.363940 127
0.295977 -0.844070 0.201058 125
0.637424 -0.770513 0.000209 163
0.728969 -0.684547 0.000009 180
0.658410 -0.623625 0.177466 179
-0.309017 0.951057 -0.036424 148
-0.203275 0.856480 0.223105 149
-0.187381 0.982287 0.009791 165
-0.109200 0.735914 0.484450 150
-0.219168 0.730672 0.352241 134
-0.081324 0.616659 0.479839 152
-0.187381 0.982287 0.009791 165
-0.203275 0.856480 0.223105 149
-0.089651 0.864346 0.234419 166
-0.219168 0.730672 0.352241 134
-0.382682 0.674543 0.115481 115
-0.235061 0.604864 1.168090 132
-0.089651 0.864346 0.234419 166
-0.109200 0.735914 0.484450 150
0.000768 0.741156 0.467239 167
-0.253031 -0.747568 -2.250202 61
-0.166657 -0.668938 -1.451499 68
-0.349134 -0.668938 8.129627 51
-0.060826 -0.904827 0.108254 82
-0.156928 -0.826197 0.921062 81
-0.187381 -0.982287 -0.354299 63
-0.060826 -0.904827 0.108254 82
-0.005837 -0.810471 0.251731 101
-0.156928 -0.826197 0.921062 81
-0.232973 -0.888627 0.755159 62
-0.156928 -0.826197 0.921062 81
-0.253031 -0.747568 -2.250202 61
-0.187381 -0.982287 -0.354299 63
-0.232973 -0.888627 0.755159 62
-0.309017 -0.951057 0.665295 47
-0.187381 -0.982287 -0.354299 63
-0.156928 -0.826197 0.921062 81
-0.232973 -0.888627 0.755159 62
-0.062791 -0.998027 0.081451 71
-0.060826 -0.904827 0.108254 82
-0.187381 -0.982287 -0.354299 63
-0.042377 -0.593453 1.251490 86
-0.072500 -0.716116 0.671710 83
0.034327 -0.646921 0.488344 102
-0.012254 -0.470791 0.938381 105
-0.042377 -0.593453 1.251490 86
0.034327 -0.646921 0.488344 102
-0.115913 -0.510892 -0.179658 88
-0.166657 -0.668938 -1.451499 68
-0.042377 -0.593453 1.251490 86
-0.518255 -0.575515 189.478645 36
-0.616669 -0.529062 -1121.651229 25
-0.658410 -0.623625 -42.365866 24
-0.433694 -0.622226 -22.759778 37
-0.518255 -0.575515 189.478645 36
-0.534148 -0.701322 -29.208325 31
-0.409886 -0.779019 9.021494 45
-0.433694 -0.622226 -22.759778 37
-0.534148 -0.701322 -29.208325 31
-0.349134 -0.668938 8.129627 51
-0.378100 -0.527404 -39.420924 52
-0.433694 -0.622226 -22.759778 37
-0.378100 -0.527404 -39.420924 52
-0.486789 -0.444362 52.240084 38
-0.518255 -0.575515 189.478645 36
0.060826 -0.904827 0.194820 91
-0.060826 -0.904827 0.108254 82
-0.062791 -0.998027 0.081451 71
-0.534148 -0.701322 -29.208325 31
-0.535827 -0.844328 -3.185850 30
-0.409886 -0.779019 9.021494 45
-0.486789 -0.444362 52.240084 38
-0.378100 -0.527404 -39.420924 52
-0.362206 -0.401597 53.881604 53
-0.728969 -0.684547 -318.749799 14
-0.637424 -0.770513 68.511928 19
-0.658410 -0.623625 -42.365866 24
-0.321429 -0.833823 -0.839118 46
-0.253031 -0.747568 -2.250202 61
-0.409886 -0.779019 9.021494 45
-0.346313 -0.275789 113.872655 64
-0.362206 -0.401597 53.881604 53
-0.234167 -0.315104 -25.602760 70
-0.195844 -0.197159 -25.258798 84
-0.346313 -0.275789 113.872655 64
-0.234167 -0.315104 -25.602760 70
-0.658594 0.038247 3849.366950 29
-0.584401 -0.096754 1014.421348 35
-0.515073 -0.029496 -1004.884483 39
-0.330420 -0.149981 46.586952 66
-0.441136 -0.097722 -23.084547 50
-0.469331 -0.217723 -319.983228 49
-0.330420 -0.149981 46.586952 66
-0.314527 -0.024174 -43.163938 65
-0.441136 -0.097722 -23.084547 50
-0.321429 -0.833823 -0.839118 46
-0.425779 -0.904827 -2.144468 32
-0.309017 -0.951057 0.665295 47
-0.378100 -0.527404 -39.420924 52
-0.518255 -0.575515 189.478645 36
-0.433694 -0.622226 -22.759778 37
-0.535827 -0.844328 -3.185850 30
-0.425779 -0.904827 -2.144468 32
-0.409886 -0.779019 9.021494 45
0.298634 0.101634 0.909007 156
0.172130 0.119981 0.883796 137
0.196515 -0.037934 0.989669 140
-0.216863 0.007278 20.421921 80
-0.157522 -0.079215 1.274933 85
-0.119199 0.038730 -2.551332 100
0.198854 -0.161776 0.959467 141
0.210774 -0.256132 0.854675 142
0.330420 -0.149981 0.862370 160
-0.118071 -0.307241 10.094449 89
-0.195844 -0.197159 -25.258798 84
-0.234167 -0.315104 -25.602760 70
0.114121 -0.291515 1.205323 124
0.235267 -0.407887 0.674750 143
0.210774 -0.256132 0.854675 142
0.114121 -0.291515 1.205323 124
0.108328 -0.414177 1.189649 123
0.235267 -0.407887 0.674750 143
0.198854 -0.161776 0.959467 141
0.114121 -0.291515 1.205323 124
0.210774 -0.256132 0.854675 142
0.067288 -0.173570 0.655597 121
-0.064278 -0.185365 4.467986 103
-0.001975 -0.299378 -0.852928 107
-0.012254 -0.470791 0.938381 105
0.034327 -0.646921 0.488344 102
0.141155 -0.577727 0.563737 120
-0.064278 -0.185365 4.467986 103
-0.035536 -0.096906 1.126682 104
-0.157522 -0.079215 1.274933 85
-0.001975 -0.299378 -0.852928 107
-0.064278 -0.185365 4.467986 103
-0.118071 -0.307241 10.094449 89
0.067288 -0.173570 0.655597 121
-0.035536 -0.096906 1.126682 104
-0.064278 -0.185365 4.467986 103
-0.330420 -0.149981 46.586952 66
-0.195844 -0.197159 -25.258798 84
-0.157522 -0.079215 1.274933 85
-0.330420 -0.149981 46.586952 66
-0.346313 -0.275789 113.872655 64
-0.195844 -0.197159 -25.258798 84
-0.658594 0.038247 3849.366950 29
-0.576964 0.099699 -608.461185 44
-0.708183 0.161636 1394.460222 28
-0.838383 -0.043527 64031.725254 12
-0.715365 -0.101593 -11870.587834 23
-0.773283 0.059054 -9873.389203 18
-0.584401 -0.096754 1014.421348 35
-0.469331 -0.217723 -319.983228 49
-0.441136 -0.097722 -23.084547 50
-0.715365 -0.101593 -11870.587834 23
-0.584401 -0.096754 1014.421348 35
-0.658594 0.038247 3849.366950 29
-0.773283 0.059054 -9873.389203 18
-0.715365 -0.101593 -11870.587834 23
-0.658594 0.038247 3849.366950 29
-0.680615 -0.197981 1516.342833 22
-0.569181 -0.223917 1335.509521 34
-0.584401 -0.096754 1014.421348 35
-0.792049 -0.172045 13755.752916 13
-0.680615 -0.197981 1516.342833 22
-0.715365 -0.101593 -11870.587834 23
-0.792049 -0.172045 13755.752916 13
-0.847640 -0.274036 57207.469445 11
-0.680489 -0.312940 -11450.421643 21
-0.715365 -0.101593 -11870.587834 23
-0.680615 -0.197981 1516.342833 22
-0.584401 -0.096754 1014.421348 35
-0.838383 -0.043527 64031.725254 12
-0.792049 -0.172045 13755.752916 13
-0.715365 -0.101593 -11870.587834 23
-0.314527 -0.024174 -43.163938 65
-0.298634 0.101634 -52.257694 73
-0.445745 0.037763 241.431551 54
-0.680489 -0.312940 -11450.421643 21
-0.592925 -0.376490 1029.864570 33
-0.569181 -0.223917 1335.509521 34
-0.569181 -0.223917 1335.509521 34
-0.592925 -0.376490 1029.864570 33
-0.443723 -0.339315 -472.333186 48
-0.658410 -0.623625 -42.365866 24
-0.616669 -0.529062 -1121.651229 25
-0.735953 -0.529892 1461.949905 15
-0.658410 -0.623625 -42.365866 24
-0.534148 -0.701322 -29.208325 31
-0.518255 -0.575515 189.478645 36
-0.443723 -0.339315 -472.333186 48
-0.469331 -0.217723 -319.983228 49
-0.569181 -0.223917 1335.509521 34
-0.362206 -0.401597 53.881604 53
-0.443723 -0.339315 -472.333186 48
-0.486789 -0.444362 52.240084 38
-0.362206 -0.401597 53.881604 53
-0.346313 -0.275789 113.872655 64
-0.443723 -0.339315 -472.333186 48
0.247982 -0.508533 0.637188 139
0.141155 -0.577727 0.563737 120
0.298781 -0.621760 0.541084 138
-0.156928 -0.826197 0.921062 81
-0.072500 -0.716116 0.671710 83
-0.166657 -0.668938 -1.451499 68
0.164458 -0.730094 0.486973 119
0.177179 -0.862891 0.231360 109
0.282937 -0.737084 0.363940 127
0.298781 -0.621760 0.541084 138
0.164458 -0.730094 0.486973 119
0.282937 -0.737084 0.363940 127
0.034327 -0.646921 0.488344 102
-0.005837 -0.810471 0.251731 101
0.164458 -0.730094 0.486973 119
0.108328 -0.414177 1.189649 123
0.247982 -0.508533 0.637188 139
0.235267 -0.407887 0.674750 143
-0.115913 -0.510892 -0.179658 88
-0.012254 -0.470791 0.938381 105
-0.065162 -0.389016 -0.372067 106
-0.219573 -0.550993 6.546115 69
-0.115913 -0.510892 -0.179658 88
-0.145550 -0.426758 3.368942 87
-0.219573 -0.550993 6.546115 69
-0.166657 -0.668938 -1.451499 68
-0.115913 -0.510892 -0.179658 88
-0.115913 -0.510892 -0.179658 88
-0.042377 -0.593453 1.251490 86
-0.012254 -0.470791 0.938381 105
0.378100 -0.527404 0.580328 158
0.362206 -0.401597 0.729958 159
0.247982 -0.508533 0.637188 139
