-0.903483 -0.146108 -449671403913912867803937489451012634285179098103808.000000 5
-0.992115 -0.125333 3987872688353621775168136228878704092416166374408192.000000 1
-0.968583 -0.248690 -457020931462048896696969298950963106636013267582976.000000 2
-0.929776 -0.368125 36379227524310442309684621283276609141552527179776.000000 3
-0.847640 -0.274036 129942522427807330711206015867723905451271810711552.000000 11
-0.968583 -0.248690 -457020931462048896696969298950963106636013267582976.000000 2
-0.838383 -0.043527 145443167389177054617147917927496438096007287275520.000000 12
-1.000000 -0.000000 -345178211680653437487394524056560957809956948541440.000000 4
-0.903483 -0.146108 -449671403913912867803937489451012634285179098103808.000000 5
-0.791796 -0.401964 -27716912208769623791029984074299970144731469447168.000000 10
-0.876307 -0.481754 2935367584728880423541847365000085075828334919680.000000 6
-0.735953 -0.529892 3320319344237382243180893191907010343141757681664.000000 15
-0.664439 -0.453191 12557039723556945750873389333108523115302107480064.000000 20
-0.592925 -0.376490 2338118477063656343975672169348591902836991721472.000000 33
-0.680489 -0.312940 -26009874225926503464886496655148909832754060853248.000000 21
-0.616669 -0.529062 -2548528603111087955718870122042289403709062381568.000000 25
-0.664439 -0.453191 12557039723556945750873389333108523115302107480064.000000 20
-0.735953 -0.529892 3320319344237382243180893191907010343141757681664.000000 15
-0.616669 -0.529062 -2548528603111087955718870122042289403709062381568.000000 25
-0.592925 -0.376490 2338118477063656343975672169348591902836991721472.000000 33
-0.664439 -0.453191 12557039723556945750873389333108523115302107480064.000000 20
-0.847640 -0.274036 129942522427807330711206015867723905451271810711552.000000 11
-0.929776 -0.368125 36379227524310442309684621283276609141552527179776.000000 3
-0.791796 -0.401964 -27716912208769623791029984074299970144731469447168.000000 10
-0.577982 0.366799 118267454956734092759435089136806884086692970496.000000 58
-0.479568 0.320346 -61617601530562844460633800080986418752318865408.000000 75
-0.512882 0.469380 -22690602803889267282718241284719391353409110016.000000 77
-0.381154 0.273894 -64597200796735480290241459726271840350388617216.000000 78
-0.528266 0.210023 272327561376587465691162732084787857333881405440.000000 59
-0.413450 0.155828 133388505227106943065692045801974423029964341248.000000 60
-0.389865 0.411315 20463578903938604336407275074380911531270340608.000000 95
-0.479568 0.320346 -61617601530562844460633800080986418752318865408.000000 75
-0.381154 0.273894 -64597200796735480290241459726271840350388617216.000000 78
-0.250954 0.479057 -4280393181251540251116316616942389582180122624.000000 114
-0.389865 0.411315 20463578903938604336407275074380911531270340608.000000 95
-0.266847 0.353249 7420330153830460689328799138434532820324974592.000000 98
-0.349368 0.525509 -4119568259559814643670081395457132325991612416.000000 113
-0.447782 0.571962 5605220578975728401839865277192791085769818112.000000 97
-0.389865 0.411315 20463578903938604336407275074380911531270340608.000000 95
-0.577982 0.366799 118267454956734092759435089136806884086692970496.000000 58
-0.528266 0.210023 272327561376587465691162732084787857333881405440.000000 59
-0.479568 0.320346 -61617601530562844460633800080986418752318865408.000000 75
-0.080876 0.156675 -540571579477367653636527034344933234294390784.000000 110
-0.042554 0.274619 1007257835806607284199577959293602735503441920.000000 117
-0.162647 0.251030 -4675139131587018575824761125464451658807246848.000000 99
-0.189755 0.129154 14965113178345758328919789046228419241708617728.000000 93
-0.080876 0.156675 -540571579477367653636527034344933234294390784.000000 110
-0.162647 0.251030 -4675139131587018575824761125464451658807246848.000000 99
-0.282741 0.227442 5221176257807478631342640050684744704616038400.000000 79
-0.189755 0.129154 14965113178345758328919789046228419241708617728.000000 93
-0.162647 0.251030 -4675139131587018575824761125464451658807246848.000000 99
-0.298634 0.101634 -120745302032905756437154201987344273531587264512.000000 73
-0.216863 0.007278 44222555822662963754950321707051644727047749632.000000 80
-0.189755 0.129154 14965113178345758328919789046228419241708617728.000000 93
0.198854 -0.161776 57197436124797926355770396204812880322756608.000000 141
0.078503 -0.051694 -157365674711924143011096292896073119069896704.000000 122
0.067288 -0.173570 -703574774228688698808782006418269012102217728.000000 121
0.125317 0.034143 -340041754926384655642615704526567845960613888.000000 128
0.020079 0.059698 1557729796187810606992734675662163559523024896.000000 118
0.078503 -0.051694 -157365674711924143011096292896073119069896704.000000 122
0.196515 -0.037934 67520809360702964273314946229068604211462144.000000 140
0.125317 0.034143 -340041754926384655642615704526567845960613888.000000 128
0.078503 -0.051694 -157365674711924143011096292896073119069896704.000000 122
0.172130 0.119981 -163952209987311369479593463870890308869816320.000000 137
0.020079 0.059698 1557729796187810606992734675662163559523024896.000000 118
0.125317 0.034143 -340041754926384655642615704526567845960613888.000000 128
0.282741 0.227442 9261167895455631569109401104187310513061888.000000 155
0.172130 0.119981 -163952209987311369479593463870890308869816320.000000 137
0.298634 0.101634 19349476675229491631652602932314268892135424.000000 156
0.282741 0.227442 9261167895455631569109401104187310513061888.000000 155
0.163714 0.327039 -20602199575350015945015231039222197551890432.000000 153
0.167922 0.223510 125049544785848343683560854676012885358936064.000000 147
-0.080876 0.156675 -540571579477367653636527034344933234294390784.000000 110
-0.119199 0.038730 -8030934816783992606400820723849473932222529536.000000 100
0.020079 0.059698 1557729796187810606992734675662163559523024896.000000 118
-0.838383 -0.043527 145443167389177054617147917927496438096007287275520.000000 12
-0.915249 0.040903 24935900140848869546025246010127599971933259563008.000000 9
-1.000000 -0.000000 -345178211680653437487394524056560957809956948541440.000000 4
-0.903483 -0.146108 -449671403913912867803937489451012634285179098103808.000000 5
-1.000000 -0.000000 -345178211680653437487394524056560957809956948541440.000000 4
-0.992115 -0.125333 3987872688353621775168136228878704092416166374408192.000000 1
-0.362206 -0.401597 120781406403913393718634575532740489674103980032.000000 53
-0.378100 -0.527404 -90856926521615744964946565182019152101351882752.000000 52
-0.272489 -0.433048 5543386354329142694344798464241525586911035392.000000 67
-0.847640 -0.274036 129942522427807330711206015867723905451271810711552.000000 11
-0.903483 -0.146108 -449671403913912867803937489451012634285179098103808.000000 5
-0.968583 -0.248690 -457020931462048896696969298950963106636013267582976.000000 2
-0.847640 -0.274036 129942522427807330711206015867723905451271810711552.000000 11
-0.792049 -0.172045 31244505662958645600814167113312452332413624778752.000000 13
-0.903483 -0.146108 -449671403913912867803937489451012634285179098103808.000000 5
-0.876307 -0.481754 2935367584728880423541847365000085075828334919680.000000 6
-0.791796 -0.401964 -27716912208769623791029984074299970144731469447168.000000 10
-0.929776 -0.368125 36379227524310442309684621283276609141552527179776.000000 3
-0.664439 -0.453191 12557039723556945750873389333108523115302107480064.000000 20
-0.791796 -0.401964 -27716912208769623791029984074299970144731469447168.000000 10
-0.735953 -0.529892 3320319344237382243180893191907010343141757681664.000000 15
-0.680615 -0.197981 3443142479051729222675780241842501455269217697792.000000 22
-0.680489 -0.312940 -26009874225926503464886496655148909832754060853248.000000 21
-0.569181 -0.223917 3032100060196052305960148473078362210489186910208.000000 34
-0.680615 -0.197981 3443142479051729222675780241842501455269217697792.000000 22
-0.792049 -0.172045 31244505662958645600814167113312452332413624778752.000000 13
-0.680489 -0.312940 -26009874225926503464886496655148909832754060853248.000000 21
-0.515073 -0.029496 -2284195628587745729663512893217062616793945735168.000000 39
-0.441136 -0.097722 -54242745497230349990748001470790450608494084096.000000 50
-0.445745 0.037763 546578948936519509349363467773290591094694739968.000000 54
-0.330420 -0.149981 103846837109586206511416179818828802159475163136.000000 66
-0.469331 -0.217723 -728484212809895783735084515569244766455665262592.000000 49
-0.346313 -0.275789 256827971521348071284930585440884410433803386880.000000 64
-0.838383 -0.043527 145443167389177054617147917927496438096007287275520.000000 12
-0.903483 -0.146108 -449671403913912867803937489451012634285179098103808.000000 5
-0.792049 -0.172045 31244505662958645600814167113312452332413624778752.000000 13
-0.735953 -0.529892 3320319344237382243180893191907010343141757681664.000000 15
-0.809017 -0.587785 -2210592244257763836157436089640691656772986863616.000000 7
-0.728969 -0.684547 -724019131398161961920347279607915761662202740736.000000 14
-0.346313 -0.275789 256827971521348071284930585440884410433803386880.000000 64
-0.469331 -0.217723 -728484212809895783735084515569244766455665262592.000000 49
-0.443723 -0.339315 -1074436349401984192154484657195069317332730904576.000000 48
-0.876307 -0.481754 2935367584728880423541847365000085075828334919680.000000 6
-0.809017 -0.587785 -2210592244257763836157436089640691656772986863616.000000 7
-0.735953 -0.529892 3320319344237382243180893191907010343141757681664.000000 15
-0.309017 0.951057 -82735323175031498792887272834068624227434496.000000 148
-0.317582 0.777124 162665297895878209459746652222759545503481856.000000 131
-0.203275 0.856480 -4582506992044875864555985715809522901057536.000000 149
-0.915249 0.040903 24935900140848869546025246010127599971933259563008.000000 9
-0.992115 0.125333 33768923203707887422737100663084371891061482586112.000000 8
-1.000000 -0.000000 -345178211680653437487394524056560957809956948541440.000000 4
-0.773283 0.059054 -22427657225223241049698124963691594309003982667776.000000 18
-0.915249 0.040903 24935900140848869546025246010127599971933259563008.000000 9
-0.838383 -0.043527 145443167389177054617147917927496438096007287275520.000000 12
-0.773283 0.059054 -22427657225223241049698124963691594309003982667776.000000 18
-0.838383 0.205163 -6743548893870771081098708695212675508520662073344.000000 17
-0.915249 0.040903 24935900140848869546025246010127599971933259563008.000000 9
-0.317582 0.777124 162665297895878209459746652222759545503481856.000000 131
-0.309017 0.951057 -82735323175031498792887272834068624227434496.000000 148
-0.425779 0.904827 119838035325055940255798178472795208241119232.000000 130
-0.447782 0.737755 -434782687977927671758855831211691595974836224.000000 112
-0.425779 0.904827 119838035325055940255798178472795208241119232.000000 130
-0.535827 0.844328 -138328690816646477654222406318087418490650624.000000 111
-0.992115 0.125333 33768923203707887422737100663084371891061482586112.000000 8
-0.915249 0.040903 24935900140848869546025246010127599971933259563008.000000 9
-0.838383 0.205163 -6743548893870771081098708695212675508520662073344.000000 17
-0.382682 0.674543 -642963781159514238332782139986097411727556608.000000 115
-0.447782 0.571962 5605220578975728401839865277192791085769818112.000000 97
-0.349368 0.525509 -4119568259559814643670081395457132325991612416.000000 113
-0.425779 0.904827 119838035325055940255798178472795208241119232.000000 130
-0.447782 0.737755 -434782687977927671758855831211691595974836224.000000 112
-0.317582 0.777124 162665297895878209459746652222759545503481856.000000 131
-0.382682 0.674543 -642963781159514238332782139986097411727556608.000000 115
-0.349368 0.525509 -4119568259559814643670081395457132325991612416.000000 113
-0.235061 0.604864 1338339104093901868988033345690580921649987584.000000 132
-0.816683 0.308437 1399781767410934996711605249133232200885662121984.000000 27
-0.968583 0.248690 -4373984236783799900675735394457554391602227576832.000000 16
-0.838383 0.205163 -6743548893870771081098708695212675508520662073344.000000 17
-0.816683 0.308437 1399781767410934996711605249133232200885662121984.000000 27
-0.929776 0.368125 429208219172026141393377344129110407296871038976.000000 26
-0.968583 0.248690 -4373984236783799900675735394457554391602227576832.000000 16
-0.708183 0.161636 3166351447165950988652192998376226292058483064832.000000 28
-0.816683 0.308437 1399781767410934996711605249133232200885662121984.000000 27
-0.838383 0.205163 -6743548893870771081098708695212675508520662073344.000000 17
-0.794983 0.411712 -251038521969071040517242674969447537467184906240.000000 41
-0.929776 0.368125 429208219172026141393377344129110407296871038976.000000 26
-0.816683 0.308437 1399781767410934996711605249133232200885662121984.000000 27
-0.314527 -0.024174 -100089436413609992442946135034553160124627681280.000000 65
-0.330420 -0.149981 103846837109586206511416179818828802159475163136.000000 66
-0.157522 -0.079215 695106022166669769987370965062654194213715968.000000 85
-0.080876 0.156675 -540571579477367653636527034344933234294390784.000000 110
-0.189755 0.129154 14965113178345758328919789046228419241708617728.000000 93
-0.119199 0.038730 -8030934816783992606400820723849473932222529536.000000 100
-0.576964 0.099699 -1383572147995010681451173426878072523205734563840.000000 44
-0.528266 0.210023 272327561376587465691162732084787857333881405440.000000 59
-0.643082 0.264217 -302995440195249730028041416074388217675170971648.000000 43
-0.773283 0.059054 -22427657225223241049698124963691594309003982667776.000000 18
-0.658594 0.038247 8742300090187266939811898362755053633687775084544.000000 29
-0.708183 0.161636 3166351447165950988652192998376226292058483064832.000000 28
-0.445745 0.037763 546578948936519509349363467773290591094694739968.000000 54
-0.413450 0.155828 133388505227106943065692045801974423029964341248.000000 60
-0.576964 0.099699 -1383572147995010681451173426878072523205734563840.000000 44
-0.216863 0.007278 44222555822662963754950321707051644727047749632.000000 80
-0.298634 0.101634 -120745302032905756437154201987344273531587264512.000000 73
-0.314527 -0.024174 -100089436413609992442946135034553160124627681280.000000 65
-0.157522 -0.079215 695106022166669769987370965062654194213715968.000000 85
-0.216863 0.007278 44222555822662963754950321707051644727047749632.000000 80
-0.314527 -0.024174 -100089436413609992442946135034553160124627681280.000000 65
-0.119199 0.038730 -8030934816783992606400820723849473932222529536.000000 100
-0.189755 0.129154 14965113178345758328919789046228419241708617728.000000 93
-0.216863 0.007278 44222555822662963754950321707051644727047749632.000000 80
-0.576964 0.099699 -1383572147995010681451173426878072523205734563840.000000 44
-0.643082 0.264217 -302995440195249730028041416074388217675170971648.000000 43
-0.708183 0.161636 3166351447165950988652192998376226292058483064832.000000 28
-0.413450 0.155828 133388505227106943065692045801974423029964341248.000000 60
-0.528266 0.210023 272327561376587465691162732084787857333881405440.000000 59
-0.576964 0.099699 -1383572147995010681451173426878072523205734563840.000000 44
-0.298634 0.101634 -120745302032905756437154201987344273531587264512.000000 73
-0.413450 0.155828 133388505227106943065692045801974423029964341248.000000 60
-0.445745 0.037763 546578948936519509349363467773290591094694739968.000000 54
-0.298634 0.101634 -120745302032905756437154201987344273531587264512.000000 73
-0.282741 0.227442 5221176257807478631342640050684744704616038400.000000 79
-0.413450 0.155828 133388505227106943065692045801974423029964341248.000000 60
-0.381154 0.273894 -64597200796735480290241459726271840350388617216.000000 78
-0.266847 0.353249 7420330153830460689328799138434532820324974592.000000 98
-0.389865 0.411315 20463578903938604336407275074380911531270340608.000000 95
-0.381154 0.273894 -64597200796735480290241459726271840350388617216.000000 78
-0.282741 0.227442 5221176257807478631342640050684744704616038400.000000 79
-0.266847 0.353249 7420330153830460689328799138434532820324974592.000000 98
-0.528266 0.210023 272327561376587465691162732084787857333881405440.000000 59
-0.381154 0.273894 -64597200796735480290241459726271840350388617216.000000 78
-0.479568 0.320346 -61617601530562844460633800080986418752318865408.000000 75
-0.413450 0.155828 133388505227106943065692045801974423029964341248.000000 60
-0.282741 0.227442 5221176257807478631342640050684744704616038400.000000 79
-0.381154 0.273894 -64597200796735480290241459726271840350388617216.000000 78
-0.577982 0.366799 118267454956734092759435089136806884086692970496.000000 58
-0.643082 0.264217 -302995440195249730028041416074388217675170971648.000000 43
-0.528266 0.210023 272327561376587465691162732084787857333881405440.000000 59
-0.577982 0.366799 118267454956734092759435089136806884086692970496.000000 58
-0.610532 0.481301 130110582906215164977309906163886994699478630400.000000 57
-0.719033 0.337964 -679114582361331783923162002270884859511536877568.000000 42
-0.621382 0.574733 -24072645844529533480764118350470947406553808896.000000 76
-0.708183 0.493222 150645960815838407180423062958580458816127631360.000000 56
-0.610532 0.481301 130110582906215164977309906163886994699478630400.000000 57
-0.719033 0.337964 -679114582361331783923162002270884859511536877568.000000 42
-0.816683 0.308437 1399781767410934996711605249133232200885662121984.000000 27
-0.708183 0.161636 3166351447165950988652192998376226292058483064832.000000 28
-0.577982 0.366799 118267454956734092759435089136806884086692970496.000000 58
-0.719033 0.337964 -679114582361331783923162002270884859511536877568.000000 42
-0.643082 0.264217 -302995440195249730028041416074388217675170971648.000000 43
-0.794983 0.411712 -251038521969071040517242674969447537467184906240.000000 41
-0.816683 0.308437 1399781767410934996711605249133232200885662121984.000000 27
-0.719033 0.337964 -679114582361331783923162002270884859511536877568.000000 42
-0.708183 0.493222 150645960815838407180423062958580458816127631360.000000 56
-0.794983 0.411712 -251038521969071040517242674969447537467184906240.000000 41
-0.719033 0.337964 -679114582361331783923162002270884859511536877568.000000 42
-0.610532 0.481301 130110582906215164977309906163886994699478630400.000000 57
-0.708183 0.493222 150645960815838407180423062958580458816127631360.000000 56
-0.719033 0.337964 -679114582361331783923162002270884859511536877568.000000 42
-0.512882 0.469380 -22690602803889267282718241284719391353409110016.000000 77
-0.610532 0.481301 130110582906215164977309906163886994699478630400.000000 57
-0.577982 0.366799 118267454956734092759435089136806884086692970496.000000 58
-0.512882 0.469380 -22690602803889267282718241284719391353409110016.000000 77
-0.621382 0.574733 -24072645844529533480764118350470947406553808896.000000 76
-0.610532 0.481301 130110582906215164977309906163886994699478630400.000000 57
-0.621382 0.574733 -24072645844529533480764118350470947406553808896.000000 76
-0.809017 0.587785 -37493847179761888622138496797679186216950431744.000000 55
-0.708183 0.493222 150645960815838407180423062958580458816127631360.000000 56
-0.876307 0.481754 -34709982048090062470192926319816185197830864896.000000 40
-0.929776 0.368125 429208219172026141393377344129110407296871038976.000000 26
-0.794983 0.411712 -251038521969071040517242674969447537467184906240.000000 41
-0.445745 0.037763 546578948936519509349363467773290591094694739968.000000 54
-0.441136 -0.097722 -54242745497230349990748001470790450608494084096.000000 50
-0.314527 -0.024174 -100089436413609992442946135034553160124627681280.000000 65
-0.838383 0.205163 -6743548893870771081098708695212675508520662073344.000000 17
-0.773283 0.059054 -22427657225223241049698124963691594309003982667776.000000 18
-0.708183 0.161636 3166351447165950988652192998376226292058483064832.000000 28
-0.643082 0.264217 -302995440195249730028041416074388217675170971648.000000 43
-0.719033 0.337964 -679114582361331783923162002270884859511536877568.000000 42
-0.708183 0.161636 3166351447165950988652192998376226292058483064832.000000 28
-0.968583 0.248690 -4373984236783799900675735394457554391602227576832.000000 16
-0.992115 0.125333 33768923203707887422737100663084371891061482586112.000000 8
-0.838383 0.205163 -6743548893870771081098708695212675508520662073344.000000 17
-0.515073 -0.029496 -2284195628587745729663512893217062616793945735168.000000 39
-0.576964 0.099699 -1383572147995010681451173426878072523205734563840.000000 44
-0.658594 0.038247 8742300090187266939811898362755053633687775084544.000000 29
-0.441136 -0.097722 -54242745497230349990748001470790450608494084096.000000 50
-0.515073 -0.029496 -2284195628587745729663512893217062616793945735168.000000 39
-0.584401 -0.096754 2302716724730584177340504913138691914255455748096.000000 35
-0.445745 0.037763 546578948936519509349363467773290591094694739968.000000 54
-0.576964 0.099699 -1383572147995010681451173426878072523205734563840.000000 44
-0.515073 -0.029496 -2284195628587745729663512893217062616793945735168.000000 39
-0.794983 0.411712 -251038521969071040517242674969447537467184906240.000000 41
-0.708183 0.493222 150645960815838407180423062958580458816127631360.000000 56
-0.876307 0.481754 -34709982048090062470192926319816185197830864896.000000 40
-0.447782 0.571962 5605220578975728401839865277192791085769818112.000000 97
-0.534582 0.656244 2750091985013647881743878922021113316904009728.000000 96
-0.621382 0.574733 -24072645844529533480764118350470947406553808896.000000 76
-0.389865 0.411315 20463578903938604336407275074380911531270340608.000000 95
-0.447782 0.571962 5605220578975728401839865277192791085769818112.000000 97
-0.512882 0.469380 -22690602803889267282718241284719391353409110016.000000 77
-0.479568 0.320346 -61617601530562844460633800080986418752318865408.000000 75
-0.389865 0.411315 20463578903938604336407275074380911531270340608.000000 95
-0.512882 0.469380 -22690602803889267282718241284719391353409110016.000000 77
-0.250954 0.479057 -4280393181251540251116316616942389582180122624.000000 114
-0.235061 0.604864 1338339104093901868988033345690580921649987584.000000 132
-0.349368 0.525509 -4119568259559814643670081395457132325991612416.000000 113
-0.382682 0.674543 -642963781159514238332782139986097411727556608.000000 115
-0.534582 0.656244 2750091985013647881743878922021113316904009728.000000 96
-0.447782 0.571962 5605220578975728401839865277192791085769818112.000000 97
-0.728969 0.684547 18554385384362569961426899669186624823144480768.000000 74
-0.809017 0.587785 -37493847179761888622138496797679186216950431744.000000 55
-0.621382 0.574733 -24072645844529533480764118350470947406553808896.000000 76
-0.447782 0.737755 -434782687977927671758855831211691595974836224.000000 112
-0.382682 0.674543 -642963781159514238332782139986097411727556608.000000 115
-0.317582 0.777124 162665297895878209459746652222759545503481856.000000 131
-0.534582 0.656244 2750091985013647881743878922021113316904009728.000000 96
-0.447782 0.737755 -434782687977927671758855831211691595974836224.000000 112
-0.535827 0.844328 -138328690816646477654222406318087418490650624.000000 111
-0.534582 0.656244 2750091985013647881743878922021113316904009728.000000 96
-0.382682 0.674543 -642963781159514238332782139986097411727556608.000000 115
-0.447782 0.737755 -434782687977927671758855831211691595974836224.000000 112
-0.728969 0.684547 18554385384362569961426899669186624823144480768.000000 74
-0.631775 0.670396 1479529739215480213429568774570900093036134400.000000 92
-0.637424 0.770513 -3692124928653731171672893783530061830182404096.000000 94
-0.621382 0.574733 -24072645844529533480764118350470947406553808896.000000 76
-0.512882 0.469380 -22690602803889267282718241284719391353409110016.000000 77
-0.447782 0.571962 5605220578975728401839865277192791085769818112.000000 97
-0.631775 0.670396 1479529739215480213429568774570900093036134400.000000 92
-0.534582 0.656244 2750091985013647881743878922021113316904009728.000000 96
-0.637424 0.770513 -3692124928653731171672893783530061830182404096.000000 94
-0.621382 0.574733 -24072645844529533480764118350470947406553808896.000000 76
-0.631775 0.670396 1479529739215480213429568774570900093036134400.000000 92
-0.728969 0.684547 18554385384362569961426899669186624823144480768.000000 74
-0.621382 0.574733 -24072645844529533480764118350470947406553808896.000000 76
-0.534582 0.656244 2750091985013647881743878922021113316904009728.000000 96
-0.631775 0.670396 1479529739215480213429568774570900093036134400.000000 92
0.794983 0.411712 -14418986895686398417516632918832818683904.000000 236
0.929776 0.368125 -14361151617992820789452523365062468960256.000000 237
0.876307 0.481754 31232554411044693409430628560727248470016.000000 242
0.708183 0.493222 -43528237099165699794952400967444314718208.000000 238
0.794983 0.411712 -14418986895686398417516632918832818683904.000000 236
0.876307 0.481754 31232554411044693409430628560727248470016.000000 242
0.610532 0.481301 74525872487805265460339352837182761992192.000000 223
0.577982 0.366799 -126781322937673519551322873257963552768000.000000 208
0.719033 0.337964 46594633380660868584293407897581894238208.000000 222
0.349368 0.525509 2341761412896649326594928908424854007447552.000000 189
0.512882 0.469380 -489526166118477818678350801776760915492864.000000 207
0.447782 0.571962 -692754245688821519730462971707933711138816.000000 205
0.349368 0.525509 2341761412896649326594928908424854007447552.000000 189
0.422415 0.360024 556897288377011625928520780851995398373376.000000 190
0.512882 0.469380 -489526166118477818678350801776760915492864.000000 207
0.445745 0.037763 -694441901206740152708458296621793540046848.000000 170
0.314527 -0.024174 -15274355317483694612528291277318766844706816.000000 157
0.441136 -0.097722 6311760098647371338895587013606917336465408.000000 175
0.643082 0.264217 -239908335530812391694602555323395329753088.000000 206
0.522968 0.251959 631373373850736195789379420972116776845312.000000 191
0.571666 0.141635 959330643736245390458513890676960368001024.000000 188
0.794983 0.245918 49927859146229757310914053445308871868416.000000 220
0.719033 0.337964 46594633380660868584293407897581894238208.000000 222
0.643082 0.264217 -239908335530812391694602555323395329753088.000000 206
0.870933 0.153872 23421476122172606625478627220803706421248.000000 219
0.794983 0.245918 49927859146229757310914053445308871868416.000000 220
0.708183 0.161636 -167827720931111922282940940831110090194944.000000 204
0.870933 0.153872 23421476122172606625478627220803706421248.000000 219
0.968583 0.248690 -21062561260680491770483204965616960143360.000000 230
0.794983 0.245918 49927859146229757310914053445308871868416.000000 220
0.577982 0.366799 -126781322937673519551322873257963552768000.000000 208
0.422415 0.360024 556897288377011625928520780851995398373376.000000 190
0.522968 0.251959 631373373850736195789379420972116776845312.000000 191
0.040329 0.180264 -329362997818234090921735901088816236026920960.000000 129
0.167922 0.223510 125049544785848343683560854676012885358936064.000000 147
0.060580 0.300829 -80906658503364815574605210165599039588925440.000000 136
0.794983 0.245918 49927859146229757310914053445308871868416.000000 220
0.643082 0.264217 -239908335530812391694602555323395329753088.000000 206
0.708183 0.161636 -167827720931111922282940940831110090194944.000000 204
0.708183 0.493222 -43528237099165699794952400967444314718208.000000 238
0.719033 0.337964 46594633380660868584293407897581894238208.000000 222
0.794983 0.411712 -14418986895686398417516632918832818683904.000000 236
0.577982 0.366799 -126781322937673519551322873257963552768000.000000 208
0.643082 0.264217 -239908335530812391694602555323395329753088.000000 206
0.719033 0.337964 46594633380660868584293407897581894238208.000000 222
0.915249 0.040903 -3570476140263265602224202678609104601088.000000 228
0.773283 0.059054 12126514590972978258658705382802567725056.000000 215
0.838383 -0.043527 -40571405414895988878828788349764567564288.000000 225
1.000000 -0.000000 27581578153883998388822840737601863811072.000000 240
0.915249 0.040903 -3570476140263265602224202678609104601088.000000 228
0.838383 -0.043527 -40571405414895988878828788349764567564288.000000 225
0.992115 0.125333 -7129853207130370771657103079583036473344.000000 233
0.968583 0.248690 -21062561260680491770483204965616960143360.000000 230
0.870933 0.153872 23421476122172606625478627220803706421248.000000 219
0.794983 0.245918 49927859146229757310914053445308871868416.000000 220
0.929776 0.368125 -14361151617992820789452523365062468960256.000000 237
0.794983 0.411712 -14418986895686398417516632918832818683904.000000 236
0.062791 0.998027 -689733318955963714411192787050341209210880.000000 198
0.023973 0.872212 -216046858260888479712950584373712655482880.000000 184
0.187381 0.982287 -956609704721208866097800936733287099924480.000000 199
0.425779 0.904827 159168612412964582836172370234856217509888.000000 216
0.309017 0.951057 -1490407517851917858770469253143625826566144.000000 214
0.360982 0.819266 650831572063872504024082373798419215941632.000000 203
0.309017 0.951057 -1490407517851917858770469253143625826566144.000000 214
0.203275 0.856480 3874698588720805541138824765896660485144576.000000 200
0.360982 0.819266 650831572063872504024082373798419215941632.000000 203
0.382682 0.674543 1906404834321692509774952607742957346357248.000000 202
0.447782 0.737755 -463837146791604004846828969259422676156416.000000 218
0.360982 0.819266 650831572063872504024082373798419215941632.000000 203
0.512882 0.469380 -489526166118477818678350801776760915492864.000000 207
0.621382 0.574733 203106674800322969712343852388045704658944.000000 221
0.447782 0.571962 -692754245688821519730462971707933711138816.000000 205
0.719033 0.337964 46594633380660868584293407897581894238208.000000 222
0.708183 0.493222 -43528237099165699794952400967444314718208.000000 238
0.610532 0.481301 74525872487805265460339352837182761992192.000000 223
0.809017 0.587785 -47951977762522863909322968967508366721024.000000 235
0.728969 0.684547 -65572668923552946342623945115002164215808.000000 234
0.621382 0.574733 203106674800322969712343852388045704658944.000000 221
0.621382 0.574733 203106674800322969712343852388045704658944.000000 221
0.534582 0.656244 -141913950857582210504488896987877469061120.000000 217
0.447782 0.571962 -692754245688821519730462971707933711138816.000000 205
0.809017 0.587785 -47951977762522863909322968967508366721024.000000 235
0.621382 0.574733 203106674800322969712343852388045704658944.000000 221
0.708183 0.493222 -43528237099165699794952400967444314718208.000000 238
0.631775 0.670396 -2882909487322480026117106329785722732544.000000 229
0.534582 0.656244 -141913950857582210504488896987877469061120.000000 217
0.621382 0.574733 203106674800322969712343852388045704658944.000000 221
0.728969 0.684547 -65572668923552946342623945115002164215808.000000 234
0.631775 0.670396 -2882909487322480026117106329785722732544.000000 229
0.621382 0.574733 203106674800322969712343852388045704658944.000000 221
0.728969 0.684547 -65572668923552946342623945115002164215808.000000 234
0.637424 0.770513 20762411005973080177370213730250534158336.000000 231
0.631775 0.670396 -2882909487322480026117106329785722732544.000000 229
0.447782 0.737755 -463837146791604004846828969259422676156416.000000 218
0.425779 0.904827 159168612412964582836172370234856217509888.000000 216
0.360982 0.819266 650831572063872504024082373798419215941632.000000 203
0.794983 0.245918 49927859146229757310914053445308871868416.000000 220
0.794983 0.411712 -14418986895686398417516632918832818683904.000000 236
0.719033 0.337964 46594633380660868584293407897581894238208.000000 222
0.610532 0.481301 74525872487805265460339352837182761992192.000000 223
0.621382 0.574733 203106674800322969712343852388045704658944.000000 221
0.512882 0.469380 -489526166118477818678350801776760915492864.000000 207
0.577982 0.366799 -126781322937673519551322873257963552768000.000000 208
0.610532 0.481301 74525872487805265460339352837182761992192.000000 223
0.512882 0.469380 -489526166118477818678350801776760915492864.000000 207
0.708183 0.493222 -43528237099165699794952400967444314718208.000000 238
0.621382 0.574733 203106674800322969712343852388045704658944.000000 221
0.610532 0.481301 74525872487805265460339352837182761992192.000000 223
0.637424 0.770513 20762411005973080177370213730250534158336.000000 231
0.534582 0.656244 -141913950857582210504488896987877469061120.000000 217
0.631775 0.670396 -2882909487322480026117106329785722732544.000000 229
0.637424 0.770513 20762411005973080177370213730250534158336.000000 231
0.535827 0.844328 165832906191322256803384334459295466782720.000000 232
0.534582 0.656244 -141913950857582210504488896987877469061120.000000 217
0.235061 0.604864 -5149723031550382195889705051440714201694208.000000 186
0.219168 0.730672 -6788208048740340560909746434410642090754048.000000 187
0.072414 0.628453 55956773413288153182612303806191627535384576.000000 169
0.447782 0.737755 -463837146791604004846828969259422676156416.000000 218
0.535827 0.844328 165832906191322256803384334459295466782720.000000 232
0.425779 0.904827 159168612412964582836172370234856217509888.000000 216
0.534582 0.656244 -141913950857582210504488896987877469061120.000000 217
0.447782 0.737755 -463837146791604004846828969259422676156416.000000 218
0.382682 0.674543 1906404834321692509774952607742957346357248.000000 202
0.534582 0.656244 -141913950857582210504488896987877469061120.000000 217
0.535827 0.844328 165832906191322256803384334459295466782720.000000 232
0.447782 0.737755 -463837146791604004846828969259422676156416.000000 218
-0.135539 0.372907 24492746851679013740474298661716153866387456.000000 116
-0.250954 0.479057 -4280393181251540251116316616942389582180122624.000000 114
-0.266847 0.353249 7420330153830460689328799138434532820324974592.000000 98
0.060580 0.300829 -80906658503364815574605210165599039588925440.000000 136
-0.004231 0.392564 -258659220957898990874320898279309287522041856.000000 135
-0.042554 0.274619 1007257835806607284199577959293602735503441920.000000 117
0.040329 0.180264 -329362997818234090921735901088816236026920960.000000 129
0.060580 0.300829 -80906658503364815574605210165599039588925440.000000 136
-0.042554 0.274619 1007257835806607284199577959293602735503441920.000000 117
0.163714 0.327039 -20602199575350015945015231039222197551890432.000000 153
0.123361 0.435810 58924049657225311194863038947424557609254912.000000 154
0.060580 0.300829 -80906658503364815574605210165599039588925440.000000 136
-0.080876 0.156675 -540571579477367653636527034344933234294390784.000000 110
0.020079 0.059698 1557729796187810606992734675662163559523024896.000000 118
0.040329 0.180264 -329362997818234090921735901088816236026920960.000000 129
0.266847 0.353249 -6003464736265731450352789139580661509652480.000000 172
0.250954 0.479057 -8280278108476743681681553293154541398654976.000000 171
0.123361 0.435810 58924049657225311194863038947424557609254912.000000 154
-0.108431 0.494783 584065061505158712078439970892900805118001152.000000 133
-0.250954 0.479057 -4280393181251540251116316616942389582180122624.000000 114
-0.135539 0.372907 24492746851679013740474298661716153866387456.000000 116
-0.004231 0.392564 -258659220957898990874320898279309287522041856.000000 135
-0.108431 0.494783 584065061505158712078439970892900805118001152.000000 133
-0.135539 0.372907 24492746851679013740474298661716153866387456.000000 116
0.034091 0.510509 -22801917482346759162348508512950018530869248.000000 151
0.072414 0.628453 55956773413288153182612303806191627535384576.000000 169
-0.081324 0.616659 -302736283763041202570297099154341527533125632.000000 152
0.034091 0.510509 -22801917482346759162348508512950018530869248.000000 151
0.123361 0.435810 58924049657225311194863038947424557609254912.000000 154
0.134576 0.557687 -15346948581293275173761345035397266564710400.000000 168
0.381154 0.273894 135029883349315060557984582606080656277504.000000 173
0.266847 0.353249 -6003464736265731450352789139580661509652480.000000 172
0.282741 0.227442 9261167895455631569109401104187310513061888.000000 155
0.413450 0.155828 -4699154263455756736013773712360052357070848.000000 174
0.445745 0.037763 -694441901206740152708458296621793540046848.000000 170
0.571666 0.141635 959330643736245390458513890676960368001024.000000 188
0.282741 0.227442 9261167895455631569109401104187310513061888.000000 155
0.413450 0.155828 -4699154263455756736013773712360052357070848.000000 174
0.381154 0.273894 135029883349315060557984582606080656277504.000000 173
0.298634 0.101634 19349476675229491631652602932314268892135424.000000 156
0.445745 0.037763 -694441901206740152708458296621793540046848.000000 170
0.413450 0.155828 -4699154263455756736013773712360052357070848.000000 174
0.577982 0.366799 -126781322937673519551322873257963552768000.000000 208
0.512882 0.469380 -489526166118477818678350801776760915492864.000000 207
0.422415 0.360024 556897288377011625928520780851995398373376.000000 190
0.134576 0.557687 -15346948581293275173761345035397266564710400.000000 168
0.235061 0.604864 -5149723031550382195889705051440714201694208.000000 186
0.072414 0.628453 55956773413288153182612303806191627535384576.000000 169
0.034091 0.510509 -22801917482346759162348508512950018530869248.000000 151
0.134576 0.557687 -15346948581293275173761345035397266564710400.000000 168
0.072414 0.628453 55956773413288153182612303806191627535384576.000000 169
0.123361 0.435810 58924049657225311194863038947424557609254912.000000 154
0.250954 0.479057 -8280278108476743681681553293154541398654976.000000 171
0.134576 0.557687 -15346948581293275173761345035397266564710400.000000 168
0.422415 0.360024 556897288377011625928520780851995398373376.000000 190
0.349368 0.525509 2341761412896649326594928908424854007447552.000000 189
0.266847 0.353249 -6003464736265731450352789139580661509652480.000000 172
0.349368 0.525509 2341761412896649326594928908424854007447552.000000 189
0.235061 0.604864 -5149723031550382195889705051440714201694208.000000 186
0.250954 0.479057 -8280278108476743681681553293154541398654976.000000 171
0.266847 0.353249 -6003464736265731450352789139580661509652480.000000 172
0.349368 0.525509 2341761412896649326594928908424854007447552.000000 189
0.250954 0.479057 -8280278108476743681681553293154541398654976.000000 171
0.447782 0.571962 -692754245688821519730462971707933711138816.000000 205
0.382682 0.674543 1906404834321692509774952607742957346357248.000000 202
0.349368 0.525509 2341761412896649326594928908424854007447552.000000 189
0.023973 0.872212 -216046858260888479712950584373712655482880.000000 184
0.062791 0.998027 -689733318955963714411192787050341209210880.000000 198
-0.062791 0.998027 4226201032424966069561207414918807245815808.000000 182
-0.089651 0.864346 -23735661069057059131656194871666995298828288.000000 166
0.023973 0.872212 -216046858260888479712950584373712655482880.000000 184
-0.062791 0.998027 4226201032424966069561207414918807245815808.000000 182
-0.187381 0.982287 22239178444092464630944700918043588662657024.000000 165
-0.089651 0.864346 -23735661069057059131656194871666995298828288.000000 166
-0.062791 0.998027 4226201032424966069561207414918807245815808.000000 182
-0.203275 0.856480 -4582506992044875864555985715809522901057536.000000 149
-0.109200 0.735914 86186591372361698100644792858070687156273152.000000 150
-0.089651 0.864346 -23735661069057059131656194871666995298828288.000000 166
0.000768 0.741156 37597209934431890916114585288172003070574592.000000 167
0.110736 0.746398 -16163961000582972763311659696531310783758336.000000 183
0.023973 0.872212 -216046858260888479712950584373712655482880.000000 184
0.219168 0.730672 -6788208048740340560909746434410642090754048.000000 187
0.110736 0.746398 -16163961000582972763311659696531310783758336.000000 183
0.072414 0.628453 55956773413288153182612303806191627535384576.000000 169
0.203275 0.856480 3874698588720805541138824765896660485144576.000000 200
0.187381 0.982287 -956609704721208866097800936733287099924480.000000 199
0.023973 0.872212 -216046858260888479712950584373712655482880.000000 184
0.187381 0.982287 -956609704721208866097800936733287099924480.000000 199
0.203275 0.856480 3874698588720805541138824765896660485144576.000000 200
0.309017 0.951057 -1490407517851917858770469253143625826566144.000000 214
-0.235061 0.604864 1338339104093901868988033345690580921649987584.000000 132
-0.250954 0.479057 -4280393181251540251116316616942389582180122624.000000 114
-0.108431 0.494783 584065061505158712078439970892900805118001152.000000 133
-0.109200 0.735914 86186591372361698100644792858070687156273152.000000 150
-0.203275 0.856480 -4582506992044875864555985715809522901057536.000000 149
-0.219168 0.730672 -149556991561608556685949899646405390869987328.000000 134
0.072414 0.628453 55956773413288153182612303806191627535384576.000000 169
0.000768 0.741156 37597209934431890916114585288172003070574592.000000 167
-0.081324 0.616659 -302736283763041202570297099154341527533125632.000000 152
0.000768 0.741156 37597209934431890916114585288172003070574592.000000 167
0.023973 0.872212 -216046858260888479712950584373712655482880.000000 184
-0.089651 0.864346 -23735661069057059131656194871666995298828288.000000 166
-0.219168 0.730672 -149556991561608556685949899646405390869987328.000000 134
-0.317582 0.777124 162665297895878209459746652222759545503481856.000000 131
-0.382682 0.674543 -642963781159514238332782139986097411727556608.000000 115
-0.108431 0.494783 584065061505158712078439970892900805118001152.000000 133
-0.081324 0.616659 -302736283763041202570297099154341527533125632.000000 152
-0.235061 0.604864 1338339104093901868988033345690580921649987584.000000 132
-0.203275 0.856480 -4582506992044875864555985715809522901057536.000000 149
-0.317582 0.777124 162665297895878209459746652222759545503481856.000000 131
-0.219168 0.730672 -149556991561608556685949899646405390869987328.000000 134
0.809017 0.587785 -47951977762522863909322968967508366721024.000000 235
0.708183 0.493222 -43528237099165699794952400967444314718208.000000 238
0.876307 0.481754 31232554411044693409430628560727248470016.000000 242
0.469331 -0.217723 -7110755934857476019720467029612068358586368.000000 178
0.443723 -0.339315 -14611622200220513800573208279293552798728192.000000 177
0.569181 -0.223917 3038845664277311731759565075857612270993408.000000 195
0.992115 -0.125333 21309347271180465271339881963177740599296.000000 243
0.903483 -0.146108 -55726279357772008923169451502848905838592.000000 239
0.968583 -0.248690 -2059648158138499223010664927479981932544.000000 241
0.992115 -0.125333 21309347271180465271339881963177740599296.000000 243
1.000000 -0.000000 27581578153883998388822840737601863811072.000000 240
0.903483 -0.146108 -55726279357772008923169451502848905838592.000000 239
-0.616669 -0.529062 -2548528603111087955718870122042289403709062381568.000000 25
-0.518255 -0.575515 429479220467916084772338994608825008417390198784.000000 36
-0.486789 -0.444362 117375226629687697924340567537015334374733774848.000000 38
-0.728969 -0.684547 -724019131398161961920347279607915761662202740736.000000 14
-0.658410 -0.623625 -96634648213858195866517087764412565797059166208.000000 24
-0.735953 -0.529892 3320319344237382243180893191907010343141757681664.000000 15
-0.433694 -0.622226 -52662109578359754163880674212675719222884564992.000000 37
-0.409886 -0.779019 19980377883704223637643644069109065134320386048.000000 45
-0.349134 -0.668938 17487768835038771045632081353778815034388905984.000000 51
-0.637424 -0.770513 155620323069531888438109738097583492143337439232.000000 19
-0.534148 -0.701322 -66850933412438111016615539759457587211389632512.000000 31
-0.658410 -0.623625 -96634648213858195866517087764412565797059166208.000000 24
-0.637424 -0.770513 155620323069531888438109738097583492143337439232.000000 19
-0.535827 -0.844328 -7236447720091259465589873215037298667021139968.000000 30
-0.534148 -0.701322 -66850933412438111016615539759457587211389632512.000000 31
0.664439 -0.453191 -541166788488280880118958355446639198470144.000000 197
0.736206 -0.299972 -1039704043337888459066597669320172511428608.000000 212
0.592925 -0.376490 3094219798019138373567677467049822779342848.000000 194
0.736206 -0.299972 -1039704043337888459066597669320172511428608.000000 212
0.792049 -0.172045 239296814278212022691345541674137309675520.000000 224
0.680615 -0.197981 -456672426576932184856715536515901759160320.000000 209
0.929776 -0.368125 -122399560385977547203995944271075090628608.000000 226
0.847640 -0.274036 107087441554972501203794761019817044475904.000000 227
0.791796 -0.401964 284718837061420307500910409146574179401728.000000 213
0.929776 -0.368125 -122399560385977547203995944271075090628608.000000 226
0.968583 -0.248690 -2059648158138499223010664927479981932544.000000 241
0.847640 -0.274036 107087441554972501203794761019817044475904.000000 227
0.715365 -0.101593 47238245990290554168580984692978267193344.000000 210
0.584401 -0.096754 -150227435549840888456385978811311793897472.000000 192
0.680615 -0.197981 -456672426576932184856715536515901759160320.000000 209
0.773283 0.059054 12126514590972978258658705382802567725056.000000 215
0.715365 -0.101593 47238245990290554168580984692978267193344.000000 210
0.838383 -0.043527 -40571405414895988878828788349764567564288.000000 225
0.662567 0.006795 71018382952402347654040083767425364918272.000000 201
0.708183 0.161636 -167827720931111922282940940831110090194944.000000 204
0.571666 0.141635 959330643736245390458513890676960368001024.000000 188
-0.592925 -0.376490 2338118477063656343975672169348591902836991721472.000000 33
-0.486789 -0.444362 117375226629687697924340567537015334374733774848.000000 38
-0.443723 -0.339315 -1074436349401984192154484657195069317332730904576.000000 48
-0.791796 -0.401964 -27716912208769623791029984074299970144731469447168.000000 10
-0.664439 -0.453191 12557039723556945750873389333108523115302107480064.000000 20
-0.680489 -0.312940 -26009874225926503464886496655148909832754060853248.000000 21
-0.616669 -0.529062 -2548528603111087955718870122042289403709062381568.000000 25
-0.486789 -0.444362 117375226629687697924340567537015334374733774848.000000 38
-0.592925 -0.376490 2338118477063656343975672169348591902836991721472.000000 33
-0.584401 -0.096754 2302716724730584177340504913138691914255455748096.000000 35
-0.569181 -0.223917 3032100060196052305960148473078362210489186910208.000000 34
-0.469331 -0.217723 -728484212809895783735084515569244766455665262592.000000 49
-0.680489 -0.312940 -26009874225926503464886496655148909832754060853248.000000 21
-0.847640 -0.274036 129942522427807330711206015867723905451271810711552.000000 11
-0.791796 -0.401964 -27716912208769623791029984074299970144731469447168.000000 10
-0.035536 -0.096906 311949795175307006525423471772734378892853248.000000 104
-0.119199 0.038730 -8030934816783992606400820723849473932222529536.000000 100
-0.157522 -0.079215 695106022166669769987370965062654194213715968.000000 85
-0.195844 -0.197159 -59469710430037989942656112576727878761202057216.000000 84
-0.064278 -0.185365 7964733059778250725754913398573695802948976640.000000 103
-0.157522 -0.079215 695106022166669769987370965062654194213715968.000000 85
0.196515 -0.037934 67520809360702964273314946229068604211462144.000000 140
0.314527 -0.024174 -15274355317483694612528291277318766844706816.000000 157
0.298634 0.101634 19349476675229491631652602932314268892135424.000000 156
0.125317 0.034143 -340041754926384655642615704526567845960613888.000000 128
0.196515 -0.037934 67520809360702964273314946229068604211462144.000000 140
0.172130 0.119981 -163952209987311369479593463870890308869816320.000000 137
-0.035536 -0.096906 311949795175307006525423471772734378892853248.000000 104
0.078503 -0.051694 -157365674711924143011096292896073119069896704.000000 122
0.020079 0.059698 1557729796187810606992734675662163559523024896.000000 118
-0.035536 -0.096906 311949795175307006525423471772734378892853248.000000 104
0.067288 -0.173570 -703574774228688698808782006418269012102217728.000000 121
0.078503 -0.051694 -157365674711924143011096292896073119069896704.000000 122
0.198854 -0.161776 57197436124797926355770396204812880322756608.000000 141
0.330420 -0.149981 -13533138479190230794650968872512884551188480.000000 160
0.196515 -0.037934 67520809360702964273314946229068604211462144.000000 140
0.078503 -0.051694 -157365674711924143011096292896073119069896704.000000 122
0.198854 -0.161776 57197436124797926355770396204812880322756608.000000 141
0.196515 -0.037934 67520809360702964273314946229068604211462144.000000 140
-0.001975 -0.299378 -4005213327031721227880602426835978475488149504.000000 107
0.114121 -0.291515 688989010812022424677762363320883691665752064.000000 124
0.067288 -0.173570 -703574774228688698808782006418269012102217728.000000 121
-0.065162 -0.389016 -2763171195671350382591199842932503134498455552.000000 106
-0.001975 -0.299378 -4005213327031721227880602426835978475488149504.000000 107
-0.118071 -0.307241 20903522394688456231818719157619525402784432128.000000 89
-0.145550 -0.426758 5842694036617443530807042184056480278400466944.000000 87
-0.065162 -0.389016 -2763171195671350382591199842932503134498455552.000000 106
-0.118071 -0.307241 20903522394688456231818719157619525402784432128.000000 89
-0.012254 -0.470791 363826427956611614947262562215583284627243008.000000 105
0.108328 -0.414177 847078495413093329049310168457415053581221888.000000 123
-0.065162 -0.389016 -2763171195671350382591199842932503134498455552.000000 106
-0.065162 -0.389016 -2763171195671350382591199842932503134498455552.000000 106
0.108328 -0.414177 847078495413093329049310168457415053581221888.000000 123
-0.001975 -0.299378 -4005213327031721227880602426835978475488149504.000000 107
0.441136 -0.097722 6311760098647371338895587013606917336465408.000000 175
0.314527 -0.024174 -15274355317483694612528291277318766844706816.000000 157
0.330420 -0.149981 -13533138479190230794650968872512884551188480.000000 160
-0.035536 -0.096906 311949795175307006525423471772734378892853248.000000 104
0.020079 0.059698 1557729796187810606992734675662163559523024896.000000 118
-0.119199 0.038730 -8030934816783992606400820723849473932222529536.000000 100
0.522968 0.251959 631373373850736195789379420972116776845312.000000 191
0.643082 0.264217 -239908335530812391694602555323395329753088.000000 206
0.577982 0.366799 -126781322937673519551322873257963552768000.000000 208
0.381154 0.273894 135029883349315060557984582606080656277504.000000 173
0.522968 0.251959 631373373850736195789379420972116776845312.000000 191
0.422415 0.360024 556897288377011625928520780851995398373376.000000 190
0.266847 0.353249 -6003464736265731450352789139580661509652480.000000 172
0.381154 0.273894 135029883349315060557984582606080656277504.000000 173
0.422415 0.360024 556897288377011625928520780851995398373376.000000 190
0.282741 0.227442 9261167895455631569109401104187310513061888.000000 155
0.298634 0.101634 19349476675229491631652602932314268892135424.000000 156
0.413450 0.155828 -4699154263455756736013773712360052357070848.000000 174
0.584401 -0.096754 -150227435549840888456385978811311793897472.000000 192
0.441136 -0.097722 6311760098647371338895587013606917336465408.000000 175
0.469331 -0.217723 -7110755934857476019720467029612068358586368.000000 178
0.381154 0.273894 135029883349315060557984582606080656277504.000000 173
0.413450 0.155828 -4699154263455756736013773712360052357070848.000000 174
0.522968 0.251959 631373373850736195789379420972116776845312.000000 191
0.298634 0.101634 19349476675229491631652602932314268892135424.000000 156
0.314527 -0.024174 -15274355317483694612528291277318766844706816.000000 157
0.445745 0.037763 -694441901206740152708458296621793540046848.000000 170
0.571666 0.141635 959330643736245390458513890676960368001024.000000 188
0.708183 0.161636 -167827720931111922282940940831110090194944.000000 204
0.643082 0.264217 -239908335530812391694602555323395329753088.000000 206
0.413450 0.155828 -4699154263455756736013773712360052357070848.000000 174
0.571666 0.141635 959330643736245390458513890676960368001024.000000 188
0.522968 0.251959 631373373850736195789379420972116776845312.000000 191
0.662567 0.006795 71018382952402347654040083767425364918272.000000 201
0.715365 -0.101593 47238245990290554168580984692978267193344.000000 210
0.773283 0.059054 12126514590972978258658705382802567725056.000000 215
0.708183 0.161636 -167827720931111922282940940831110090194944.000000 204
0.662567 0.006795 71018382952402347654040083767425364918272.000000 201
0.773283 0.059054 12126514590972978258658705382802567725056.000000 215
0.543905 0.017440 -1372749727211276429409333454425977813729280.000000 185
0.584401 -0.096754 -150227435549840888456385978811311793897472.000000 192
0.662567 0.006795 71018382952402347654040083767425364918272.000000 201
0.445745 0.037763 -694441901206740152708458296621793540046848.000000 170
0.543905 0.017440 -1372749727211276429409333454425977813729280.000000 185
0.571666 0.141635 959330643736245390458513890676960368001024.000000 188
0.445745 0.037763 -694441901206740152708458296621793540046848.000000 170
0.441136 -0.097722 6311760098647371338895587013606917336465408.000000 175
0.543905 0.017440 -1372749727211276429409333454425977813729280.000000 185
0.794983 0.245918 49927859146229757310914053445308871868416.000000 220
0.968583 0.248690 -21062561260680491770483204965616960143360.000000 230
0.929776 0.368125 -14361151617992820789452523365062468960256.000000 237
0.773283 0.059054 12126514590972978258658705382802567725056.000000 215
0.870933 0.153872 23421476122172606625478627220803706421248.000000 219
0.708183 0.161636 -167827720931111922282940940831110090194944.000000 204
0.773283 0.059054 12126514590972978258658705382802567725056.000000 215
0.915249 0.040903 -3570476140263265602224202678609104601088.000000 228
0.870933 0.153872 23421476122172606625478627220803706421248.000000 219
0.838383 -0.043527 -40571405414895988878828788349764567564288.000000 225
0.903483 -0.146108 -55726279357772008923169451502848905838592.000000 239
1.000000 -0.000000 27581578153883998388822840737601863811072.000000 240
0.584401 -0.096754 -150227435549840888456385978811311793897472.000000 192
0.569181 -0.223917 3038845664277311731759565075857612270993408.000000 195
0.680615 -0.197981 -456672426576932184856715536515901759160320.000000 209
0.662567 0.006795 71018382952402347654040083767425364918272.000000 201
0.584401 -0.096754 -150227435549840888456385978811311793897472.000000 192
0.715365 -0.101593 47238245990290554168580984692978267193344.000000 210
0.543905 0.017440 -1372749727211276429409333454425977813729280.000000 185
0.441136 -0.097722 6311760098647371338895587013606917336465408.000000 175
0.584401 -0.096754 -150227435549840888456385978811311793897472.000000 192
0.662567 0.006795 71018382952402347654040083767425364918272.000000 201
0.571666 0.141635 959330643736245390458513890676960368001024.000000 188
0.543905 0.017440 -1372749727211276429409333454425977813729280.000000 185
0.330420 -0.149981 -13533138479190230794650968872512884551188480.000000 160
0.346313 -0.275789 58956999221520012815686418661002388982202368.000000 161
0.469331 -0.217723 -7110755934857476019720467029612068358586368.000000 178
0.664439 -0.453191 -541166788488280880118958355446639198470144.000000 197
0.592925 -0.376490 3094219798019138373567677467049822779342848.000000 194
0.616669 -0.529062 899145838459825733423088660505570909880320.000000 181
0.735953 -0.529892 -43894225150157613613079007807601836556288.000000 196
0.664439 -0.453191 -541166788488280880118958355446639198470144.000000 197
0.616669 -0.529062 899145838459825733423088660505570909880320.000000 181
0.735953 -0.529892 -43894225150157613613079007807601836556288.000000 196
0.791796 -0.401964 284718837061420307500910409146574179401728.000000 213
0.664439 -0.453191 -541166788488280880118958355446639198470144.000000 197
0.838383 -0.043527 -40571405414895988878828788349764567564288.000000 225
0.715365 -0.101593 47238245990290554168580984692978267193344.000000 210
0.792049 -0.172045 239296814278212022691345541674137309675520.000000 224
0.443723 -0.339315 -14611622200220513800573208279293552798728192.000000 177
0.346313 -0.275789 58956999221520012815686418661002388982202368.000000 161
0.362206 -0.401597 50952242834013729751226315814079634474008576.000000 159
0.584401 -0.096754 -150227435549840888456385978811311793897472.000000 192
0.469331 -0.217723 -7110755934857476019720467029612068358586368.000000 178
0.569181 -0.223917 3038845664277311731759565075857612270993408.000000 195
0.441136 -0.097722 6311760098647371338895587013606917336465408.000000 175
0.330420 -0.149981 -13533138479190230794650968872512884551188480.000000 160
0.469331 -0.217723 -7110755934857476019720467029612068358586368.000000 178
0.915249 0.040903 -3570476140263265602224202678609104601088.000000 228
0.992115 0.125333 -7129853207130370771657103079583036473344.000000 233
0.870933 0.153872 23421476122172606625478627220803706421248.000000 219
0.219168 0.730672 -6788208048740340560909746434410642090754048.000000 187
0.360982 0.819266 650831572063872504024082373798419215941632.000000 203
0.203275 0.856480 3874698588720805541138824765896660485144576.000000 200
0.110736 0.746398 -16163961000582972763311659696531310783758336.000000 183
0.219168 0.730672 -6788208048740340560909746434410642090754048.000000 187
0.203275 0.856480 3874698588720805541138824765896660485144576.000000 200
0.235061 0.604864 -5149723031550382195889705051440714201694208.000000 186
0.382682 0.674543 1906404834321692509774952607742957346357248.000000 202
0.219168 0.730672 -6788208048740340560909746434410642090754048.000000 187
0.123361 0.435810 58924049657225311194863038947424557609254912.000000 154
-0.004231 0.392564 -258659220957898990874320898279309287522041856.000000 135
0.060580 0.300829 -80906658503364815574605210165599039588925440.000000 136
-0.081324 0.616659 -302736283763041202570297099154341527533125632.000000 152
-0.108431 0.494783 584065061505158712078439970892900805118001152.000000 133
0.034091 0.510509 -22801917482346759162348508512950018530869248.000000 151
0.000768 0.741156 37597209934431890916114585288172003070574592.000000 167
-0.109200 0.735914 86186591372361698100644792858070687156273152.000000 150
-0.081324 0.616659 -302736283763041202570297099154341527533125632.000000 152
0.110736 0.746398 -16163961000582972763311659696531310783758336.000000 183
0.000768 0.741156 37597209934431890916114585288172003070574592.000000 167
0.072414 0.628453 55956773413288153182612303806191627535384576.000000 169
0.110736 0.746398 -16163961000582972763311659696531310783758336.000000 183
0.203275 0.856480 3874698588720805541138824765896660485144576.000000 200
0.023973 0.872212 -216046858260888479712950584373712655482880.000000 184
-0.219168 0.730672 -149556991561608556685949899646405390869987328.000000 134
-0.235061 0.604864 1338339104093901868988033345690580921649987584.000000 132
-0.081324 0.616659 -302736283763041202570297099154341527533125632.000000 152
0.123361 0.435810 58924049657225311194863038947424557609254912.000000 154
0.163714 0.327039 -20602199575350015945015231039222197551890432.000000 153
0.266847 0.353249 -6003464736265731450352789139580661509652480.000000 172
0.235061 0.604864 -5149723031550382195889705051440714201694208.000000 186
0.134576 0.557687 -15346948581293275173761345035397266564710400.000000 168
0.250954 0.479057 -8280278108476743681681553293154541398654976.000000 171
0.034091 0.510509 -22801917482346759162348508512950018530869248.000000 151
-0.004231 0.392564 -258659220957898990874320898279309287522041856.000000 135
0.123361 0.435810 58924049657225311194863038947424557609254912.000000 154
0.382682 0.674543 1906404834321692509774952607742957346357248.000000 202
0.360982 0.819266 650831572063872504024082373798419215941632.000000 203
0.219168 0.730672 -6788208048740340560909746434410642090754048.000000 187
0.349368 0.525509 2341761412896649326594928908424854007447552.000000 189
0.382682 0.674543 1906404834321692509774952607742957346357248.000000 202
0.235061 0.604864 -5149723031550382195889705051440714201694208.000000 186
0.447782 0.571962 -692754245688821519730462971707933711138816.000000 205
0.534582 0.656244 -141913950857582210504488896987877469061120.000000 217
0.382682 0.674543 1906404834321692509774952607742957346357248.000000 202
-0.876307 0.481754 -34709982048090062470192926319816185197830864896.000000 40
-0.708183 0.493222 150645960815838407180423062958580458816127631360.000000 56
-0.809017 0.587785 -37493847179761888622138496797679186216950431744.000000 55
-0.389865 0.411315 20463578903938604336407275074380911531270340608.000000 95
-0.250954 0.479057 -4280393181251540251116316616942389582180122624.000000 114
-0.349368 0.525509 -4119568259559814643670081395457132325991612416.000000 113
-0.162647 0.251030 -4675139131587018575824761125464451658807246848.000000 99
-0.135539 0.372907 24492746851679013740474298661716153866387456.000000 116
-0.266847 0.353249 7420330153830460689328799138434532820324974592.000000 98
-0.298634 0.101634 -120745302032905756437154201987344273531587264512.000000 73
-0.189755 0.129154 14965113178345758328919789046228419241708617728.000000 93
-0.282741 0.227442 5221176257807478631342640050684744704616038400.000000 79
-0.042554 0.274619 1007257835806607284199577959293602735503441920.000000 117
-0.135539 0.372907 24492746851679013740474298661716153866387456.000000 116
-0.162647 0.251030 -4675139131587018575824761125464451658807246848.000000 99
-0.108431 0.494783 584065061505158712078439970892900805118001152.000000 133
-0.004231 0.392564 -258659220957898990874320898279309287522041856.000000 135
0.034091 0.510509 -22801917482346759162348508512950018530869248.000000 151
-0.282741 0.227442 5221176257807478631342640050684744704616038400.000000 79
-0.162647 0.251030 -4675139131587018575824761125464451658807246848.000000 99
-0.266847 0.353249 7420330153830460689328799138434532820324974592.000000 98
-0.042554 0.274619 1007257835806607284199577959293602735503441920.000000 117
-0.004231 0.392564 -258659220957898990874320898279309287522041856.000000 135
-0.135539 0.372907 24492746851679013740474298661716153866387456.000000 116
0.167922 0.223510 125049544785848343683560854676012885358936064.000000 147
0.172130 0.119981 -163952209987311369479593463870890308869816320.000000 137
0.282741 0.227442 9261167895455631569109401104187310513061888.000000 155
0.060580 0.300829 -80906658503364815574605210165599039588925440.000000 136
0.167922 0.223510 125049544785848343683560854676012885358936064.000000 147
0.163714 0.327039 -20602199575350015945015231039222197551890432.000000 153
0.040329 0.180264 -329362997818234090921735901088816236026920960.000000 129
0.172130 0.119981 -163952209987311369479593463870890308869816320.000000 137
0.167922 0.223510 125049544785848343683560854676012885358936064.000000 147
-0.080876 0.156675 -540571579477367653636527034344933234294390784.000000 110
0.040329 0.180264 -329362997818234090921735901088816236026920960.000000 129
-0.042554 0.274619 1007257835806607284199577959293602735503441920.000000 117
0.020079 0.059698 1557729796187810606992734675662163559523024896.000000 118
0.172130 0.119981 -163952209987311369479593463870890308869816320.000000 137
0.040329 0.180264 -329362997818234090921735901088816236026920960.000000 129
0.282741 0.227442 9261167895455631569109401104187310513061888.000000 155
0.266847 0.353249 -6003464736265731450352789139580661509652480.000000 172
0.163714 0.327039 -20602199575350015945015231039222197551890432.000000 153
-0.534582 0.656244 2750091985013647881743878922021113316904009728.000000 96
-0.535827 0.844328 -138328690816646477654222406318087418490650624.000000 111
-0.637424 0.770513 -3692124928653731171672893783530061830182404096.000000 94
0.847640 -0.274036 107087441554972501203794761019817044475904.000000 227
0.903483 -0.146108 -55726279357772008923169451502848905838592.000000 239
0.792049 -0.172045 239296814278212022691345541674137309675520.000000 224
0.968583 -0.248690 -2059648158138499223010664927479981932544.000000 241
0.903483 -0.146108 -55726279357772008923169451502848905838592.000000 239
0.847640 -0.274036 107087441554972501203794761019817044475904.000000 227
0.791796 -0.401964 284718837061420307500910409146574179401728.000000 213
0.735953 -0.529892 -43894225150157613613079007807601836556288.000000 196
0.876307 -0.481754 -71327451734199197131246579959078278135808.000000 211
0.929776 -0.368125 -122399560385977547203995944271075090628608.000000 226
0.791796 -0.401964 284718837061420307500910409146574179401728.000000 213
0.876307 -0.481754 -71327451734199197131246579959078278135808.000000 211
0.592925 -0.376490 3094219798019138373567677467049822779342848.000000 194
0.569181 -0.223917 3038845664277311731759565075857612270993408.000000 195
0.443723 -0.339315 -14611622200220513800573208279293552798728192.000000 177
0.616669 -0.529062 899145838459825733423088660505570909880320.000000 181
0.592925 -0.376490 3094219798019138373567677467049822779342848.000000 194
0.486789 -0.444362 -6872057845866068828894246980655094438035456.000000 176
0.736206 -0.299972 -1039704043337888459066597669320172511428608.000000 212
0.569181 -0.223917 3038845664277311731759565075857612270993408.000000 195
0.592925 -0.376490 3094219798019138373567677467049822779342848.000000 194
0.847640 -0.274036 107087441554972501203794761019817044475904.000000 227
0.736206 -0.299972 -1039704043337888459066597669320172511428608.000000 212
0.791796 -0.401964 284718837061420307500910409146574179401728.000000 213
0.680615 -0.197981 -456672426576932184856715536515901759160320.000000 209
0.569181 -0.223917 3038845664277311731759565075857612270993408.000000 195
0.736206 -0.299972 -1039704043337888459066597669320172511428608.000000 212
0.378100 -0.527404 3276125121969099823642407272795930200375296.000000 158
0.486789 -0.444362 -6872057845866068828894246980655094438035456.000000 176
0.362206 -0.401597 50952242834013729751226315814079634474008576.000000 159
0.518255 -0.575515 932459953678475781183434079598826181623808.000000 164
0.393993 -0.653212 -2175149222266944616336533130575779926638592.000000 146
0.515708 -0.711863 -418747571946284461426059605683817842475008.000000 162
0.486789 -0.444362 -6872057845866068828894246980655094438035456.000000 176
0.518255 -0.575515 932459953678475781183434079598826181623808.000000 164
0.616669 -0.529062 899145838459825733423088660505570909880320.000000 181
0.378100 -0.527404 3276125121969099823642407272795930200375296.000000 158
0.393993 -0.653212 -2175149222266944616336533130575779926638592.000000 146
0.518255 -0.575515 932459953678475781183434079598826181623808.000000 164
0.658410 -0.623625 -278614975159214413627170896589988684627968.000000 179
0.728969 -0.684547 21288631971070455118265963387878195068928.000000 180
0.735953 -0.529892 -43894225150157613613079007807601836556288.000000 196
0.196515 -0.037934 67520809360702964273314946229068604211462144.000000 140
0.330420 -0.149981 -13533138479190230794650968872512884551188480.000000 160
0.314527 -0.024174 -15274355317483694612528291277318766844706816.000000 157
-0.195844 -0.197159 -59469710430037989942656112576727878761202057216.000000 84
-0.118071 -0.307241 20903522394688456231818719157619525402784432128.000000 89
-0.064278 -0.185365 7964733059778250725754913398573695802948976640.000000 103
-0.118071 -0.307241 20903522394688456231818719157619525402784432128.000000 89
-0.234167 -0.315104 -60076329906461050779113487548567158774990635008.000000 70
-0.145550 -0.426758 5842694036617443530807042184056480278400466944.000000 87
0.210774 -0.256132 -80172581000539859119463700652260583964409856.000000 142
0.346313 -0.275789 58956999221520012815686418661002388982202368.000000 161
0.330420 -0.149981 -13533138479190230794650968872512884551188480.000000 160
0.210774 -0.256132 -80172581000539859119463700652260583964409856.000000 142
0.235267 -0.407887 -235156615028948393263247457586219754765418496.000000 143
0.346313 -0.275789 58956999221520012815686418661002388982202368.000000 161
0.067288 -0.173570 -703574774228688698808782006418269012102217728.000000 121
0.114121 -0.291515 688989010812022424677762363320883691665752064.000000 124
0.198854 -0.161776 57197436124797926355770396204812880322756608.000000 141
0.108328 -0.414177 847078495413093329049310168457415053581221888.000000 123
0.114121 -0.291515 688989010812022424677762363320883691665752064.000000 124
-0.001975 -0.299378 -4005213327031721227880602426835978475488149504.000000 107
0.247982 -0.508533 -97014972804276762940301934901126030923137024.000000 139
0.362206 -0.401597 50952242834013729751226315814079634474008576.000000 159
0.235267 -0.407887 -235156615028948393263247457586219754765418496.000000 143
0.443723 -0.339315 -14611622200220513800573208279293552798728192.000000 177
0.486789 -0.444362 -6872057845866068828894246980655094438035456.000000 176
0.592925 -0.376490 3094219798019138373567677467049822779342848.000000 194
0.346313 -0.275789 58956999221520012815686418661002388982202368.000000 161
0.443723 -0.339315 -14611622200220513800573208279293552798728192.000000 177
0.469331 -0.217723 -7110755934857476019720467029612068358586368.000000 178
0.362206 -0.401597 50952242834013729751226315814079634474008576.000000 159
0.486789 -0.444362 -6872057845866068828894246980655094438035456.000000 176
0.443723 -0.339315 -14611622200220513800573208279293552798728192.000000 177
0.518255 -0.575515 932459953678475781183434079598826181623808.000000 164
0.658410 -0.623625 -278614975159214413627170896589988684627968.000000 179
0.616669 -0.529062 899145838459825733423088660505570909880320.000000 181
0.735953 -0.529892 -43894225150157613613079007807601836556288.000000 196
0.809017 -0.587785 34395960565546207342039730260502533636096.000000 193
0.876307 -0.481754 -71327451734199197131246579959078278135808.000000 211
0.616669 -0.529062 899145838459825733423088660505570909880320.000000 181
0.658410 -0.623625 -278614975159214413627170896589988684627968.000000 179
0.735953 -0.529892 -43894225150157613613079007807601836556288.000000 196
0.791796 -0.401964 284718837061420307500910409146574179401728.000000 213
0.736206 -0.299972 -1039704043337888459066597669320172511428608.000000 212
0.664439 -0.453191 -541166788488280880118958355446639198470144.000000 197
0.486789 -0.444362 -6872057845866068828894246980655094438035456.000000 176
0.378100 -0.527404 3276125121969099823642407272795930200375296.000000 158
0.518255 -0.575515 932459953678475781183434079598826181623808.000000 164
0.728969 -0.684547 21288631971070455118265963387878195068928.000000 180
0.809017 -0.587785 34395960565546207342039730260502533636096.000000 193
0.735953 -0.529892 -43894225150157613613079007807601836556288.000000 196
0.847640 -0.274036 107087441554972501203794761019817044475904.000000 227
0.792049 -0.172045 239296814278212022691345541674137309675520.000000 224
0.736206 -0.299972 -1039704043337888459066597669320172511428608.000000 212
0.838383 -0.043527 -40571405414895988878828788349764567564288.000000 225
0.792049 -0.172045 239296814278212022691345541674137309675520.000000 224
0.903483 -0.146108 -55726279357772008923169451502848905838592.000000 239
0.715365 -0.101593 47238245990290554168580984692978267193344.000000 210
0.680615 -0.197981 -456672426576932184856715536515901759160320.000000 209
0.792049 -0.172045 239296814278212022691345541674137309675520.000000 224
1.000000 -0.000000 27581578153883998388822840737601863811072.000000 240
0.992115 0.125333 -7129853207130370771657103079583036473344.000000 233
0.915249 0.040903 -3570476140263265602224202678609104601088.000000 228
0.295977 -0.844070 2531399212731859265593600986842060407439360.000000 125
0.177179 -0.862891 16658469528385407159181344738284720080551936.000000 109
0.309017 -0.951057 -4662818714980159462088108876942725416484864.000000 108
0.425779 -0.904827 -1699247978760266950352879772468919010328576.000000 126
0.295977 -0.844070 2531399212731859265593600986842060407439360.000000 125
0.309017 -0.951057 -4662818714980159462088108876942725416484864.000000 108
0.282937 -0.737084 -28879614434185597641013817440285640517222400.000000 127
0.177179 -0.862891 16658469528385407159181344738284720080551936.000000 109
0.295977 -0.844070 2531399212731859265593600986842060407439360.000000 125
0.062791 -0.998027 -63838297504439187367426769673157262400552960.000000 72
0.060826 -0.904827 39141423407391389514159706722145353890529280.000000 91
-0.062791 -0.998027 185011326286357162364173451767480718475657216.000000 71
-0.272489 -0.433048 5543386354329142694344798464241525586911035392.000000 67
-0.234167 -0.315104 -60076329906461050779113487548567158774990635008.000000 70
-0.362206 -0.401597 120781406403913393718634575532740489674103980032.000000 53
-0.349134 -0.668938 17487768835038771045632081353778815034388905984.000000 51
-0.166657 -0.668938 -4488914813898650273004473152458229613512884224.000000 68
-0.219573 -0.550993 13396739032300750814671741931940571615626002432.000000 69
-0.005837 -0.810471 -207543746104421968054746347889530233876905984.000000 101
-0.060826 -0.904827 -157487116053491458867430414466284470031876096.000000 82
0.060826 -0.904827 39141423407391389514159706722145353890529280.000000 91
0.177179 -0.862891 16658469528385407159181344738284720080551936.000000 109
-0.005837 -0.810471 -207543746104421968054746347889530233876905984.000000 101
0.060826 -0.904827 39141423407391389514159706722145353890529280.000000 91
-0.072500 -0.716116 431091159274243048705480605966677537913307136.000000 83
-0.156928 -0.826197 1427121320794155993000708961030706904235507712.000000 81
-0.005837 -0.810471 -207543746104421968054746347889530233876905984.000000 101
-0.272489 -0.433048 5543386354329142694344798464241525586911035392.000000 67
-0.219573 -0.550993 13396739032300750814671741931940571615626002432.000000 69
-0.145550 -0.426758 5842694036617443530807042184056480278400466944.000000 87
-0.321429 -0.833823 -2363518504617462324578584274245314643499155456.000000 46
-0.409886 -0.779019 19980377883704223637643644069109065134320386048.000000 45
-0.425779 -0.904827 -4871018210272567596887378966061904922398425088.000000 32
-0.232973 -0.888627 1360801475130457959726720183774372369761566720.000000 62
-0.321429 -0.833823 -2363518504617462324578584274245314643499155456.000000 46
-0.309017 -0.951057 1511173306572810651865592878505103889092575232.000000 47
-0.232973 -0.888627 1360801475130457959726720183774372369761566720.000000 62
-0.253031 -0.747568 -5967784182153748947153926887069136927370248192.000000 61
-0.321429 -0.833823 -2363518504617462324578584274245314643499155456.000000 46
-0.166657 -0.668938 -4488914813898650273004473152458229613512884224.000000 68
-0.253031 -0.747568 -5967784182153748947153926887069136927370248192.000000 61
-0.156928 -0.826197 1427121320794155993000708961030706904235507712.000000 81
-0.349134 -0.668938 17487768835038771045632081353778815034388905984.000000 51
-0.409886 -0.779019 19980377883704223637643644069109065134320386048.000000 45
-0.253031 -0.747568 -5967784182153748947153926887069136927370248192.000000 61
0.187381 -0.982287 -8449466354222739684111454694208853642313728.000000 90
0.060826 -0.904827 39141423407391389514159706722145353890529280.000000 91
0.062791 -0.998027 -63838297504439187367426769673157262400552960.000000 72
0.235267 -0.407887 -235156615028948393263247457586219754765418496.000000 143
0.362206 -0.401597 50952242834013729751226315814079634474008576.000000 159
0.346313 -0.275789 58956999221520012815686418661002388982202368.000000 161
0.298781 -0.621760 38478030320381101976660055356059551214338048.000000 138
0.378100 -0.527404 3276125121969099823642407272795930200375296.000000 158
0.247982 -0.508533 -97014972804276762940301934901126030923137024.000000 139
0.518255 -0.575515 932459953678475781183434079598826181623808.000000 164
0.515708 -0.711863 -418747571946284461426059605683817842475008.000000 162
0.658410 -0.623625 -278614975159214413627170896589988684627968.000000 179
0.298781 -0.621760 38478030320381101976660055356059551214338048.000000 138
0.393993 -0.653212 -2175149222266944616336533130575779926638592.000000 146
0.378100 -0.527404 3276125121969099823642407272795930200375296.000000 158
0.141155 -0.577727 -187550734670252575800078980353335698716098560.000000 120
0.164458 -0.730094 106887101790587670881009135292828889819119616.000000 119
0.298781 -0.621760 38478030320381101976660055356059551214338048.000000 138
0.108328 -0.414177 847078495413093329049310168457415053581221888.000000 123
0.141155 -0.577727 -187550734670252575800078980353335698716098560.000000 120
0.247982 -0.508533 -97014972804276762940301934901126030923137024.000000 139
0.034327 -0.646921 -208904587371891738932284918434848143187116032.000000 102
0.164458 -0.730094 106887101790587670881009135292828889819119616.000000 119
0.141155 -0.577727 -187550734670252575800078980353335698716098560.000000 120
0.108328 -0.414177 847078495413093329049310168457415053581221888.000000 123
-0.012254 -0.470791 363826427956611614947262562215583284627243008.000000 105
0.141155 -0.577727 -187550734670252575800078980353335698716098560.000000 120
-0.072500 -0.716116 431091159274243048705480605966677537913307136.000000 83
-0.005837 -0.810471 -207543746104421968054746347889530233876905984.000000 101
0.034327 -0.646921 -208904587371891738932284918434848143187116032.000000 102
0.282937 -0.737084 -28879614434185597641013817440285640517222400.000000 127
0.393993 -0.653212 -2175149222266944616336533130575779926638592.000000 146
0.298781 -0.621760 38478030320381101976660055356059551214338048.000000 138
-0.005837 -0.810471 -207543746104421968054746347889530233876905984.000000 101
0.177179 -0.862891 16658469528385407159181344738284720080551936.000000 109
0.164458 -0.730094 106887101790587670881009135292828889819119616.000000 119
0.187381 -0.982287 -8449466354222739684111454694208853642313728.000000 90
0.177179 -0.862891 16658469528385407159181344738284720080551936.000000 109
0.060826 -0.904827 39141423407391389514159706722145353890529280.000000 91
0.187381 -0.982287 -8449466354222739684111454694208853642313728.000000 90
0.309017 -0.951057 -4662818714980159462088108876942725416484864.000000 108
0.177179 -0.862891 16658469528385407159181344738284720080551936.000000 109
0.409886 -0.779019 5194758812028764857784131632424915790987264.000000 144
0.393993 -0.653212 -2175149222266944616336533130575779926638592.000000 146
0.282937 -0.737084 -28879614434185597641013817440285640517222400.000000 127
0.515708 -0.711863 -418747571946284461426059605683817842475008.000000 162
0.637424 -0.770513 475385609390149499504514392159377432772608.000000 163
0.658410 -0.623625 -278614975159214413627170896589988684627968.000000 179
0.409886 -0.779019 5194758812028764857784131632424915790987264.000000 144
0.515708 -0.711863 -418747571946284461426059605683817842475008.000000 162
0.393993 -0.653212 -2175149222266944616336533130575779926638592.000000 146
0.409886 -0.779019 5194758812028764857784131632424915790987264.000000 144
0.535827 -0.844328 -1396371889720158794742478162397522307317760.000000 145
0.515708 -0.711863 -418747571946284461426059605683817842475008.000000 162
0.425779 -0.904827 -1699247978760266950352879772468919010328576.000000 126
0.409886 -0.779019 5194758812028764857784131632424915790987264.000000 144
0.295977 -0.844070 2531399212731859265593600986842060407439360.000000 125
-0.065162 -0.389016 -2763171195671350382591199842932503134498455552.000000 106
-0.145550 -0.426758 5842694036617443530807042184056480278400466944.000000 87
-0.115913 -0.510892 -2056128457177877369294508639431957723746402304.000000 88
-0.272489 -0.433048 5543386354329142694344798464241525586911035392.000000 67
-0.145550 -0.426758 5842694036617443530807042184056480278400466944.000000 87
-0.234167 -0.315104 -60076329906461050779113487548567158774990635008.000000 70
-0.219573 -0.550993 13396739032300750814671741931940571615626002432.000000 69
-0.378100 -0.527404 -90856926521615744964946565182019152101351882752.000000 52
-0.349134 -0.668938 17487768835038771045632081353778815034388905984.000000 51
-0.072500 -0.716116 431091159274243048705480605966677537913307136.000000 83
-0.042377 -0.593453 1375289780424623112314146549524373460542816256.000000 86
-0.166657 -0.668938 -4488914813898650273004473152458229613512884224.000000 68
-0.272489 -0.433048 5543386354329142694344798464241525586911035392.000000 67
-0.378100 -0.527404 -90856926521615744964946565182019152101351882752.000000 52
-0.219573 -0.550993 13396739032300750814671741931940571615626002432.000000 69
0.535827 -0.844328 -1396371889720158794742478162397522307317760.000000 145
0.409886 -0.779019 5194758812028764857784131632424915790987264.000000 144
0.425779 -0.904827 -1699247978760266950352879772468919010328576.000000 126
0.535827 -0.844328 -1396371889720158794742478162397522307317760.000000 145
0.637424 -0.770513 475385609390149499504514392159377432772608.000000 163
0.515708 -0.711863 -418747571946284461426059605683817842475008.000000 162
0.409886 -0.779019 5194758812028764857784131632424915790987264.000000 144
0.282937 -0.737084 -28879614434185597641013817440285640517222400.000000 127
0.295977 -0.844070 2531399212731859265593600986842060407439360.000000 125
0.637424 -0.770513 475385609390149499504514392159377432772608.000000 163
0.728969 -0.684547 21288631971070455118265963387878195068928.000000 180
0.658410 -0.623625 -278614975159214413627170896589988684627968.000000 179
-0.309017 0.951057 -82735323175031498792887272834068624227434496.000000 148
-0.203275 0.856480 -4582506992044875864555985715809522901057536.000000 149
-0.187381 0.982287 22239178444092464630944700918043588662657024.000000 165
-0.109200 0.735914 86186591372361698100644792858070687156273152.000000 150
-0.219168 0.730672 -149556991561608556685949899646405390869987328.000000 134
-0.081324 0.616659 -302736283763041202570297099154341527533125632.000000 152
-0.187381 0.982287 22239178444092464630944700918043588662657024.000000 165
-0.203275 0.856480 -4582506992044875864555985715809522901057536.000000 149
-0.089651 0.864346 -23735661069057059131656194871666995298828288.000000 166
-0.219168 0.730672 -149556991561608556685949899646405390869987328.000000 134
-0.382682 0.674543 -642963781159514238332782139986097411727556608.000000 115
-0.235061 0.604864 1338339104093901868988033345690580921649987584.000000 132
-0.089651 0.864346 -23735661069057059131656194871666995298828288.000000 166
-0.109200 0.735914 86186591372361698100644792858070687156273152.000000 150
0.000768 0.741156 37597209934431890916114585288172003070574592.000000 167
-0.253031 -0.747568 -5967784182153748947153926887069136927370248192.000000 61
-0.166657 -0.668938 -4488914813898650273004473152458229613512884224.000000 68
-0.349134 -0.668938 17487768835038771045632081353778815034388905984.000000 51
-0.060826 -0.904827 -157487116053491458867430414466284470031876096.000000 82
-0.156928 -0.826197 1427121320794155993000708961030706904235507712.000000 81
-0.187381 -0.982287 -804767564665609988108681238698447519891849216.000000 63
-0.060826 -0.904827 -157487116053491458867430414466284470031876096.000000 82
-0.005837 -0.810471 -207543746104421968054746347889530233876905984.000000 101
-0.156928 -0.826197 1427121320794155993000708961030706904235507712.000000 81
-0.232973 -0.888627 1360801475130457959726720183774372369761566720.000000 62
-0.156928 -0.826197 1427121320794155993000708961030706904235507712.000000 81
-0.253031 -0.747568 -5967784182153748947153926887069136927370248192.000000 61
-0.187381 -0.982287 -804767564665609988108681238698447519891849216.000000 63
-0.232973 -0.888627 1360801475130457959726720183774372369761566720.000000 62
-0.309017 -0.951057 1511173306572810651865592878505103889092575232.000000 47
-0.187381 -0.982287 -804767564665609988108681238698447519891849216.000000 63
-0.156928 -0.826197 1427121320794155993000708961030706904235507712.000000 81
-0.232973 -0.888627 1360801475130457959726720183774372369761566720.000000 62
-0.062791 -0.998027 185011326286357162364173451767480718475657216.000000 71
-0.060826 -0.904827 -157487116053491458867430414466284470031876096.000000 82
-0.187381 -0.982287 -804767564665609988108681238698447519891849216.000000 63
-0.042377 -0.593453 1375289780424623112314146549524373460542816256.000000 86
-0.072500 -0.716116 431091159274243048705480605966677537913307136.000000 83
0.034327 -0.646921 -208904587371891738932284918434848143187116032.000000 102
-0.012254 -0.470791 363826427956611614947262562215583284627243008.000000 105
-0.042377 -0.593453 1375289780424623112314146549524373460542816256.000000 86
0.034327 -0.646921 -208904587371891738932284918434848143187116032.000000 102
-0.115913 -0.510892 -2056128457177877369294508639431957723746402304.000000 88
-0.166657 -0.668938 -4488914813898650273004473152458229613512884224.000000 68
-0.042377 -0.593453 1375289780424623112314146549524373460542816256.000000 86
-0.518255 -0.575515 429479220467916084772338994608825008417390198784.000000 36
-0.616669 -0.529062 -2548528603111087955718870122042289403709062381568.000000 25
-0.658410 -0.623625 -96634648213858195866517087764412565797059166208.000000 24
-0.433694 -0.622226 -52662109578359754163880674212675719222884564992.000000 37
-0.518255 -0.575515 429479220467916084772338994608825008417390198784.000000 36
-0.534148 -0.701322 -66850933412438111016615539759457587211389632512.000000 31
-0.409886 -0.779019 19980377883704223637643644069109065134320386048.000000 45
-0.433694 -0.622226 -52662109578359754163880674212675719222884564992.000000 37
-0.534148 -0.701322 -66850933412438111016615539759457587211389632512.000000 31
-0.349134 -0.668938 17487768835038771045632081353778815034388905984.000000 51
-0.378100 -0.527404 -90856926521615744964946565182019152101351882752.000000 52
-0.433694 -0.622226 -52662109578359754163880674212675719222884564992.000000 37
-0.378100 -0.527404 -90856926521615744964946565182019152101351882752.000000 52
-0.486789 -0.444362 117375226629687697924340567537015334374733774848.000000 38
-0.518255 -0.575515 429479220467916084772338994608825008417390198784.000000 36
0.060826 -0.904827 39141423407391389514159706722145353890529280.000000 91
-0.060826 -0.904827 -157487116053491458867430414466284470031876096.000000 82
-0.062791 -0.998027 185011326286357162364173451767480718475657216.000000 71
-0.534148 -0.701322 -66850933412438111016615539759457587211389632512.000000 31
-0.535827 -0.844328 -7236447720091259465589873215037298667021139968.000000 30
-0.409886 -0.779019 19980377883704223637643644069109065134320386048.000000 45
-0.486789 -0.444362 117375226629687697924340567537015334374733774848.000000 38
-0.378100 -0.527404 -90856926521615744964946565182019152101351882752.000000 52
-0.362206 -0.401597 120781406403913393718634575532740489674103980032.000000 53
-0.728969 -0.684547 -724019131398161961920347279607915761662202740736.000000 14
-0.637424 -0.770513 155620323069531888438109738097583492143337439232.000000 19
-0.658410 -0.623625 -96634648213858195866517087764412565797059166208.000000 24
-0.321429 -0.833823 -2363518504617462324578584274245314643499155456.000000 46
-0.253031 -0.747568 -5967784182153748947153926887069136927370248192.000000 61
-0.409886 -0.779019 19980377883704223637643644069109065134320386048.000000 45
-0.346313 -0.275789 256827971521348071284930585440884410433803386880.000000 64
-0.362206 -0.401597 120781406403913393718634575532740489674103980032.000000 53
-0.234167 -0.315104 -60076329906461050779113487548567158774990635008.000000 70
-0.195844 -0.197159 -59469710430037989942656112576727878761202057216.000000 84
-0.346313 -0.275789 256827971521348071284930585440884410433803386880.000000 64
-0.234167 -0.315104 -60076329906461050779113487548567158774990635008.000000 70
-0.658594 0.038247 8742300090187266939811898362755053633687775084544.000000 29
-0.584401 -0.096754 2302716724730584177340504913138691914255455748096.000000 35
-0.515073 -0.029496 -2284195628587745729663512893217062616793945735168.000000 39
-0.330420 -0.149981 103846837109586206511416179818828802159475163136.000000 66
-0.441136 -0.097722 -54242745497230349990748001470790450608494084096.000000 50
-0.469331 -0.217723 -728484212809895783735084515569244766455665262592.000000 49
-0.330420 -0.149981 103846837109586206511416179818828802159475163136.000000 66
-0.314527 -0.024174 -100089436413609992442946135034553160124627681280.000000 65
-0.441136 -0.097722 -54242745497230349990748001470790450608494084096.000000 50
-0.321429 -0.833823 -2363518504617462324578584274245314643499155456.000000 46
-0.425779 -0.904827 -4871018210272567596887378966061904922398425088.000000 32
-0.309017 -0.951057 1511173306572810651865592878505103889092575232.000000 47
-0.378100 -0.527404 -90856926521615744964946565182019152101351882752.000000 52
-0.518255 -0.575515 429479220467916084772338994608825008417390198784.000000 36
-0.433694 -0.622226 -52662109578359754163880674212675719222884564992.000000 37
-0.535827 -0.844328 -7236447720091259465589873215037298667021139968.000000 30
-0.425779 -0.904827 -4871018210272567596887378966061904922398425088.000000 32
-0.409886 -0.779019 19980377883704223637643644069109065134320386048.000000 45
0.298634 0.101634 19349476675229491631652602932314268892135424.000000 156
0.172130 0.119981 -163952209987311369479593463870890308869816320.000000 137
0.196515 -0.037934 67520809360702964273314946229068604211462144.000000 140
-0.216863 0.007278 44222555822662963754950321707051644727047749632.000000 80
-0.157522 -0.079215 695106022166669769987370965062654194213715968.000000 85
-0.119199 0.038730 -8030934816783992606400820723849473932222529536.000000 100
0.198854 -0.161776 57197436124797926355770396204812880322756608.000000 141
0.210774 -0.256132 -80172581000539859119463700652260583964409856.000000 142
0.330420 -0.149981 -13533138479190230794650968872512884551188480.000000 160
-0.118071 -0.307241 20903522394688456231818719157619525402784432128.000000 89
-0.195844 -0.197159 -59469710430037989942656112576727878761202057216.000000 84
-0.234167 -0.315104 -60076329906461050779113487548567158774990635008.000000 70
0.114121 -0.291515 688989010812022424677762363320883691665752064.000000 124
0.235267 -0.407887 -235156615028948393263247457586219754765418496.000000 143
0.210774 -0.256132 -80172581000539859119463700652260583964409856.000000 142
0.114121 -0.291515 688989010812022424677762363320883691665752064.000000 124
0.108328 -0.414177 847078495413093329049310168457415053581221888.000000 123
0.235267 -0.407887 -235156615028948393263247457586219754765418496.000000 143
0.198854 -0.161776 57197436124797926355770396204812880322756608.000000 141
0.114121 -0.291515 688989010812022424677762363320883691665752064.000000 124
0.210774 -0.256132 -80172581000539859119463700652260583964409856.000000 142
0.067288 -0.173570 -703574774228688698808782006418269012102217728.000000 121
-0.064278 -0.185365 7964733059778250725754913398573695802948976640.000000 103
-0.001975 -0.299378 -4005213327031721227880602426835978475488149504.000000 107
-0.012254 -0.470791 363826427956611614947262562215583284627243008.000000 105
0.034327 -0.646921 -208904587371891738932284918434848143187116032.000000 102
0.141155 -0.577727 -187550734670252575800078980353335698716098560.000000 120
-0.064278 -0.185365 7964733059778250725754913398573695802948976640.000000 103
-0.035536 -0.096906 311949795175307006525423471772734378892853248.000000 104
-0.157522 -0.079215 695106022166669769987370965062654194213715968.000000 85
-0.001975 -0.299378 -4005213327031721227880602426835978475488149504.000000 107
-0.064278 -0.185365 7964733059778250725754913398573695802948976640.000000 103
-0.118071 -0.307241 20903522394688456231818719157619525402784432128.000000 89
0.067288 -0.173570 -703574774228688698808782006418269012102217728.000000 121
-0.035536 -0.096906 311949795175307006525423471772734378892853248.000000 104
-0.064278 -0.185365 7964733059778250725754913398573695802948976640.000000 103
-0.330420 -0.149981 103846837109586206511416179818828802159475163136.000000 66
-0.195844 -0.197159 -59469710430037989942656112576727878761202057216.000000 84
-0.157522 -0.079215 695106022166669769987370965062654194213715968.000000 85
-0.330420 -0.149981 103846837109586206511416179818828802159475163136.000000 66
-0.346313 -0.275789 256827971521348071284930585440884410433803386880.000000 64
-0.195844 -0.197159 -59469710430037989942656112576727878761202057216.000000 84
-0.658594 0.038247 8742300090187266939811898362755053633687775084544.000000 29
-0.576964 0.099699 -1383572147995010681451173426878072523205734563840.000000 44
-0.708183 0.161636 3166351447165950988652192998376226292058483064832.000000 28
-0.838383 -0.043527 145443167389177054617147917927496438096007287275520.000000 12
-0.715365 -0.101593 -26964342422115277034229805931805597336787490963456.000000 23
-0.773283 0.059054 -22427657225223241049698124963691594309003982667776.000000 18
-0.584401 -0.096754 2302716724730584177340504913138691914255455748096.000000 35
-0.469331 -0.217723 -728484212809895783735084515569244766455665262592.000000 49
-0.441136 -0.097722 -54242745497230349990748001470790450608494084096.000000 50
-0.715365 -0.101593 -26964342422115277034229805931805597336787490963456.000000 23
-0.584401 -0.096754 2302716724730584177340504913138691914255455748096.000000 35
-0.658594 0.038247 8742300090187266939811898362755053633687775084544.000000 29
-0.773283 0.059054 -22427657225223241049698124963691594309003982667776.000000 18
-0.715365 -0.101593 -26964342422115277034229805931805597336787490963456.000000 23
-0.658594 0.038247 8742300090187266939811898362755053633687775084544.000000 29
-0.680615 -0.197981 3443142479051729222675780241842501455269217697792.000000 22
-0.569181 -0.223917 3032100060196052305960148473078362210489186910208.000000 34
-0.584401 -0.096754 2302716724730584177340504913138691914255455748096.000000 35
-0.792049 -0.172045 31244505662958645600814167113312452332413624778752.000000 13
-0.680615 -0.197981 3443142479051729222675780241842501455269217697792.000000 22
-0.715365 -0.101593 -26964342422115277034229805931805597336787490963456.000000 23
-0.792049 -0.172045 31244505662958645600814167113312452332413624778752.000000 13
-0.847640 -0.274036 129942522427807330711206015867723905451271810711552.000000 11
-0.680489 -0.312940 -26009874225926503464886496655148909832754060853248.000000 21
-0.715365 -0.101593 -26964342422115277034229805931805597336787490963456.000000 23
-0.680615 -0.197981 3443142479051729222675780241842501455269217697792.000000 22
-0.584401 -0.096754 2302716724730584177340504913138691914255455748096.000000 35
-0.838383 -0.043527 145443167389177054617147917927496438096007287275520.000000 12
-0.792049 -0.172045 31244505662958645600814167113312452332413624778752.000000 13
-0.715365 -0.101593 -26964342422115277034229805931805597336787490963456.000000 23
-0.314527 -0.024174 -100089436413609992442946135034553160124627681280.000000 65
-0.298634 0.101634 -120745302032905756437154201987344273531587264512.000000 73
-0.445745 0.037763 546578948936519509349363467773290591094694739968.000000 54
-0.680489 -0.312940 -26009874225926503464886496655148909832754060853248.000000 21
-0.592925 -0.376490 2338118477063656343975672169348591902836991721472.000000 33
-0.569181 -0.223917 3032100060196052305960148473078362210489186910208.000000 34
-0.569181 -0.223917 3032100060196052305960148473078362210489186910208.000000 34
-0.592925 -0.376490 2338118477063656343975672169348591902836991721472.000000 33
-0.443723 -0.339315 -1074436349401984192154484657195069317332730904576.000000 48
-0.658410 -0.623625 -96634648213858195866517087764412565797059166208.000000 24
-0.616669 -0.529062 -2548528603111087955718870122042289403709062381568.000000 25
-0.735953 -0.529892 3320319344237382243180893191907010343141757681664.000000 15
-0.658410 -0.623625 -96634648213858195866517087764412565797059166208.000000 24
-0.534148 -0.701322 -66850933412438111016615539759457587211389632512.000000 31
-0.518255 -0.575515 429479220467916084772338994608825008417390198784.000000 36
-0.443723 -0.339315 -1074436349401984192154484657195069317332730904576.000000 48
-0.469331 -0.217723 -728484212809895783735084515569244766455665262592.000000 49
-0.569181 -0.223917 3032100060196052305960148473078362210489186910208.000000 34
-0.362206 -0.401597 120781406403913393718634575532740489674103980032.000000 53
-0.443723 -0.339315 -1074436349401984192154484657195069317332730904576.000000 48
-0.486789 -0.444362 117375226629687697924340567537015334374733774848.000000 38
-0.362206 -0.401597 120781406403913393718634575532740489674103980032.000000 53
-0.346313 -0.275789 256827971521348071284930585440884410433803386880.000000 64
-0.443723 -0.339315 -1074436349401984192154484657195069317332730904576.000000 48
0.247982 -0.508533 -97014972804276762940301934901126030923137024.000000 139
0.141155 -0.577727 -187550734670252575800078980353335698716098560.000000 120
0.298781 -0.621760 38478030320381101976660055356059551214338048.000000 138
-0.156928 -0.826197 1427121320794155993000708961030706904235507712.000000 81
-0.072500 -0.716116 431091159274243048705480605966677537913307136.000000 83
-0.166657 -0.668938 -4488914813898650273004473152458229613512884224.000000 68
0.164458 -0.730094 106887101790587670881009135292828889819119616.000000 119
0.177179 -0.862891 16658469528385407159181344738284720080551936.000000 109
0.282937 -0.737084 -28879614434185597641013817440285640517222400.000000 127
0.298781 -0.621760 38478030320381101976660055356059551214338048.000000 138
0.164458 -0.730094 106887101790587670881009135292828889819119616.000000 119
0.282937 -0.737084 -28879614434185597641013817440285640517222400.000000 127
0.034327 -0.646921 -208904587371891738932284918434848143187116032.000000 102
-0.005837 -0.810471 -207543746104421968054746347889530233876905984.000000 101
0.164458 -0.730094 106887101790587670881009135292828889819119616.000000 119
0.108328 -0.414177 847078495413093329049310168457415053581221888.000000 123
0.247982 -0.508533 -97014972804276762940301934901126030923137024.000000 139
0.235267 -0.407887 -235156615028948393263247457586219754765418496.000000 143
-0.115913 -0.510892 -2056128457177877369294508639431957723746402304.000000 88
-0.012254 -0.470791 363826427956611614947262562215583284627243008.000000 105
-0.065162 -0.389016 -2763171195671350382591199842932503134498455552.000000 106
-0.219573 -0.550993 13396739032300750814671741931940571615626002432.000000 69
-0.115913 -0.510892 -2056128457177877369294508639431957723746402304.000000 88
-0.145550 -0.426758 5842694036617443530807042184056480278400466944.000000 87
-0.219573 -0.550993 13396739032300750814671741931940571615626002432.000000 69
-0.166657 -0.668938 -4488914813898650273004473152458229613512884224.000000 68
-0.115913 -0.510892 -2056128457177877369294508639431957723746402304.000000 88
-0.115913 -0.510892 -2056128457177877369294508639431957723746402304.000000 88
-0.042377 -0.593453 1375289780424623112314146549524373460542816256.000000 86
-0.012254 -0.470791 363826427956611614947262562215583284627243008.000000 105
0.378100 -0.527404 3276125121969099823642407272795930200375296.000000 158
0.362206 -0.401597 50952242834013729751226315814079634474008576.000000 159
0.247982 -0.508533 -97014972804276762940301934901126030923137024.000000 139
