-0.903483 -0.146108 -193.155586 5
-0.992115 -0.125333 1714.423897 1
-0.968583 -0.248690 -196.477588 2
-0.929776 -0.368125 15.639771 3
-0.847640 -0.274036 56.069921 11
-0.968583 -0.248690 -196.477588 2
-0.838383 -0.043527 62.822602 12
-1.000000 -0.000000 -148.395353 4
-0.903483 -0.146108 -193.155586 5
-0.791796 -0.401964 -11.704277 10
-0.876307 -0.481754 1.261942 6
-0.735953 -0.529892 1.605025 15
-0.664439 -0.453191 5.751529 20
-0.592925 -0.376490 1.511875 33
-0.680489 -0.312940 -10.742886 21
-0.616669 -0.529062 -0.755823 25
-0.664439 -0.453191 5.751529 20
-0.735953 -0.529892 1.605025 15
-0.616669 -0.529062 -0.755823 25
-0.592925 -0.376490 1.511875 33
-0.664439 -0.453191 5.751529 20
-0.847640 -0.274036 56.069921 11
-0.929776 -0.368125 15.639771 3
-0.791796 -0.401964 -11.704277 10
-0.577982 0.366799 0.582240 58
-0.479568 0.320346 0.640902 75
-0.512882 0.469380 0.506879 77
-0.381154 0.273894 0.751932 78
-0.528266 0.210023 0.793901 59
-0.413450 0.155828 0.862122 60
-0.389865 0.411315 0.687623 95
-0.479568 0.320346 0.640902 75
-0.381154 0.273894 0.751932 78
-0.250954 0.479057 0.705686 114
-0.389865 0.411315 0.687623 95
-0.266847 0.353249 0.807198 98
-0.349368 0.525509 0.600011 113
-0.447782 0.571962 0.474761 97
-0.389865 0.411315 0.687623 95
-0.577982 0.366799 0.582240 58
-0.528266 0.210023 0.793901 59
-0.479568 0.320346 0.640902 75
-0.080876 0.156675 0.968680 110
-0.042554 0.274619 0.923206 117
-0.162647 0.251030 0.908520 99
-0.189755 0.129154 0.953746 93
-0.080876 0.156675 0.968680 110
-0.162647 0.251030 0.908520 99
-0.282741 0.227442 0.870573 79
-0.189755 0.129154 0.953746 93
-0.162647 0.251030 0.908520 99
-0.298634 0.101634 0.848579 73
-0.216863 0.007278 0.971929 80
-0.189755 0.129154 0.953746 93
0.198854 -0.161776 0.934310 141
0.078503 -0.051694 0.991097 122
0.067288 -0.173570 0.965043 121
0.125317 0.034143 0.982984 128
0.020079 0.059698 0.996703 118
0.078503 -0.051694 0.991097 122
0.196515 -0.037934 0.959972 140
0.125317 0.034143 0.982984 128
0.078503 -0.051694 0.991097 122
0.172130 0.119981 0.955905 137
0.020079 0.059698 0.996703 118
0.125317 0.034143 0.982984 128
0.282741 0.227442 0.868332 155
0.172130 0.119981 0.955905 137
0.298634 0.101634 0.900497 156
0.282741 0.227442 0.868332 155
0.163714 0.327039 0.866234 153
0.167922 0.223510 0.921899 147
-0.080876 0.156675 0.968680 110
-0.119199 0.038730 0.980839 100
0.020079 0.059698 0.996703 118
-0.838383 -0.043527 62.822602 12
-0.915249 0.040903 10.880824 9
-1.000000 -0.000000 -148.395353 4
-0.903483 -0.146108 -193.155586 5
-1.000000 -0.000000 -148.395353 4
-0.992115 -0.125333 1714.423897 1
-0.362206 -0.401597 0.759452 53
-0.378100 -0.527404 0.539825 52
-0.272489 -0.433048 0.740602 67
-0.847640 -0.274036 56.069921 11
-0.903483 -0.146108 -193.155586 5
-0.968583 -0.248690 -196.477588 2
-0.847640 -0.274036 56.069921 11
-0.792049 -0.172045 13.775365 13
-0.903483 -0.146108 -193.155586 5
-0.876307 -0.481754 1.261942 6
-0.791796 -0.401964 -11.704277 10
-0.929776 -0.368125 15.639771 3
-0.664439 -0.453191 5.751529 20
-0.791796 -0.401964 -11.704277 10
-0.735953 -0.529892 1.605025 15
-0.680615 -0.197981 1.977806 22
-0.680489 -0.312940 -10.742886 21
-0.569181 -0.223917 1.929422 34
-0.680615 -0.197981 1.977806 22
-0.792049 -0.172045 13.775365 13
-0.680489 -0.312940 -10.742886 21
-0.515073 -0.029496 -0.248168 39
-0.441136 -0.097722 0.772530 50
-0.445745 0.037763 1.034864 54
-0.330420 -0.149981 0.912973 66
-0.469331 -0.217723 0.419143 49
-0.346313 -0.275789 0.914420 64
-0.838383 -0.043527 62.822602 12
-0.903483 -0.146108 -193.155586 5
-0.792049 -0.172045 13.775365 13
-0.735953 -0.529892 1.605025 15
-0.809017 -0.587785 -0.950354 7
-0.728969 -0.684547 -0.311263 14
-0.346313 -0.275789 0.914420 64
-0.469331 -0.217723 0.419143 49
-0.443723 -0.339315 0.226065 48
-0.876307 -0.481754 1.261942 6
-0.809017 -0.587785 -0.950354 7
-0.735953 -0.529892 1.605025 15
-0.309017 0.951057 -0.000036 148
-0.317582 0.777124 0.295290 131
-0.203275 0.856480 0.225120 149
-0.915249 0.040903 10.880824 9
-0.992115 0.125333 14.517577 8
-1.000000 -0.000000 -148.395353 4
-0.773283 0.059054 -9.243314 18
-0.915249 0.040903 10.880824 9
-0.838383 -0.043527 62.822602 12
-0.773283 0.059054 -9.243314 18
-0.838383 0.205163 -2.644093 17
-0.915249 0.040903 10.880824 9
-0.317582 0.777124 0.295290 131
-0.309017 0.951057 -0.000036 148
-0.425779 0.904827 0.000052 130
-0.447782 0.737755 0.255022 112
-0.425779 0.904827 0.000052 130
-0.535827 0.844328 -0.000059 111
-0.992115 0.125333 14.517577 8
-0.915249 0.040903 10.880824 9
-0.838383 0.205163 -2.644093 17
-0.382682 0.674543 0.398270 115
-0.447782 0.571962 0.474761 97
-0.349368 0.525509 0.600011 113
-0.425779 0.904827 0.000052 130
-0.447782 0.737755 0.255022 112
-0.317582 0.777124 0.295290 131
-0.382682 0.674543 0.398270 115
-0.349368 0.525509 0.600011 113
-0.235061 0.604864 0.579461 132
-0.816683 0.308437 0.839675 27
-0.968583 0.248690 -1.880417 16
-0.838383 0.205163 -2.644093 17
-0.816683 0.308437 0.839675 27
-0.929776 0.368125 0.184521 26
-0.968583 0.248690 -1.880417 16
-0.708183 0.161636 1.833596 28
-0.816683 0.308437 0.839675 27
-0.838383 0.205163 -2.644093 17
-0.794983 0.411712 0.090572 41
-0.929776 0.368125 0.184521 26
-0.816683 0.308437 0.839675 27
-0.314527 -0.024174 0.857459 65
-0.330420 -0.149981 0.912973 66
-0.157522 -0.079215 0.969211 85
-0.080876 0.156675 0.968680 110
-0.189755 0.129154 0.953746 93
-0.119199 0.038730 0.980839 100
-0.576964 0.099699 0.062362 44
-0.528266 0.210023 0.793901 59
-0.643082 0.264217 0.386374 43
-0.773283 0.059054 -9.243314 18
-0.658594 0.038247 4.323188 29
-0.708183 0.161636 1.833596 28
-0.445745 0.037763 1.034864 54
-0.413450 0.155828 0.862122 60
-0.576964 0.099699 0.062362 44
-0.216863 0.007278 0.971929 80
-0.298634 0.101634 0.848579 73
-0.314527 -0.024174 0.857459 65
-0.157522 -0.079215 0.969211 85
-0.216863 0.007278 0.971929 80
-0.314527 -0.024174 0.857459 65
-0.119199 0.038730 0.980839 100
-0.189755 0.129154 0.953746 93
-0.216863 0.007278 0.971929 80
-0.576964 0.099699 0.062362 44
-0.643082 0.264217 0.386374 43
-0.708183 0.161636 1.833596 28
-0.413450 0.155828 0.862122 60
-0.528266 0.210023 0.793901 59
-0.576964 0.099699 0.062362 44
-0.298634 0.101634 0.848579 73
-0.413450 0.155828 0.862122 60
-0.445745 0.037763 1.034864 54
-0.298634 0.101634 0.848579 73
-0.282741 0.227442 0.870573 79
-0.413450 0.155828 0.862122 60
-0.381154 0.273894 0.751932 78
-0.266847 0.353249 0.807198 98
-0.389865 0.411315 0.687623 95
-0.381154 0.273894 0.751932 78
-0.282741 0.227442 0.870573 79
-0.266847 0.353249 0.807198 98
-0.528266 0.210023 0.793901 59
-0.381154 0.273894 0.751932 78
-0.479568 0.320346 0.640902 75
-0.413450 0.155828 0.862122 60
-0.282741 0.227442 0.870573 79
-0.381154 0.273894 0.751932 78
-0.577982 0.366799 0.582240 58
-0.643082 0.264217 0.386374 43
-0.528266 0.210023 0.793901 59
-0.577982 0.366799 0.582240 58
-0.610532 0.481301 0.451535 57
-0.719033 0.337964 0.076814 42
-0.621382 0.574733 0.273217 76
-0.708183 0.493222 0.319973 56
-0.610532 0.481301 0.451535 57
-0.719033 0.337964 0.076814 42
-0.816683 0.308437 0.839675 27
-0.708183 0.161636 1.833596 28
-0.577982 0.366799 0.582240 58
-0.719033 0.337964 0.076814 42
-0.643082 0.264217 0.386374 43
-0.794983 0.411712 0.090572 41
-0.816683 0.308437 0.839675 27
-0.719033 0.337964 0.076814 42
-0.708183 0.493222 0.319973 56
-0.794983 0.411712 0.090572 41
-0.719033 0.337964 0.076814 42
-0.610532 0.481301 0.451535 57
-0.708183 0.493222 0.319973 56
-0.719033 0.337964 0.076814 42
-0.512882 0.469380 0.506879 77
-0.610532 0.481301 0.451535 57
-0.577982 0.366799 0.582240 58
-0.512882 0.469380 0.506879 77
-0.621382 0.574733 0.273217 76
-0.610532 0.481301 0.451535 57
-0.621382 0.574733 0.273217 76
-0.809017 0.587785 -0.016119 55
-0.708183 0.493222 0.319973 56
-0.876307 0.481754 -0.014922 40
-0.929776 0.368125 0.184521 26
-0.794983 0.411712 0.090572 41
-0.445745 0.037763 1.034864 54
-0.441136 -0.097722 0.772530 50
-0.314527 -0.024174 0.857459 65
-0.838383 0.205163 -2.644093 17
-0.773283 0.059054 -9.243314 18
-0.708183 0.161636 1.833596 28
-0.643082 0.264217 0.386374 43
-0.719033 0.337964 0.076814 42
-0.708183 0.161636 1.833596 28
-0.968583 0.248690 -1.880417 16
-0.992115 0.125333 14.517577 8
-0.838383 0.205163 -2.644093 17
-0.515073 -0.029496 -0.248168 39
-0.576964 0.099699 0.062362 44
-0.658594 0.038247 4.323188 29
-0.441136 -0.097722 0.772530 50
-0.515073 -0.029496 -0.248168 39
-0.584401 -0.096754 1.639073 35
-0.445745 0.037763 1.034864 54
-0.576964 0.099699 0.062362 44
-0.515073 -0.029496 -0.248168 39
-0.794983 0.411712 0.090572 41
-0.708183 0.493222 0.319973 56
-0.876307 0.481754 -0.014922 40
-0.447782 0.571962 0.474761 97
-0.534582 0.656244 0.284748 96
-0.621382 0.574733 0.273217 76
-0.389865 0.411315 0.687623 95
-0.447782 0.571962 0.474761 97
-0.512882 0.469380 0.506879 77
-0.479568 0.320346 0.640902 75
-0.389865 0.411315 0.687623 95
-0.512882 0.469380 0.506879 77
-0.250954 0.479057 0.705686 114
-0.235061 0.604864 0.579461 132
-0.349368 0.525509 0.600011 113
-0.382682 0.674543 0.398270 115
-0.534582 0.656244 0.284748 96
-0.447782 0.571962 0.474761 97
-0.728969 0.684547 0.007977 74
-0.809017 0.587785 -0.016119 55
-0.621382 0.574733 0.273217 76
-0.447782 0.737755 0.255022 112
-0.382682 0.674543 0.398270 115
-0.317582 0.777124 0.295290 131
-0.534582 0.656244 0.284748 96
-0.447782 0.737755 0.255022 112
-0.535827 0.844328 -0.000059 111
-0.534582 0.656244 0.284748 96
-0.382682 0.674543 0.398270 115
-0.447782 0.737755 0.255022 112
-0.728969 0.684547 0.007977 74
-0.631775 0.670396 0.152066 92
-0.637424 0.770513 -0.001587 94
-0.621382 0.574733 0.273217 76
-0.512882 0.469380 0.506879 77
-0.447782 0.571962 0.474761 97
-0.631775 0.670396 0.152066 92
-0.534582 0.656244 0.284748 96
-0.637424 0.770513 -0.001587 94
-0.621382 0.574733 0.273217 76
-0.631775 0.670396 0.152066 92
-0.728969 0.684547 0.007977 74
-0.621382 0.574733 0.273217 76
-0.534582 0.656244 0.284748 96
-0.631775 0.670396 0.152066 92
0.794983 0.411712 0.198496 236
0.929776 0.368125 -0.000000 237
0.876307 0.481754 0.000000 242
0.708183 0.493222 0.255209 238
0.794983 0.411712 0.198496 236
0.876307 0.481754 0.000000 242
0.610532 0.481301 0.395599 223
0.577982 0.366799 0.531395 208
0.719033 0.337964 0.368772 222
0.349368 0.525509 0.601783 189
0.512882 0.469380 0.516634 207
0.447782 0.571962 0.472351 205
0.349368 0.525509 0.601783 189
0.422415 0.360024 0.691949 190
0.512882 0.469380 0.516634 207
0.445745 0.037763 0.799885 170
0.314527 -0.024174 0.900482 157
0.441136 -0.097722 0.795852 175
0.643082 0.264217 0.516634 206
0.522968 0.251959 0.663021 191
0.571666 0.141635 0.653138 188
0.794983 0.245918 0.307527 220
0.719033 0.337964 0.368772 222
0.643082 0.264217 0.516634 206
0.870933 0.153872 0.217799 219
0.794983 0.245918 0.307527 220
0.708183 0.161636 0.472351 204
0.870933 0.153872 0.217799 219
0.968583 0.248690 -0.000000 230
0.794983 0.245918 0.307527 220
0.577982 0.366799 0.531395 208
0.422415 0.360024 0.691949 190
0.522968 0.251959 0.663021 191
0.040329 0.180264 0.965737 129
0.167922 0.223510 0.921899 147
0.060580 0.300829 0.905797 136
0.794983 0.245918 0.307527 220
0.643082 0.264217 0.516634 206
0.708183 0.161636 0.472351 204
0.708183 0.493222 0.255209 238
0.719033 0.337964 0.368772 222
0.794983 0.411712 0.198496 236
0.577982 0.366799 0.531395 208
0.643082 0.264217 0.516634 206
0.719033 0.337964 0.368772 222
0.915249 0.040903 0.160647 228
0.773283 0.059054 0.398546 215
0.838383 -0.043527 0.295220 225
1.000000 -0.000000 0.000000 240
0.915249 0.040903 0.160647 228
0.838383 -0.043527 0.295220 225
0.992115 0.125333 -0.000000 233
0.968583 0.248690 -0.000000 230
0.870933 0.153872 0.217799 219
0.794983 0.245918 0.307527 220
0.929776 0.368125 -0.000000 237
0.794983 0.411712 0.198496 236
0.062791 0.998027 -0.000000 198
0.023973 0.872212 0.238671 184
0.187381 0.982287 -0.000000 199
0.425779 0.904827 0.000000 216
0.309017 0.951057 -0.000001 214
0.360982 0.819266 0.198496 203
0.309017 0.951057 -0.000001 214
0.203275 0.856480 0.225124 200
0.360982 0.819266 0.198496 203
0.382682 0.674543 0.398547 202
0.447782 0.737755 0.255209 218
0.360982 0.819266 0.198496 203
0.512882 0.469380 0.516634 207
0.621382 0.574733 0.283566 221
0.447782 0.571962 0.472351 205
0.719033 0.337964 0.368772 222
0.708183 0.493222 0.255209 238
0.610532 0.481301 0.395599 223
0.809017 0.587785 -0.000000 235
0.728969 0.684547 -0.000000 234
0.621382 0.574733 0.283566 221
0.621382 0.574733 0.283566 221
0.534582 0.656244 0.283566 217
0.447782 0.571962 0.472351 205
0.809017 0.587785 -0.000000 235
0.621382 0.574733 0.283566 221
0.708183 0.493222 0.255209 238
0.631775 0.670396 0.151430 229
0.534582 0.656244 0.283566 217
0.621382 0.574733 0.283566 221
0.728969 0.684547 -0.000000 234
0.631775 0.670396 0.151430 229
0.621382 0.574733 0.283566 221
0.728969 0.684547 -0.000000 234
0.637424 0.770513 0.000000 231
0.631775 0.670396 0.151430 229
0.447782 0.737755 0.255209 218
0.425779 0.904827 0.000000 216
0.360982 0.819266 0.198496 203
0.794983 0.245918 0.307527 220
0.794983 0.411712 0.198496 236
0.719033 0.337964 0.368772 222
0.610532 0.481301 0.395599 223
0.621382 0.574733 0.283566 221
0.512882 0.469380 0.516634 207
0.577982 0.366799 0.531395 208
0.610532 0.481301 0.395599 223
0.512882 0.469380 0.516634 207
0.708183 0.493222 0.255209 238
0.621382 0.574733 0.283566 221
0.610532 0.481301 0.395599 223
0.637424 0.770513 0.000000 231
0.534582 0.656244 0.283566 217
0.631775 0.670396 0.151430 229
0.637424 0.770513 0.000000 231
0.535827 0.844328 0.000000 232
0.534582 0.656244 0.283566 217
0.235061 0.604864 0.578883 186
0.219168 0.730672 0.418081 187
0.072414 0.628453 0.599827 169
0.447782 0.737755 0.255209 218
0.535827 0.844328 0.000000 232
0.425779 0.904827 0.000000 216
0.534582 0.656244 0.283566 217
0.447782 0.737755 0.255209 218
0.382682 0.674543 0.398547 202
0.534582 0.656244 0.283566 217
0.535827 0.844328 0.000000 232
0.447782 0.737755 0.255209 218
-0.135539 0.372907 0.842580 116
-0.250954 0.479057 0.705686 114
-0.266847 0.353249 0.807198 98
0.060580 0.300829 0.905797 136
-0.004231 0.392564 0.845764 135
-0.042554 0.274619 0.923206 117
0.040329 0.180264 0.965737 129
0.060580 0.300829 0.905797 136
-0.042554 0.274619 0.923206 117
0.163714 0.327039 0.866234 153
0.123361 0.435810 0.794877 154
0.060580 0.300829 0.905797 136
-0.080876 0.156675 0.968680 110
0.020079 0.059698 0.996703 118
0.040329 0.180264 0.965737 129
0.266847 0.353249 0.804005 172
0.250954 0.479057 0.707523 171
0.123361 0.435810 0.794877 154
-0.108431 0.494783 0.743684 133
-0.250954 0.479057 0.705686 114
-0.135539 0.372907 0.842580 116
-0.004231 0.392564 0.845764 135
-0.108431 0.494783 0.743684 133
-0.135539 0.372907 0.842580 116
0.034091 0.510509 0.738209 151
0.072414 0.628453 0.599827 169
-0.081324 0.616659 0.612988 152
0.034091 0.510509 0.738209 151
0.123361 0.435810 0.794877 154
0.134576 0.557687 0.670868 168
0.381154 0.273894 0.779703 173
0.266847 0.353249 0.804005 172
0.282741 0.227442 0.868332 155
0.413450 0.155828 0.804775 174
0.445745 0.037763 0.799885 170
0.571666 0.141635 0.653138 188
0.282741 0.227442 0.868332 155
0.413450 0.155828 0.804775 174
0.381154 0.273894 0.779703 173
0.298634 0.101634 0.900497 156
0.445745 0.037763 0.799885 170
0.413450 0.155828 0.804775 174
0.577982 0.366799 0.531395 208
0.512882 0.469380 0.516634 207
0.422415 0.360024 0.691949 190
0.134576 0.557687 0.670868 168
0.235061 0.604864 0.578883 186
0.072414 0.628453 0.599827 169
0.034091 0.510509 0.738209 151
0.134576 0.557687 0.670868 168
0.072414 0.628453 0.599827 169
0.123361 0.435810 0.794877 154
0.250954 0.479057 0.707523 171
0.134576 0.557687 0.670868 168
0.422415 0.360024 0.691949 190
0.349368 0.525509 0.601783 189
0.266847 0.353249 0.804005 172
0.349368 0.525509 0.601783 189
0.235061 0.604864 0.578883 186
0.250954 0.479057 0.707523 171
0.266847 0.353249 0.804005 172
0.349368 0.525509 0.601783 189
0.250954 0.479057 0.707523 171
0.447782 0.571962 0.472351 205
0.382682 0.674543 0.398547 202
0.349368 0.525509 0.601783 189
0.023973 0.872212 0.238671 184
0.062791 0.998027 -0.000000 198
-0.062791 0.998027 0.000002 182
-0.089651 0.864346 0.244859 166
0.023973 0.872212 0.238671 184
-0.062791 0.998027 0.000002 182
-0.187381 0.982287 0.000010 165
-0.089651 0.864346 0.244859 166
-0.062791 0.998027 0.000002 182
-0.203275 0.856480 0.225120 149
-0.109200 0.735914 0.446543 150
-0.089651 0.864346 0.244859 166
0.000768 0.741156 0.450703 167
0.110736 0.746398 0.430621 183
0.023973 0.872212 0.238671 184
0.219168 0.730672 0.418081 187
0.110736 0.746398 0.430621 183
0.072414 0.628453 0.599827 169
0.203275 0.856480 0.225124 200
0.187381 0.982287 -0.000000 199
0.023973 0.872212 0.238671 184
0.187381 0.982287 -0.000000 199
0.203275 0.856480 0.225124 200
0.309017 0.951057 -0.000001 214
-0.235061 0.604864 0.579461 132
-0.250954 0.479057 0.705686 114
-0.108431 0.494783 0.743684 133
-0.109200 0.735914 0.446543 150
-0.203275 0.856480 0.225120 149
-0.219168 0.730672 0.418020 134
0.072414 0.628453 0.599827 169
0.000768 0.741156 0.450703 167
-0.081324 0.616659 0.612988 152
0.000768 0.741156 0.450703 167
0.023973 0.872212 0.238671 184
-0.089651 0.864346 0.244859 166
-0.219168 0.730672 0.418020 134
-0.317582 0.777124 0.295290 131
-0.382682 0.674543 0.398270 115
-0.108431 0.494783 0.743684 133
-0.081324 0.616659 0.612988 152
-0.235061 0.604864 0.579461 132
-0.203275 0.856480 0.225120 149
-0.317582 0.777124 0.295290 131
-0.219168 0.730672 0.418020 134
0.809017 0.587785 -0.000000 235
0.708183 0.493222 0.255209 238
0.876307 0.481754 0.000000 242
0.469331 -0.217723 0.732322 178
0.443723 -0.339315 0.687969 177
0.569181 -0.223917 0.625895 195
0.992115 -0.125333 0.000000 243
0.903483 -0.146108 0.162371 239
0.968583 -0.248690 -0.000000 241
0.992115 -0.125333 0.000000 243
1.000000 -0.000000 0.000000 240
0.903483 -0.146108 0.162371 239
-0.616669 -0.529062 -0.755823 25
-0.518255 -0.575515 0.584832 36
-0.486789 -0.444362 0.616040 38
-0.728969 -0.684547 -0.311263 14
-0.658410 -0.623625 0.136044 24
-0.735953 -0.529892 1.605025 15
-0.433694 -0.622226 0.402104 37
-0.409886 -0.779019 0.233712 45
-0.349134 -0.668938 0.438146 51
-0.637424 -0.770513 0.066903 19
-0.534148 -0.701322 0.194093 31
-0.658410 -0.623625 0.136044 24
-0.637424 -0.770513 0.066903 19
-0.535827 -0.844328 -0.003111 30
-0.534148 -0.701322 0.194093 31
0.664439 -0.453191 0.353139 197
0.736206 -0.299972 0.368017 212
0.592925 -0.376490 0.506697 194
0.736206 -0.299972 0.368017 212
0.792049 -0.172045 0.343059 224
0.680615 -0.197981 0.497567 209
0.929776 -0.368125 -0.000000 226
0.847640 -0.274036 0.206411 227
0.791796 -0.401964 0.211484 213
0.929776 -0.368125 -0.000000 226
0.968583 -0.248690 -0.000000 241
0.847640 -0.274036 0.206411 227
0.715365 -0.101593 0.477931 210
0.584401 -0.096754 0.649113 192
0.680615 -0.197981 0.497567 209
0.773283 0.059054 0.398546 215
0.715365 -0.101593 0.477931 210
0.838383 -0.043527 0.295220 225
0.662567 0.006795 0.560959 201
0.708183 0.161636 0.472351 204
0.571666 0.141635 0.653138 188
-0.592925 -0.376490 1.511875 33
-0.486789 -0.444362 0.616040 38
-0.443723 -0.339315 0.226065 48
-0.791796 -0.401964 -11.704277 10
-0.664439 -0.453191 5.751529 20
-0.680489 -0.312940 -10.742886 21
-0.616669 -0.529062 -0.755823 25
-0.486789 -0.444362 0.616040 38
-0.592925 -0.376490 1.511875 33
-0.584401 -0.096754 1.639073 35
-0.569181 -0.223917 1.929422 34
-0.469331 -0.217723 0.419143 49
-0.680489 -0.312940 -10.742886 21
-0.847640 -0.274036 56.069921 11
-0.791796 -0.401964 -11.704277 10
-0.035536 -0.096906 0.989480 104
-0.119199 0.038730 0.980839 100
-0.157522 -0.079215 0.969211 85
-0.195844 -0.197159 0.897207 84
-0.064278 -0.185365 0.964932 103
-0.157522 -0.079215 0.969211 85
0.196515 -0.037934 0.959972 140
0.314527 -0.024174 0.900482 157
0.298634 0.101634 0.900497 156
0.125317 0.034143 0.982984 128
0.196515 -0.037934 0.959972 140
0.172130 0.119981 0.955905 137
-0.035536 -0.096906 0.989480 104
0.078503 -0.051694 0.991097 122
0.020079 0.059698 0.996703 118
-0.035536 -0.096906 0.989480 104
0.067288 -0.173570 0.965043 121
0.078503 -0.051694 0.991097 122
0.198854 -0.161776 0.934310 141
0.330420 -0.149981 0.868322 160
0.196515 -0.037934 0.959972 140
0.078503 -0.051694 0.991097 122
0.198854 -0.161776 0.934310 141
0.196515 -0.037934 0.959972 140
-0.001975 -0.299378 0.908647 107
0.114121 -0.291515 0.902292 124
0.067288 -0.173570 0.965043 121
-0.065162 -0.389016 0.843233 106
-0.001975 -0.299378 0.908647 107
-0.118071 -0.307241 0.900649 89
-0.145550 -0.426758 0.799205 87
-0.065162 -0.389016 0.843233 106
-0.118071 -0.307241 0.900649 89
-0.012254 -0.470791 0.778362 105
0.108328 -0.414177 0.817086 123
-0.065162 -0.389016 0.843233 106
-0.065162 -0.389016 0.843233 106
0.108328 -0.414177 0.817086 123
-0.001975 -0.299378 0.908647 107
0.441136 -0.097722 0.795852 175
0.314527 -0.024174 0.900482 157
0.330420 -0.149981 0.868322 160
-0.035536 -0.096906 0.989480 104
0.020079 0.059698 0.996703 118
-0.119199 0.038730 0.980839 100
0.522968 0.251959 0.663021 191
0.643082 0.264217 0.516634 206
0.577982 0.366799 0.531395 208
0.381154 0.273894 0.779703 173
0.522968 0.251959 0.663021 191
0.422415 0.360024 0.691949 190
0.266847 0.353249 0.804005 172
0.381154 0.273894 0.779703 173
0.422415 0.360024 0.691949 190
0.282741 0.227442 0.868332 155
0.298634 0.101634 0.900497 156
0.413450 0.155828 0.804775 174
0.584401 -0.096754 0.649113 192
0.441136 -0.097722 0.795852 175
0.469331 -0.217723 0.732322 178
0.381154 0.273894 0.779703 173
0.413450 0.155828 0.804775 174
0.522968 0.251959 0.663021 191
0.298634 0.101634 0.900497 156
0.314527 -0.024174 0.900482 157
0.445745 0.037763 0.799885 170
0.571666 0.141635 0.653138 188
0.708183 0.161636 0.472351 204
0.643082 0.264217 0.516634 206
0.413450 0.155828 0.804775 174
0.571666 0.141635 0.653138 188
0.522968 0.251959 0.663021 191
0.662567 0.006795 0.560959 201
0.715365 -0.101593 0.477931 210
0.773283 0.059054 0.398546 215
0.708183 0.161636 0.472351 204
0.662567 0.006795 0.560959 201
0.773283 0.059054 0.398546 215
0.543905 0.017440 0.703863 185
0.584401 -0.096754 0.649113 192
0.662567 0.006795 0.560959 201
0.445745 0.037763 0.799885 170
0.543905 0.017440 0.703863 185
0.571666 0.141635 0.653138 188
0.445745 0.037763 0.799885 170
0.441136 -0.097722 0.795852 175
0.543905 0.017440 0.703863 185
0.794983 0.245918 0.307527 220
0.968583 0.248690 -0.000000 230
0.929776 0.368125 -0.000000 237
0.773283 0.059054 0.398546 215
0.870933 0.153872 0.217799 219
0.708183 0.161636 0.472351 204
0.773283 0.059054 0.398546 215
0.915249 0.040903 0.160647 228
0.870933 0.153872 0.217799 219
0.838383 -0.043527 0.295220 225
0.903483 -0.146108 0.162371 239
1.000000 -0.000000 0.000000 240
0.584401 -0.096754 0.649113 192
0.569181 -0.223917 0.625895 195
0.680615 -0.197981 0.497567 209
0.662567 0.006795 0.560959 201
0.584401 -0.096754 0.649113 192
0.715365 -0.101593 0.477931 210
0.543905 0.017440 0.703863 185
0.441136 -0.097722 0.795852 175
0.584401 -0.096754 0.649113 192
0.662567 0.006795 0.560959 201
0.571666 0.141635 0.653138 188
0.543905 0.017440 0.703863 185
0.330420 -0.149981 0.868322 160
0.346313 -0.275789 0.804033 161
0.469331 -0.217723 0.732322 178
0.664439 -0.453191 0.353139 197
0.592925 -0.376490 0.506697 194
0.616669 -0.529062 0.339813 181
0.735953 -0.529892 0.177588 196
0.664439 -0.453191 0.353139 197
0.616669 -0.529062 0.339813 181
0.735953 -0.529892 0.177588 196
0.791796 -0.401964 0.211484 213
0.664439 -0.453191 0.353139 197
0.838383 -0.043527 0.295220 225
0.715365 -0.101593 0.477931 210
0.792049 -0.172045 0.343059 224
0.443723 -0.339315 0.687969 177
0.346313 -0.275789 0.804033 161
0.362206 -0.401597 0.707549 159
0.584401 -0.096754 0.649113 192
0.469331 -0.217723 0.732322 178
0.569181 -0.223917 0.625895 195
0.441136 -0.097722 0.795852 175
0.330420 -0.149981 0.868322 160
0.469331 -0.217723 0.732322 178
0.915249 0.040903 0.160647 228
0.992115 0.125333 -0.000000 233
0.870933 0.153872 0.217799 219
0.219168 0.730672 0.418081 187
0.360982 0.819266 0.198496 203
0.203275 0.856480 0.225124 200
0.110736 0.746398 0.430621 183
0.219168 0.730672 0.418081 187
0.203275 0.856480 0.225124 200
0.235061 0.604864 0.578883 186
0.382682 0.674543 0.398547 202
0.219168 0.730672 0.418081 187
0.123361 0.435810 0.794877 154
-0.004231 0.392564 0.845764 135
0.060580 0.300829 0.905797 136
-0.081324 0.616659 0.612988 152
-0.108431 0.494783 0.743684 133
0.034091 0.510509 0.738209 151
0.000768 0.741156 0.450703 167
-0.109200 0.735914 0.446543 150
-0.081324 0.616659 0.612988 152
0.110736 0.746398 0.430621 183
0.000768 0.741156 0.450703 167
0.072414 0.628453 0.599827 169
0.110736 0.746398 0.430621 183
0.203275 0.856480 0.225124 200
0.023973 0.872212 0.238671 184
-0.219168 0.730672 0.418020 134
-0.235061 0.604864 0.579461 132
-0.081324 0.616659 0.612988 152
0.123361 0.435810 0.794877 154
0.163714 0.327039 0.866234 153
0.266847 0.353249 0.804005 172
0.235061 0.604864 0.578883 186
0.134576 0.557687 0.670868 168
0.250954 0.479057 0.707523 171
0.034091 0.510509 0.738209 151
-0.004231 0.392564 0.845764 135
0.123361 0.435810 0.794877 154
0.382682 0.674543 0.398547 202
0.360982 0.819266 0.198496 203
0.219168 0.730672 0.418081 187
0.349368 0.525509 0.601783 189
0.382682 0.674543 0.398547 202
0.235061 0.604864 0.578883 186
0.447782 0.571962 0.472351 205
0.534582 0.656244 0.283566 217
0.382682 0.674543 0.398547 202
-0.876307 0.481754 -0.014922 40
-0.708183 0.493222 0.319973 56
-0.809017 0.587785 -0.016119 55
-0.389865 0.411315 0.687623 95
-0.250954 0.479057 0.705686 114
-0.349368 0.525509 0.600011 113
-0.162647 0.251030 0.908520 99
-0.135539 0.372907 0.842580 116
-0.266847 0.353249 0.807198 98
-0.298634 0.101634 0.848579 73
-0.189755 0.129154 0.953746 93
-0.282741 0.227442 0.870573 79
-0.042554 0.274619 0.923206 117
-0.135539 0.372907 0.842580 116
-0.162647 0.251030 0.908520 99
-0.108431 0.494783 0.743684 133
-0.004231 0.392564 0.845764 135
0.034091 0.510509 0.738209 151
-0.282741 0.227442 0.870573 79
-0.162647 0.251030 0.908520 99
-0.266847 0.353249 0.807198 98
-0.042554 0.274619 0.923206 117
-0.004231 0.392564 0.845764 135
-0.135539 0.372907 0.842580 116
0.167922 0.223510 0.921899 147
0.172130 0.119981 0.955905 137
0.282741 0.227442 0.868332 155
0.060580 0.300829 0.905797 136
0.167922 0.223510 0.921899 147
0.163714 0.327039 0.866234 153
0.040329 0.180264 0.965737 129
0.172130 0.119981 0.955905 137
0.167922 0.223510 0.921899 147
-0.080876 0.156675 0.968680 110
0.040329 0.180264 0.965737 129
-0.042554 0.274619 0.923206 117
0.020079 0.059698 0.996703 118
0.172130 0.119981 0.955905 137
0.040329 0.180264 0.965737 129
0.282741 0.227442 0.868332 155
0.266847 0.353249 0.804005 172
0.163714 0.327039 0.866234 153
-0.534582 0.656244 0.284748 96
-0.535827 0.844328 -0.000059 111
-0.637424 0.770513 -0.001587 94
0.847640 -0.274036 0.206411 227
0.903483 -0.146108 0.162371 239
0.792049 -0.172045 0.343059 224
0.968583 -0.248690 -0.000000 241
0.903483 -0.146108 0.162371 239
0.847640 -0.274036 0.206411 227
0.791796 -0.401964 0.211484 213
0.735953 -0.529892 0.177588 196
0.876307 -0.481754 -0.000000 211
0.929776 -0.368125 -0.000000 226
0.791796 -0.401964 0.211484 213
0.876307 -0.481754 -0.000000 211
0.592925 -0.376490 0.506697 194
0.569181 -0.223917 0.625895 195
0.443723 -0.339315 0.687969 177
0.616669 -0.529062 0.339813 181
0.592925 -0.376490 0.506697 194
0.486789 -0.444362 0.565577 176
0.736206 -0.299972 0.368017 212
0.569181 -0.223917 0.625895 195
0.592925 -0.376490 0.506697 194
0.847640 -0.274036 0.206411 227
0.736206 -0.299972 0.368017 212
0.791796 -0.401964 0.211484 213
0.680615 -0.197981 0.497567 209
0.569181 -0.223917 0.625895 195
0.736206 -0.299972 0.368017 212
0.378100 -0.527404 0.578887 158
0.486789 -0.444362 0.565577 176
0.362206 -0.401597 0.707549 159
0.518255 -0.575515 0.400195 164
0.393993 -0.653212 0.418083 146
0.515708 -0.711863 0.227296 162
0.486789 -0.444362 0.565577 176
0.518255 -0.575515 0.400195 164
0.616669 -0.529062 0.339813 181
0.378100 -0.527404 0.578887 158
0.393993 -0.653212 0.418083 146
0.518255 -0.575515 0.400195 164
0.658410 -0.623625 0.177588 179
0.728969 -0.684547 0.000000 180
0.735953 -0.529892 0.177588 196
0.196515 -0.037934 0.959972 140
0.330420 -0.149981 0.868322 160
0.314527 -0.024174 0.900482 157
-0.195844 -0.197159 0.897207 84
-0.118071 -0.307241 0.900649 89
-0.064278 -0.185365 0.964932 103
-0.118071 -0.307241 0.900649 89
-0.234167 -0.315104 0.820048 70
-0.145550 -0.426758 0.799205 87
0.210774 -0.256132 0.889937 142
0.346313 -0.275789 0.804033 161
0.330420 -0.149981 0.868322 160
0.210774 -0.256132 0.889937 142
0.235267 -0.407887 0.778176 143
0.346313 -0.275789 0.804033 161
0.067288 -0.173570 0.965043 121
0.114121 -0.291515 0.902292 124
0.198854 -0.161776 0.934310 141
0.108328 -0.414177 0.817086 123
0.114121 -0.291515 0.902292 124
-0.001975 -0.299378 0.908647 107
0.247982 -0.508533 0.679857 139
0.362206 -0.401597 0.707549 159
0.235267 -0.407887 0.778176 143
0.443723 -0.339315 0.687969 177
0.486789 -0.444362 0.565577 176
0.592925 -0.376490 0.506697 194
0.346313 -0.275789 0.804033 161
0.443723 -0.339315 0.687969 177
0.469331 -0.217723 0.732322 178
0.362206 -0.401597 0.707549 159
0.486789 -0.444362 0.565577 176
0.443723 -0.339315 0.687969 177
0.518255 -0.575515 0.400195 164
0.658410 -0.623625 0.177588 179
0.616669 -0.529062 0.339813 181
0.735953 -0.529892 0.177588 196
0.809017 -0.587785 0.000000 193
0.876307 -0.481754 -0.000000 211
0.616669 -0.529062 0.339813 181
0.658410 -0.623625 0.177588 179
0.735953 -0.529892 0.177588 196
0.791796 -0.401964 0.211484 213
0.736206 -0.299972 0.368017 212
0.664439 -0.453191 0.353139 197
0.486789 -0.444362 0.565577 176
0.378100 -0.527404 0.578887 158
0.518255 -0.575515 0.400195 164
0.728969 -0.684547 0.000000 180
0.809017 -0.587785 0.000000 193
0.735953 -0.529892 0.177588 196
0.847640 -0.274036 0.206411 227
0.792049 -0.172045 0.343059 224
0.736206 -0.299972 0.368017 212
0.838383 -0.043527 0.295220 225
0.792049 -0.172045 0.343059 224
0.903483 -0.146108 0.162371 239
0.715365 -0.101593 0.477931 210
0.680615 -0.197981 0.497567 209
0.792049 -0.172045 0.343059 224
1.000000 -0.000000 0.000000 240
0.992115 0.125333 -0.000000 233
0.915249 0.040903 0.160647 228
0.295977 -0.844070 0.199944 125
0.177179 -0.862891 0.224034 109
0.309017 -0.951057 -0.000002 108
0.425779 -0.904827 -0.000001 126
0.295977 -0.844070 0.199944 125
0.309017 -0.951057 -0.000002 108
0.282937 -0.737084 0.376642 127
0.177179 -0.862891 0.224034 109
0.295977 -0.844070 0.199944 125
0.062791 -0.998027 -0.000027 72
0.060826 -0.904827 0.177605 91
-0.062791 -0.998027 0.000080 71
-0.272489 -0.433048 0.740602 67
-0.234167 -0.315104 0.820048 70
-0.362206 -0.401597 0.759452 53
-0.349134 -0.668938 0.438146 51
-0.166657 -0.668938 0.522818 68
-0.219573 -0.550993 0.653954 69
-0.005837 -0.810471 0.343013 101
-0.060826 -0.904827 0.177521 82
0.060826 -0.904827 0.177605 91
0.177179 -0.862891 0.224034 109
-0.005837 -0.810471 0.343013 101
0.060826 -0.904827 0.177605 91
-0.072500 -0.716116 0.482107 83
-0.156928 -0.826197 0.293385 81
-0.005837 -0.810471 0.343013 101
-0.272489 -0.433048 0.740602 67
-0.219573 -0.550993 0.653954 69
-0.145550 -0.426758 0.799205 87
-0.321429 -0.833823 0.200406 46
-0.409886 -0.779019 0.233712 45
-0.425779 -0.904827 -0.002094 32
-0.232973 -0.888627 0.156651 62
-0.321429 -0.833823 0.200406 46
-0.309017 -0.951057 0.000650 47
-0.232973 -0.888627 0.156651 62
-0.253031 -0.747568 0.374552 61
-0.321429 -0.833823 0.200406 46
-0.166657 -0.668938 0.522818 68
-0.253031 -0.747568 0.374552 61
-0.156928 -0.826197 0.293385 81
-0.349134 -0.668938 0.438146 51
-0.409886 -0.779019 0.233712 45
-0.253031 -0.747568 0.374552 61
0.187381 -0.982287 -0.000004 90
0.060826 -0.904827 0.177605 91
0.062791 -0.998027 -0.000027 72
0.235267 -0.407887 0.778176 143
0.362206 -0.401597 0.707549 159
0.346313 -0.275789 0.804033 161
0.298781 -0.621760 0.524161 138
0.378100 -0.527404 0.578887 158
0.247982 -0.508533 0.679857 139
0.518255 -0.575515 0.400195 164
0.515708 -0.711863 0.227296 162
0.658410 -0.623625 0.177588 179
0.298781 -0.621760 0.524161 138
0.393993 -0.653212 0.418083 146
0.378100 -0.527404 0.578887 158
0.141155 -0.577727 0.646226 120
0.164458 -0.730094 0.439962 119
0.298781 -0.621760 0.524161 138
0.108328 -0.414177 0.817086 123
0.141155 -0.577727 0.646226 120
0.247982 -0.508533 0.679857 139
0.034327 -0.646921 0.580224 102
0.164458 -0.730094 0.439962 119
0.141155 -0.577727 0.646226 120
0.108328 -0.414177 0.817086 123
-0.012254 -0.470791 0.778362 105
0.141155 -0.577727 0.646226 120
-0.072500 -0.716116 0.482107 83
-0.005837 -0.810471 0.343013 101
0.034327 -0.646921 0.580224 102
0.282937 -0.737084 0.376642 127
0.393993 -0.653212 0.418083 146
0.298781 -0.621760 0.524161 138
-0.005837 -0.810471 0.343013 101
0.177179 -0.862891 0.224034 109
0.164458 -0.730094 0.439962 119
0.187381 -0.982287 -0.000004 90
0.177179 -0.862891 0.224034 109
0.060826 -0.904827 0.177605 91
0.187381 -0.982287 -0.000004 90
0.309017 -0.951057 -0.000002 108
0.177179 -0.862891 0.224034 109
0.409886 -0.779019 0.225124 144
0.393993 -0.653212 0.418083 146
0.282937 -0.737084 0.376642 127
0.515708 -0.711863 0.227296 162
0.637424 -0.770513 0.000000 163
0.658410 -0.623625 0.177588 179
0.409886 -0.779019 0.225124 144
0.515708 -0.711863 0.227296 162
0.393993 -0.653212 0.418083 146
0.409886 -0.779019 0.225124 144
0.535827 -0.844328 -0.000001 145
0.515708 -0.711863 0.227296 162
0.425779 -0.904827 -0.000001 126
0.409886 -0.779019 0.225124 144
0.295977 -0.844070 0.199944 125
-0.065162 -0.389016 0.843233 106
-0.145550 -0.426758 0.799205 87
-0.115913 -0.510892 0.724670 88
-0.272489 -0.433048 0.740602 67
-0.145550 -0.426758 0.799205 87
-0.234167 -0.315104 0.820048 70
-0.219573 -0.550993 0.653954 69
-0.378100 -0.527404 0.539825 52
-0.349134 -0.668938 0.438146 51
-0.072500 -0.716116 0.482107 83
-0.042377 -0.593453 0.646609 86
-0.166657 -0.668938 0.522818 68
-0.272489 -0.433048 0.740602 67
-0.378100 -0.527404 0.539825 52
-0.219573 -0.550993 0.653954 69
0.535827 -0.844328 -0.000001 145
0.409886 -0.779019 0.225124 144
0.425779 -0.904827 -0.000001 126
0.535827 -0.844328 -0.000001 145
0.637424 -0.770513 0.000000 163
0.515708 -0.711863 0.227296 162
0.409886 -0.779019 0.225124 144
0.282937 -0.737084 0.376642 127
0.295977 -0.844070 0.199944 125
0.637424 -0.770513 0.000000 163
0.728969 -0.684547 0.000000 180
0.658410 -0.623625 0.177588 179
-0.309017 0.951057 -0.000036 148
-0.203275 0.856480 0.225120 149
-0.187381 0.982287 0.000010 165
-0.109200 0.735914 0.446543 150
-0.219168 0.730672 0.418020 134
-0.081324 0.616659 0.612988 152
-0.187381 0.982287 0.000010 165
-0.203275 0.856480 0.225120 149
-0.089651 0.864346 0.244859 166
-0.219168 0.730672 0.418020 134
-0.382682 0.674543 0.398270 115
-0.235061 0.604864 0.579461 132
-0.089651 0.864346 0.244859 166
-0.109200 0.735914 0.446543 150
0.000768 0.741156 0.450703 167
-0.253031 -0.747568 0.374552 61
-0.166657 -0.668938 0.522818 68
-0.349134 -0.668938 0.438146 51
-0.060826 -0.904827 0.177521 82
-0.156928 -0.826197 0.293385 81
-0.187381 -0.982287 -0.000346 63
-0.060826 -0.904827 0.177521 82
-0.005837 -0.810471 0.343013 101
-0.156928 -0.826197 0.293385 81
-0.232973 -0.888627 0.156651 62
-0.156928 -0.826197 0.293385 81
-0.253031 -0.747568 0.374552 61
-0.187381 -0.982287 -0.000346 63
-0.232973 -0.888627 0.156651 62
-0.309017 -0.951057 0.000650 47
-0.187381 -0.982287 -0.000346 63
-0.156928 -0.826197 0.293385 81
-0.232973 -0.888627 0.156651 62
-0.062791 -0.998027 0.000080 71
-0.060826 -0.904827 0.177521 82
-0.187381 -0.982287 -0.000346 63
-0.042377 -0.593453 0.646609 86
-0.072500 -0.716116 0.482107 83
0.034327 -0.646921 0.580224 102
-0.012254 -0.470791 0.778362 105
-0.042377 -0.593453 0.646609 86
0.034327 -0.646921 0.580224 102
-0.115913 -0.510892 0.724670 88
-0.166657 -0.668938 0.522818 68
-0.042377 -0.593453 0.646609 86
-0.518255 -0.575515 0.584832 36
-0.616669 -0.529062 -0.755823 25
-0.658410 -0.623625 0.136044 24
-0.433694 -0.622226 0.402104 37
-0.518255 -0.575515 0.584832 36
-0.534148 -0.701322 0.194093 31
-0.409886 -0.779019 0.233712 45
-0.433694 -0.622226 0.402104 37
-0.534148 -0.701322 0.194093 31
-0.349134 -0.668938 0.438146 51
-0.378100 -0.527404 0.539825 52
-0.433694 -0.622226 0.402104 37
-0.378100 -0.527404 0.539825 52
-0.486789 -0.444362 0.616040 38
-0.518255 -0.575515 0.584832 36
0.060826 -0.904827 0.177605 91
-0.060826 -0.904827 0.177521 82
-0.062791 -0.998027 0.000080 71
-0.534148 -0.701322 0.194093 31
-0.535827 -0.844328 -0.003111 30
-0.409886 -0.779019 0.233712 45
-0.486789 -0.444362 0.616040 38
-0.378100 -0.527404 0.539825 52
-0.362206 -0.401597 0.759452 53
-0.728969 -0.684547 -0.311263 14
-0.637424 -0.770513 0.066903 19
-0.658410 -0.623625 0.136044 24
-0.321429 -0.833823 0.200406 46
-0.253031 -0.747568 0.374552 61
-0.409886 -0.779019 0.233712 45
-0.346313 -0.275789 0.914420 64
-0.362206 -0.401597 0.759452 53
-0.234167 -0.315104 0.820048 70
-0.195844 -0.197159 0.897207 84
-0.346313 -0.275789 0.914420 64
-0.234167 -0.315104 0.820048 70
-0.658594 0.038247 4.323188 29
-0.584401 -0.096754 1.639073 35
-0.515073 -0.029496 -0.248168 39
-0.330420 -0.149981 0.912973 66
-0.441136 -0.097722 0.772530 50
-0.469331 -0.217723 0.419143 49
-0.330420 -0.149981 0.912973 66
-0.314527 -0.024174 0.857459 65
-0.441136 -0.097722 0.772530 50
-0.321429 -0.833823 0.200406 46
-0.425779 -0.904827 -0.002094 32
-0.309017 -0.951057 0.000650 47
-0.378100 -0.527404 0.539825 52
-0.518255 -0.575515 0.584832 36
-0.433694 -0.622226 0.402104 37
-0.535827 -0.844328 -0.003111 30
-0.425779 -0.904827 -0.002094 32
-0.409886 -0.779019 0.233712 45
0.298634 0.101634 0.900497 156
0.172130 0.119981 0.955905 137
0.196515 -0.037934 0.959972 140
-0.216863 0.007278 0.971929 80
-0.157522 -0.079215 0.969211 85
-0.119199 0.038730 0.980839 100
0.198854 -0.161776 0.934310 141
0.210774 -0.256132 0.889937 142
0.330420 -0.149981 0.868322 160
-0.118071 -0.307241 0.900649 89
-0.195844 -0.197159 0.897207 84
-0.234167 -0.315104 0.820048 70
0.114121 -0.291515 0.902292 124
0.235267 -0.407887 0.778176 143
0.210774 -0.256132 0.889937 142
0.114121 -0.291515 0.902292 124
0.108328 -0.414177 0.817086 123
0.235267 -0.407887 0.778176 143
0.198854 -0.161776 0.934310 141
0.114121 -0.291515 0.902292 124
0.210774 -0.256132 0.889937 142
0.067288 -0.173570 0.965043 121
-0.064278 -0.185365 0.964932 103
-0.001975 -0.299378 0.908647 107
-0.012254 -0.470791 0.778362 105
0.034327 -0.646921 0.580224 102
0.141155 -0.577727 0.646226 120
-0.064278 -0.185365 0.964932 103
-0.035536 -0.096906 0.989480 104
-0.157522 -0.079215 0.969211 85
-0.001975 -0.299378 0.908647 107
-0.064278 -0.185365 0.964932 103
-0.118071 -0.307241 0.900649 89
0.067288 -0.173570 0.965043 121
-0.035536 -0.096906 0.989480 104
-0.064278 -0.185365 0.964932 103
-0.330420 -0.149981 0.912973 66
-0.195844 -0.197159 0.897207 84
-0.157522 -0.079215 0.969211 85
-0.330420 -0.149981 0.912973 66
-0.346313 -0.275789 0.914420 64
-0.195844 -0.197159 0.897207 84
-0.658594 0.038247 4.323188 29
-0.576964 0.099699 0.062362 44
-0.708183 0.161636 1.833596 28
-0.838383 -0.043527 62.822602 12
-0.715365 -0.101593 -11.114293 23
-0.773283 0.059054 -9.243314 18
-0.584401 -0.096754 1.639073 35
-0.469331 -0.217723 0.419143 49
-0.441136 -0.097722 0.772530 50
-0.715365 -0.101593 -11.114293 23
-0.584401 -0.096754 1.639073 35
-0.658594 0.038247 4.323188 29
-0.773283 0.059054 -9.243314 18
-0.715365 -0.101593 -11.114293 23
-0.658594 0.038247 4.323188 29
-0.680615 -0.197981 1.977806 22
-0.569181 -0.223917 1.929422 34
-0.584401 -0.096754 1.639073 35
-0.792049 -0.172045 13.775365 13
-0.680615 -0.197981 1.977806 22
-0.715365 -0.101593 -11.114293 23
-0.792049 -0.172045 13.775365 13
-0.847640 -0.274036 56.069921 11
-0.680489 -0.312940 -10.742886 21
-0.715365 -0.101593 -11.114293 23
-0.680615 -0.197981 1.977806 22
-0.584401 -0.096754 1.639073 35
-0.838383 -0.043527 62.822602 12
-0.792049 -0.172045 13.775365 13
-0.715365 -0.101593 -11.114293 23
-0.314527 -0.024174 0.857459 65
-0.298634 0.101634 0.848579 73
-0.445745 0.037763 1.034864 54
-0.680489 -0.312940 -10.742886 21
-0.592925 -0.376490 1.511875 33
-0.569181 -0.223917 1.929422 34
-0.569181 -0.223917 1.929422 34
-0.592925 -0.376490 1.511875 33
-0.443723 -0.339315 0.226065 48
-0.658410 -0.623625 0.136044 24
-0.616669 -0.529062 -0.755823 25
-0.735953 -0.529892 1.605025 15
-0.658410 -0.623625 0.136044 24
-0.534148 -0.701322 0.194093 31
-0.518255 -0.575515 0.584832 36
-0.443723 -0.339315 0.226065 48
-0.469331 -0.217723 0.419143 49
-0.569181 -0.223917 1.929422 34
-0.362206 -0.401597 0.759452 53
-0.443723 -0.339315 0.226065 48
-0.486789 -0.444362 0.616040 38
-0.362206 -0.401597 0.759452 53
-0.346313 -0.275789 0.914420 64
-0.443723 -0.339315 0.226065 48
0.247982 -0.508533 0.679857 139
0.141155 -0.577727 0.646226 120
0.298781 -0.621760 0.524161 138
-0.156928 -0.826197 0.293385 81
-0.072500 -0.716116 0.482107 83
-0.166657 -0.668938 0.522818 68
0.164458 -0.730094 0.439962 119
0.177179 -0.862891 0.224034 109
0.282937 -0.737084 0.376642 127
0.298781 -0.621760 0.524161 138
0.164458 -0.730094 0.439962 119
0.282937 -0.737084 0.376642 127
0.034327 -0.646921 0.580224 102
-0.005837 -0.810471 0.343013 101
0.164458 -0.730094 0.439962 119
0.108328 -0.414177 0.817086 123
0.247982 -0.508533 0.679857 139
0.235267 -0.407887 0.778176 143
-0.115913 -0.510892 0.724670 88
-0.012254 -0.470791 0.778362 105
-0.065162 -0.389016 0.843233 106
-0.219573 -0.550993 0.653954 69
-0.115913 -0.510892 0.724670 88
-0.145550 -0.426758 0.799205 87
-0.219573 -0.550993 0.653954 69
-0.166657 -0.668938 0.522818 68
-0.115913 -0.510892 0.724670 88
-0.115913 -0.510892 0.724670 88
-0.042377 -0.593453 0.646609 86
-0.012254 -0.470791 0.778362 105
0.378100 -0.527404 0.578887 158
0.362206 -0.401597 0.707549 159
0.247982 -0.508533 0.679857 139
