-0.903483 -0.146108 -3447957381201438400326296772714430464.000000 5
-0.992115 -0.125333 30577917455771454452047591768785420288.000000 1
-0.968583 -0.248690 -3504311549016812193592259657735340032.000000 2
-0.929776 -0.368125 278945970264247519500631242822385664.000000 3
-0.847640 -0.274036 996363734578651949959236621086752768.000000 11
-0.968583 -0.248690 -3504311549016812193592259657735340032.000000 2
-0.838383 -0.043527 1115218442133437398663809559598989312.000000 12
-1.000000 -0.000000 -2646732152489890238235077600891371520.000000 4
-0.903483 -0.146108 -3447957381201438400326296772714430464.000000 5
-0.791796 -0.401964 -212525704775826097488003871937658880.000000 10
-0.876307 -0.481754 22507596085080377704541889394376704.000000 6
-0.735953 -0.529892 25459300927885815481267435828412416.000000 15
-0.664439 -0.453191 96283947398101981126155814316277760.000000 20
-0.592925 -0.376490 17928053220521168323499151574695936.000000 33
-0.680489 -0.312940 -199436604242179552041178032580329472.000000 21
-0.616669 -0.529062 -19541420539123565951914731951357952.000000 25
-0.664439 -0.453191 96283947398101981126155814316277760.000000 20
-0.735953 -0.529892 25459300927885815481267435828412416.000000 15
-0.616669 -0.529062 -19541420539123565951914731951357952.000000 25
-0.592925 -0.376490 17928053220521168323499151574695936.000000 33
-0.664439 -0.453191 96283947398101981126155814316277760.000000 20
-0.847640 -0.274036 996363734578651949959236621086752768.000000 11
-0.929776 -0.368125 278945970264247519500631242822385664.000000 3
-0.791796 -0.401964 -212525704775826097488003871937658880.000000 10
-0.577982 0.366799 906842509273832853058617109118976.000000 58
-0.479568 0.320346 -472466921756729316154013059645440.000000 75
-0.512882 0.469380 -173985338495213919921280213057536.000000 77
-0.381154 0.273894 -495313674281800642031606766239744.000000 78
-0.528266 0.210023 2088133283949616000994248107229184.000000 59
-0.413450 0.155828 1022786588522493508230099052265472.000000 60
-0.389865 0.411315 156909128117786874779310980333568.000000 95
-0.479568 0.320346 -472466921756729316154013059645440.000000 75
-0.381154 0.273894 -495313674281800642031606766239744.000000 78
-0.250954 0.479057 -32820884617706319805840676093952.000000 114
-0.389865 0.411315 156909128117786874779310980333568.000000 95
-0.266847 0.353249 56897062837799370873122305605632.000000 98
-0.349368 0.525509 -31587723089084331864629360721920.000000 113
-0.447782 0.571962 42979298884306195220514438381568.000000 97
-0.389865 0.411315 156909128117786874779310980333568.000000 95
-0.577982 0.366799 906842509273832853058617109118976.000000 58
-0.528266 0.210023 2088133283949616000994248107229184.000000 59
-0.479568 0.320346 -472466921756729316154013059645440.000000 75
-0.080876 0.156675 -4144955074536013203227975614464.000000 110
-0.042554 0.274619 7723377692051905619326966693888.000000 117
-0.162647 0.251030 -35847688637957419975926395961344.000000 99
-0.189755 0.129154 114748396261529998295173093654528.000000 93
-0.080876 0.156675 -4144955074536013203227975614464.000000 110
-0.162647 0.251030 -35847688637957419975926395961344.000000 99
-0.282741 0.227442 40034552030592101065222696992768.000000 79
-0.189755 0.129154 114748396261529998295173093654528.000000 93
-0.162647 0.251030 -35847688637957419975926395961344.000000 99
-0.298634 0.101634 -925841963189320420104655572303872.000000 73
-0.216863 0.007278 339086467222929396973524018528256.000000 80
-0.189755 0.129154 114748396261529998295173093654528.000000 93
0.198854 -0.161776 438574301936374230298566590464.000000 141
0.078503 -0.051694 -1206636968568722915606115909632.000000 122
0.067288 -0.173570 -5394819005420590038456639422464.000000 121
0.125317 0.034143 -2607347206449410961533856382976.000000 128
0.020079 0.059698 11944246180509731421156655759360.000000 118
0.078503 -0.051694 -1206636968568722915606115909632.000000 122
0.196515 -0.037934 517731105410702342268072755200.000000 140
0.125317 0.034143 -2607347206449410961533856382976.000000 128
0.078503 -0.051694 -1206636968568722915606115909632.000000 122
0.172130 0.119981 -1257140720245276879617108475904.000000 137
0.020079 0.059698 11944246180509731421156655759360.000000 118
0.125317 0.034143 -2607347206449410961533856382976.000000 128
0.282741 0.227442 71012103339787823673023397888.000000 155
0.172130 0.119981 -1257140720245276879617108475904.000000 137
0.298634 0.101634 148366496833130449472669614080.000000 156
0.282741 0.227442 71012103339787823673023397888.000000 155
0.163714 0.327039 -157972033526092456570367508480.000000 153
0.167922 0.223510 958845719802079870898556370944.000000 147
-0.080876 0.156675 -4144955074536013203227975614464.000000 110
-0.119199 0.038730 -61579012448786368904211237699584.000000 100
0.020079 0.059698 11944246180509731421156655759360.000000 118
-0.838383 -0.043527 1115218442133437398663809559598989312.000000 12
-0.915249 0.040903 191201664591511133821281034878058496.000000 9
-1.000000 -0.000000 -2646732152489890238235077600891371520.000000 4
-0.903483 -0.146108 -3447957381201438400326296772714430464.000000 5
-1.000000 -0.000000 -2646732152489890238235077600891371520.000000 4
-0.992115 -0.125333 30577917455771454452047591768785420288.000000 1
-0.362206 -0.401597 926118801634962358651830063333376.000000 53
-0.378100 -0.527404 -696666071506418559832105387294720.000000 52
-0.272489 -0.433048 42505170955722203050984175828992.000000 67
-0.847640 -0.274036 996363734578651949959236621086752768.000000 11
-0.903483 -0.146108 -3447957381201438400326296772714430464.000000 5
-0.968583 -0.248690 -3504311549016812193592259657735340032.000000 2
-0.847640 -0.274036 996363734578651949959236621086752768.000000 11
-0.792049 -0.172045 239574326908305144044358953183739904.000000 13
-0.903483 -0.146108 -3447957381201438400326296772714430464.000000 5
-0.876307 -0.481754 22507596085080377704541889394376704.000000 6
-0.791796 -0.401964 -212525704775826097488003871937658880.000000 10
-0.929776 -0.368125 278945970264247519500631242822385664.000000 3
-0.664439 -0.453191 96283947398101981126155814316277760.000000 20
-0.791796 -0.401964 -212525704775826097488003871937658880.000000 10
-0.735953 -0.529892 25459300927885815481267435828412416.000000 15
-0.680615 -0.197981 26401075144746030775025830052495360.000000 22
-0.680489 -0.312940 -199436604242179552041178032580329472.000000 21
-0.569181 -0.223917 23249314259475929955425081901449216.000000 34
-0.680615 -0.197981 26401075144746030775025830052495360.000000 22
-0.792049 -0.172045 239574326908305144044358953183739904.000000 13
-0.680489 -0.312940 -199436604242179552041178032580329472.000000 21
-0.515073 -0.029496 -17514587561376168391535089426628608.000000 39
-0.441136 -0.097722 -415918542041890389726822133661696.000000 50
-0.445745 0.037763 4191017941082575678145407668453376.000000 54
-0.330420 -0.149981 796269154342243878942787994910720.000000 66
-0.469331 -0.217723 -5585817770007602839504076016713728.000000 49
-0.346313 -0.275789 1969286666660163120854487766401024.000000 64
-0.838383 -0.043527 1115218442133437398663809559598989312.000000 12
-0.903483 -0.146108 -3447957381201438400326296772714430464.000000 5
-0.792049 -0.172045 239574326908305144044358953183739904.000000 13
-0.735953 -0.529892 25459300927885815481267435828412416.000000 15
-0.809017 -0.587785 -16950216934129066217266465531232256.000000 7
-0.728969 -0.684547 -5551580746533897306938237622681600.000000 14
-0.346313 -0.275789 1969286666660163120854487766401024.000000 64
-0.469331 -0.217723 -5585817770007602839504076016713728.000000 49
-0.443723 -0.339315 -8238484167120677385400694746382336.000000 48
-0.876307 -0.481754 22507596085080377704541889394376704.000000 6
-0.809017 -0.587785 -16950216934129066217266465531232256.000000 7
-0.735953 -0.529892 25459300927885815481267435828412416.000000 15
-0.309017 0.951057 -634391837560677115859900039168.000000 148
-0.317582 0.777124 1247273030180944623868997271552.000000 131
-0.203275 0.856480 -35137410718368646161638621184.000000 149
-0.915249 0.040903 191201664591511133821281034878058496.000000 9
-0.992115 0.125333 258930870413409201612336061013295104.000000 8
-1.000000 -0.000000 -2646732152489890238235077600891371520.000000 4
-0.773283 0.059054 -171969143689574363097888052708638720.000000 18
-0.915249 0.040903 191201664591511133821281034878058496.000000 9
-0.838383 -0.043527 1115218442133437398663809559598989312.000000 12
-0.773283 0.059054 -171969143689574363097888052708638720.000000 18
-0.838383 0.205163 -51707689174217276548343187275513856.000000 17
-0.915249 0.040903 191201664591511133821281034878058496.000000 9
-0.317582 0.777124 1247273030180944623868997271552.000000 131
-0.309017 0.951057 -634391837560677115859900039168.000000 148
-0.425779 0.904827 918885290128011399876541677568.000000 130
-0.447782 0.737755 -3333794778106680338523099234304.000000 112
-0.425779 0.904827 918885290128011399876541677568.000000 130
-0.535827 0.844328 -1060666580934061530704032825344.000000 111
-0.992115 0.125333 258930870413409201612336061013295104.000000 8
-0.915249 0.040903 191201664591511133821281034878058496.000000 9
-0.838383 0.205163 -51707689174217276548343187275513856.000000 17
-0.382682 0.674543 -4930070482130449353162272800768.000000 115
-0.447782 0.571962 42979298884306195220514438381568.000000 97
-0.349368 0.525509 -31587723089084331864629360721920.000000 113
-0.425779 0.904827 918885290128011399876541677568.000000 130
-0.447782 0.737755 -3333794778106680338523099234304.000000 112
-0.317582 0.777124 1247273030180944623868997271552.000000 131
-0.382682 0.674543 -4930070482130449353162272800768.000000 115
-0.349368 0.525509 -31587723089084331864629360721920.000000 113
-0.235061 0.604864 10262018336826508759906306228224.000000 132
-0.816683 0.308437 10733143880191494446966550342664192.000000 27
-0.968583 0.248690 -33538515242932110764605549219676160.000000 16
-0.838383 0.205163 -51707689174217276548343187275513856.000000 17
-0.816683 0.308437 10733143880191494446966550342664192.000000 27
-0.929776 0.368125 3291051275410500089131272729788416.000000 26
-0.968583 0.248690 -33538515242932110764605549219676160.000000 16
-0.708183 0.161636 24278717189282918308514679341711360.000000 28
-0.816683 0.308437 10733143880191494446966550342664192.000000 27
-0.838383 0.205163 -51707689174217276548343187275513856.000000 17
-0.794983 0.411712 -1924894750378359670168265762537472.000000 41
-0.929776 0.368125 3291051275410500089131272729788416.000000 26
-0.816683 0.308437 10733143880191494446966550342664192.000000 27
-0.314527 -0.024174 -767458433111009037259328588873728.000000 65
-0.330420 -0.149981 796269154342243878942787994910720.000000 66
-0.157522 -0.079215 5329882930038757759174341296128.000000 85
-0.080876 0.156675 -4144955074536013203227975614464.000000 110
-0.189755 0.129154 114748396261529998295173093654528.000000 93
-0.119199 0.038730 -61579012448786368904211237699584.000000 100
-0.576964 0.099699 -10608852950358881362642866517573632.000000 44
-0.528266 0.210023 2088133283949616000994248107229184.000000 59
-0.643082 0.264217 -2323286193870562605649846681468928.000000 43
-0.773283 0.059054 -171969143689574363097888052708638720.000000 18
-0.658594 0.038247 67033566871888434158535394851815424.000000 29
-0.708183 0.161636 24278717189282918308514679341711360.000000 28
-0.445745 0.037763 4191017941082575678145407668453376.000000 54
-0.413450 0.155828 1022786588522493508230099052265472.000000 60
-0.576964 0.099699 -10608852950358881362642866517573632.000000 44
-0.216863 0.007278 339086467222929396973524018528256.000000 80
-0.298634 0.101634 -925841963189320420104655572303872.000000 73
-0.314527 -0.024174 -767458433111009037259328588873728.000000 65
-0.157522 -0.079215 5329882930038757759174341296128.000000 85
-0.216863 0.007278 339086467222929396973524018528256.000000 80
-0.314527 -0.024174 -767458433111009037259328588873728.000000 65
-0.119199 0.038730 -61579012448786368904211237699584.000000 100
-0.189755 0.129154 114748396261529998295173093654528.000000 93
-0.216863 0.007278 339086467222929396973524018528256.000000 80
-0.576964 0.099699 -10608852950358881362642866517573632.000000 44
-0.643082 0.264217 -2323286193870562605649846681468928.000000 43
-0.708183 0.161636 24278717189282918308514679341711360.000000 28
-0.413450 0.155828 1022786588522493508230099052265472.000000 60
-0.528266 0.210023 2088133283949616000994248107229184.000000 59
-0.576964 0.099699 -10608852950358881362642866517573632.000000 44
-0.298634 0.101634 -925841963189320420104655572303872.000000 73
-0.413450 0.155828 1022786588522493508230099052265472.000000 60
-0.445745 0.037763 4191017941082575678145407668453376.000000 54
-0.298634 0.101634 -925841963189320420104655572303872.000000 73
-0.282741 0.227442 40034552030592101065222696992768.000000 79
-0.413450 0.155828 1022786588522493508230099052265472.000000 60
-0.381154 0.273894 -495313674281800642031606766239744.000000 78
-0.266847 0.353249 56897062837799370873122305605632.000000 98
-0.389865 0.411315 156909128117786874779310980333568.000000 95
-0.381154 0.273894 -495313674281800642031606766239744.000000 78
-0.282741 0.227442 40034552030592101065222696992768.000000 79
-0.266847 0.353249 56897062837799370873122305605632.000000 98
-0.528266 0.210023 2088133283949616000994248107229184.000000 59
-0.381154 0.273894 -495313674281800642031606766239744.000000 78
-0.479568 0.320346 -472466921756729316154013059645440.000000 75
-0.413450 0.155828 1022786588522493508230099052265472.000000 60
-0.282741 0.227442 40034552030592101065222696992768.000000 79
-0.381154 0.273894 -495313674281800642031606766239744.000000 78
-0.577982 0.366799 906842509273832853058617109118976.000000 58
-0.643082 0.264217 -2323286193870562605649846681468928.000000 43
-0.528266 0.210023 2088133283949616000994248107229184.000000 59
-0.577982 0.366799 906842509273832853058617109118976.000000 58
-0.610532 0.481301 997652376377912526373772385583104.000000 57
-0.719033 0.337964 -5207264941807523912339927001464832.000000 42
-0.621382 0.574733 -184582466668448035819776622198784.000000 76
-0.708183 0.493222 1155112039640825529750909425287168.000000 56
-0.610532 0.481301 997652376377912526373772385583104.000000 57
-0.719033 0.337964 -5207264941807523912339927001464832.000000 42
-0.816683 0.308437 10733143880191494446966550342664192.000000 27
-0.708183 0.161636 24278717189282918308514679341711360.000000 28
-0.577982 0.366799 906842509273832853058617109118976.000000 58
-0.719033 0.337964 -5207264941807523912339927001464832.000000 42
-0.643082 0.264217 -2323286193870562605649846681468928.000000 43
-0.794983 0.411712 -1924894750378359670168265762537472.000000 41
-0.816683 0.308437 10733143880191494446966550342664192.000000 27
-0.719033 0.337964 -5207264941807523912339927001464832.000000 42
-0.708183 0.493222 1155112039640825529750909425287168.000000 56
-0.794983 0.411712 -1924894750378359670168265762537472.000000 41
-0.719033 0.337964 -5207264941807523912339927001464832.000000 42
-0.610532 0.481301 997652376377912526373772385583104.000000 57
-0.708183 0.493222 1155112039640825529750909425287168.000000 56
-0.719033 0.337964 -5207264941807523912339927001464832.000000 42
-0.512882 0.469380 -173985338495213919921280213057536.000000 77
-0.610532 0.481301 997652376377912526373772385583104.000000 57
-0.577982 0.366799 906842509273832853058617109118976.000000 58
-0.512882 0.469380 -173985338495213919921280213057536.000000 77
-0.621382 0.574733 -184582466668448035819776622198784.000000 76
-0.610532 0.481301 997652376377912526373772385583104.000000 57
-0.621382 0.574733 -184582466668448035819776622198784.000000 76
-0.809017 0.587785 -287492569035695678514538171334656.000000 55
-0.708183 0.493222 1155112039640825529750909425287168.000000 56
-0.876307 0.481754 -266146652338589908020747437080576.000000 40
-0.929776 0.368125 3291051275410500089131272729788416.000000 26
-0.794983 0.411712 -1924894750378359670168265762537472.000000 41
-0.445745 0.037763 4191017941082575678145407668453376.000000 54
-0.441136 -0.097722 -415918542041890389726822133661696.000000 50
-0.314527 -0.024174 -767458433111009037259328588873728.000000 65
-0.838383 0.205163 -51707689174217276548343187275513856.000000 17
-0.773283 0.059054 -171969143689574363097888052708638720.000000 18
-0.708183 0.161636 24278717189282918308514679341711360.000000 28
-0.643082 0.264217 -2323286193870562605649846681468928.000000 43
-0.719033 0.337964 -5207264941807523912339927001464832.000000 42
-0.708183 0.161636 24278717189282918308514679341711360.000000 28
-0.968583 0.248690 -33538515242932110764605549219676160.000000 16
-0.992115 0.125333 258930870413409201612336061013295104.000000 8
-0.838383 0.205163 -51707689174217276548343187275513856.000000 17
-0.515073 -0.029496 -17514587561376168391535089426628608.000000 39
-0.576964 0.099699 -10608852950358881362642866517573632.000000 44
-0.658594 0.038247 67033566871888434158535394851815424.000000 29
-0.441136 -0.097722 -415918542041890389726822133661696.000000 50
-0.515073 -0.029496 -17514587561376168391535089426628608.000000 39
-0.584401 -0.096754 17656602262773225943987109561892864.000000 35
-0.445745 0.037763 4191017941082575678145407668453376.000000 54
-0.576964 0.099699 -10608852950358881362642866517573632.000000 44
-0.515073 -0.029496 -17514587561376168391535089426628608.000000 39
-0.794983 0.411712 -1924894750378359670168265762537472.000000 41
-0.708183 0.493222 1155112039640825529750909425287168.000000 56
-0.876307 0.481754 -266146652338589908020747437080576.000000 40
-0.447782 0.571962 42979298884306195220514438381568.000000 97
-0.534582 0.656244 21086953442398739280582433308672.000000 96
-0.621382 0.574733 -184582466668448035819776622198784.000000 76
-0.389865 0.411315 156909128117786874779310980333568.000000 95
-0.447782 0.571962 42979298884306195220514438381568.000000 97
-0.512882 0.469380 -173985338495213919921280213057536.000000 77
-0.479568 0.320346 -472466921756729316154013059645440.000000 75
-0.389865 0.411315 156909128117786874779310980333568.000000 95
-0.512882 0.469380 -173985338495213919921280213057536.000000 77
-0.250954 0.479057 -32820884617706319805840676093952.000000 114
-0.235061 0.604864 10262018336826508759906306228224.000000 132
-0.349368 0.525509 -31587723089084331864629360721920.000000 113
-0.382682 0.674543 -4930070482130449353162272800768.000000 115
-0.534582 0.656244 21086953442398739280582433308672.000000 96
-0.447782 0.571962 42979298884306195220514438381568.000000 97
-0.728969 0.684547 142269954199526587755574622945280.000000 74
-0.809017 0.587785 -287492569035695678514538171334656.000000 55
-0.621382 0.574733 -184582466668448035819776622198784.000000 76
-0.447782 0.737755 -3333794778106680338523099234304.000000 112
-0.382682 0.674543 -4930070482130449353162272800768.000000 115
-0.317582 0.777124 1247273030180944623868997271552.000000 131
-0.534582 0.656244 21086953442398739280582433308672.000000 96
-0.447782 0.737755 -3333794778106680338523099234304.000000 112
-0.535827 0.844328 -1060666580934061530704032825344.000000 111
-0.534582 0.656244 21086953442398739280582433308672.000000 96
-0.382682 0.674543 -4930070482130449353162272800768.000000 115
-0.447782 0.737755 -3333794778106680338523099234304.000000 112
-0.728969 0.684547 142269954199526587755574622945280.000000 74
-0.631775 0.670396 11344629524210779792165973262336.000000 92
-0.637424 0.770513 -28310204494361531543611183726592.000000 94
-0.621382 0.574733 -184582466668448035819776622198784.000000 76
-0.512882 0.469380 -173985338495213919921280213057536.000000 77
-0.447782 0.571962 42979298884306195220514438381568.000000 97
-0.631775 0.670396 11344629524210779792165973262336.000000 92
-0.534582 0.656244 21086953442398739280582433308672.000000 96
-0.637424 0.770513 -28310204494361531543611183726592.000000 94
-0.621382 0.574733 -184582466668448035819776622198784.000000 76
-0.631775 0.670396 11344629524210779792165973262336.000000 92
-0.728969 0.684547 142269954199526587755574622945280.000000 74
-0.621382 0.574733 -184582466668448035819776622198784.000000 76
-0.534582 0.656244 21086953442398739280582433308672.000000 96
-0.631775 0.670396 11344629524210779792165973262336.000000 92
0.794983 0.411712 -110560849241698733507215360.000000 236
0.929776 0.368125 -110117384145003675023048704.000000 237
0.876307 0.481754 239482687976204161767178240.000000 242
0.708183 0.493222 -333762621083834050181857280.000000 238
0.794983 0.411712 -110560849241698733507215360.000000 236
0.876307 0.481754 239482687976204161767178240.000000 242
0.610532 0.481301 571444014225104701866639360.000000 223
0.577982 0.366799 -972124521187306518242918400.000000 208
0.719033 0.337964 357274909391353489406296064.000000 222
0.349368 0.525509 17955986256478700674423455744.000000 189
0.512882 0.469380 -3753552801152942668418908160.000000 207
0.447782 0.571962 -5311850151002017792643825664.000000 205
0.349368 0.525509 17955986256478700674423455744.000000 189
0.422415 0.360024 4270136146789936264185380864.000000 190
0.512882 0.469380 -3753552801152942668418908160.000000 207
0.445745 0.037763 -5324790632093916905041035264.000000 170
0.314527 -0.024174 -117119580434992903899318321152.000000 157
0.441136 -0.097722 48396850747196658412781830144.000000 175
0.643082 0.264217 -1839551523858036949805694976.000000 206
0.522968 0.251959 4841198407803323798870032384.000000 191
0.571666 0.141635 7355885086960905450541809664.000000 188
0.794983 0.245918 382833173229282225912020992.000000 220
0.719033 0.337964 357274909391353489406296064.000000 222
0.643082 0.264217 -1839551523858036949805694976.000000 206
0.870933 0.153872 179589475272790654312251392.000000 219
0.794983 0.245918 382833173229282225912020992.000000 220
0.708183 0.161636 -1286857078564477063200243712.000000 204
0.870933 0.153872 179589475272790654312251392.000000 219
0.968583 0.248690 -161501961062381658467991552.000000 230
0.794983 0.245918 382833173229282225912020992.000000 220
0.577982 0.366799 -972124521187306518242918400.000000 208
0.422415 0.360024 4270136146789936264185380864.000000 190
0.522968 0.251959 4841198407803323798870032384.000000 191
0.040329 0.180264 -2525465416607700122956560596992.000000 129
0.167922 0.223510 958845719802079870898556370944.000000 147
0.060580 0.300829 -620370136830907072304289677312.000000 136
0.794983 0.245918 382833173229282225912020992.000000 220
0.643082 0.264217 -1839551523858036949805694976.000000 206
0.708183 0.161636 -1286857078564477063200243712.000000 204
0.708183 0.493222 -333762621083834050181857280.000000 238
0.719033 0.337964 357274909391353489406296064.000000 222
0.794983 0.411712 -110560849241698733507215360.000000 236
0.577982 0.366799 -972124521187306518242918400.000000 208
0.643082 0.264217 -1839551523858036949805694976.000000 206
0.719033 0.337964 357274909391353489406296064.000000 222
0.915249 0.040903 -27377434844803009188200448.000000 228
0.773283 0.059054 92982798390702774125854720.000000 215
0.838383 -0.043527 -311090444151942795287855104.000000 225
1.000000 -0.000000 211488000244452031866077184.000000 240
0.915249 0.040903 -27377434844803009188200448.000000 228
0.838383 -0.043527 -311090444151942795287855104.000000 225
0.992115 0.125333 -54669765029386621707878400.000000 233
0.968583 0.248690 -161501961062381658467991552.000000 230
0.870933 0.153872 179589475272790654312251392.000000 219
0.794983 0.245918 382833173229282225912020992.000000 220
0.929776 0.368125 -110117384145003675023048704.000000 237
0.794983 0.411712 -110560849241698733507215360.000000 236
0.062791 0.998027 -5288686510761657372594143232.000000 198
0.023973 0.872212 -1656588240084378920027160576.000000 184
0.187381 0.982287 -7335021670521603869284237312.000000 199
0.425779 0.904827 1220461401921700882091606016.000000 216
0.309017 0.951057 -11428037356717146198134226944.000000 214
0.360982 0.819266 4990398551663682580343947264.000000 203
0.309017 0.951057 -11428037356717146198134226944.000000 214
0.203275 0.856480 29710129402554526848920846336.000000 200
0.360982 0.819266 4990398551663682580343947264.000000 203
0.382682 0.674543 14617791042180669645877411840.000000 202
0.447782 0.737755 -3556576424552233483722817536.000000 218
0.360982 0.819266 4990398551663682580343947264.000000 203
0.512882 0.469380 -3753552801152942668418908160.000000 207
0.621382 0.574733 1557366451265652830928633856.000000 221
0.447782 0.571962 -5311850151002017792643825664.000000 205
0.719033 0.337964 357274909391353489406296064.000000 222
0.708183 0.493222 -333762621083834050181857280.000000 238
0.610532 0.481301 571444014225104701866639360.000000 223
0.809017 0.587785 -367682655001897112050860032.000000 235
0.728969 0.684547 -502793297176902188765544448.000000 234
0.621382 0.574733 1557366451265652830928633856.000000 221
0.621382 0.574733 1557366451265652830928633856.000000 221
0.534582 0.656244 -1088157374687178702769356800.000000 217
0.447782 0.571962 -5311850151002017792643825664.000000 205
0.809017 0.587785 -367682655001897112050860032.000000 235
0.621382 0.574733 1557366451265652830928633856.000000 221
0.708183 0.493222 -333762621083834050181857280.000000 238
0.631775 0.670396 -22105361736659943529906176.000000 229
0.534582 0.656244 -1088157374687178702769356800.000000 217
0.621382 0.574733 1557366451265652830928633856.000000 221
0.728969 0.684547 -502793297176902188765544448.000000 234
0.631775 0.670396 -22105361736659943529906176.000000 229
0.621382 0.574733 1557366451265652830928633856.000000 221
0.728969 0.684547 -502793297176902188765544448.000000 234
0.637424 0.770513 159200490972933979509882880.000000 231
0.631775 0.670396 -22105361736659943529906176.000000 229
0.447782 0.737755 -3556576424552233483722817536.000000 218
0.425779 0.904827 1220461401921700882091606016.000000 216
0.360982 0.819266 4990398551663682580343947264.000000 203
0.794983 0.245918 382833173229282225912020992.000000 220
0.794983 0.411712 -110560849241698733507215360.000000 236
0.719033 0.337964 357274909391353489406296064.000000 222
0.610532 0.481301 571444014225104701866639360.000000 223
0.621382 0.574733 1557366451265652830928633856.000000 221
0.512882 0.469380 -3753552801152942668418908160.000000 207
0.577982 0.366799 -972124521187306518242918400.000000 208
0.610532 0.481301 571444014225104701866639360.000000 223
0.512882 0.469380 -3753552801152942668418908160.000000 207
0.708183 0.493222 -333762621083834050181857280.000000 238
0.621382 0.574733 1557366451265652830928633856.000000 221
0.610532 0.481301 571444014225104701866639360.000000 223
0.637424 0.770513 159200490972933979509882880.000000 231
0.534582 0.656244 -1088157374687178702769356800.000000 217
0.631775 0.670396 -22105361736659943529906176.000000 229
0.637424 0.770513 159200490972933979509882880.000000 231
0.535827 0.844328 1271561384539190184514682880.000000 232
0.534582 0.656244 -1088157374687178702769356800.000000 217
0.235061 0.604864 -39486668227576498112794984448.000000 186
0.219168 0.730672 -52050123363562033403580645376.000000 187
0.072414 0.628453 429061239472324099024095281152.000000 169
0.447782 0.737755 -3556576424552233483722817536.000000 218
0.535827 0.844328 1271561384539190184514682880.000000 232
0.425779 0.904827 1220461401921700882091606016.000000 216
0.534582 0.656244 -1088157374687178702769356800.000000 217
0.447782 0.737755 -3556576424552233483722817536.000000 218
0.382682 0.674543 14617791042180669645877411840.000000 202
0.534582 0.656244 -1088157374687178702769356800.000000 217
0.535827 0.844328 1271561384539190184514682880.000000 232
0.447782 0.737755 -3556576424552233483722817536.000000 218
-0.135539 0.372907 187803686332047126077122805760.000000 116
-0.250954 0.479057 -32820884617706319805840676093952.000000 114
-0.266847 0.353249 56897062837799370873122305605632.000000 98
0.060580 0.300829 -620370136830907072304289677312.000000 136
-0.004231 0.392564 -1983328186660363611593351626752.000000 135
-0.042554 0.274619 7723377692051905619326966693888.000000 117
0.040329 0.180264 -2525465416607700122956560596992.000000 129
0.060580 0.300829 -620370136830907072304289677312.000000 136
-0.042554 0.274619 7723377692051905619326966693888.000000 117
0.163714 0.327039 -157972033526092456570367508480.000000 153
0.123361 0.435810 451813502432112014799881109504.000000 154
0.060580 0.300829 -620370136830907072304289677312.000000 136
-0.080876 0.156675 -4144955074536013203227975614464.000000 110
0.020079 0.059698 11944246180509731421156655759360.000000 118
0.040329 0.180264 -2525465416607700122956560596992.000000 129
0.266847 0.353249 -46032926199044543379807404032.000000 172
0.250954 0.479057 -63490908636896218556043100160.000000 171
0.123361 0.435810 451813502432112014799881109504.000000 154
-0.108431 0.494783 4478451203234891154022423592960.000000 133
-0.250954 0.479057 -32820884617706319805840676093952.000000 114
-0.135539 0.372907 187803686332047126077122805760.000000 116
-0.004231 0.392564 -1983328186660363611593351626752.000000 135
-0.108431 0.494783 4478451203234891154022423592960.000000 133
-0.135539 0.372907 187803686332047126077122805760.000000 116
0.034091 0.510509 -174838869015240572636378431488.000000 151
0.072414 0.628453 429061239472324099024095281152.000000 169
-0.081324 0.616659 -2321299053203983794440157265920.000000 152
0.034091 0.510509 -174838869015240572636378431488.000000 151
0.123361 0.435810 451813502432112014799881109504.000000 154
0.134576 0.557687 -117676205734264061047330570240.000000 168
0.381154 0.273894 1035372227196660235238375424.000000 173
0.266847 0.353249 -46032926199044543379807404032.000000 172
0.282741 0.227442 71012103339787823673023397888.000000 155
0.413450 0.155828 -36031830103184476991792349184.000000 174
0.445745 0.037763 -5324790632093916905041035264.000000 170
0.571666 0.141635 7355885086960905450541809664.000000 188
0.282741 0.227442 71012103339787823673023397888.000000 155
0.413450 0.155828 -36031830103184476991792349184.000000 174
0.381154 0.273894 1035372227196660235238375424.000000 173
0.298634 0.101634 148366496833130449472669614080.000000 156
0.445745 0.037763 -5324790632093916905041035264.000000 170
0.413450 0.155828 -36031830103184476991792349184.000000 174
0.577982 0.366799 -972124521187306518242918400.000000 208
0.512882 0.469380 -3753552801152942668418908160.000000 207
0.422415 0.360024 4270136146789936264185380864.000000 190
0.134576 0.557687 -117676205734264061047330570240.000000 168
0.235061 0.604864 -39486668227576498112794984448.000000 186
0.072414 0.628453 429061239472324099024095281152.000000 169
0.034091 0.510509 -174838869015240572636378431488.000000 151
0.134576 0.557687 -117676205734264061047330570240.000000 168
0.072414 0.628453 429061239472324099024095281152.000000 169
0.123361 0.435810 451813502432112014799881109504.000000 154
0.250954 0.479057 -63490908636896218556043100160.000000 171
0.134576 0.557687 -117676205734264061047330570240.000000 168
0.422415 0.360024 4270136146789936264185380864.000000 190
0.349368 0.525509 17955986256478700674423455744.000000 189
0.266847 0.353249 -46032926199044543379807404032.000000 172
0.349368 0.525509 17955986256478700674423455744.000000 189
0.235061 0.604864 -39486668227576498112794984448.000000 186
0.250954 0.479057 -63490908636896218556043100160.000000 171
0.266847 0.353249 -46032926199044543379807404032.000000 172
0.349368 0.525509 17955986256478700674423455744.000000 189
0.250954 0.479057 -63490908636896218556043100160.000000 171
0.447782 0.571962 -5311850151002017792643825664.000000 205
0.382682 0.674543 14617791042180669645877411840.000000 202
0.349368 0.525509 17955986256478700674423455744.000000 189
0.023973 0.872212 -1656588240084378920027160576.000000 184
0.062791 0.998027 -5288686510761657372594143232.000000 198
-0.062791 0.998027 32405354037101424305154031616.000000 182
-0.089651 0.864346 -181998559544646123307189403648.000000 166
0.023973 0.872212 -1656588240084378920027160576.000000 184
-0.062791 0.998027 32405354037101424305154031616.000000 182
-0.187381 0.982287 170523939927575533603300311040.000000 165
-0.089651 0.864346 -181998559544646123307189403648.000000 166
-0.062791 0.998027 32405354037101424305154031616.000000 182
-0.203275 0.856480 -35137410718368646161638621184.000000 149
-0.109200 0.735914 660855218491541434999932715008.000000 150
-0.089651 0.864346 -181998559544646123307189403648.000000 166
0.000768 0.741156 288285126378243698256961863680.000000 167
0.110736 0.746398 -123940833587189814632831254528.000000 183
0.023973 0.872212 -1656588240084378920027160576.000000 184
0.219168 0.730672 -52050123363562033403580645376.000000 187
0.110736 0.746398 -123940833587189814632831254528.000000 183
0.072414 0.628453 429061239472324099024095281152.000000 169
0.203275 0.856480 29710129402554526848920846336.000000 200
0.187381 0.982287 -7335021670521603869284237312.000000 199
0.023973 0.872212 -1656588240084378920027160576.000000 184
0.187381 0.982287 -7335021670521603869284237312.000000 199
0.203275 0.856480 29710129402554526848920846336.000000 200
0.309017 0.951057 -11428037356717146198134226944.000000 214
-0.235061 0.604864 10262018336826508759906306228224.000000 132
-0.250954 0.479057 -32820884617706319805840676093952.000000 114
-0.108431 0.494783 4478451203234891154022423592960.000000 133
-0.109200 0.735914 660855218491541434999932715008.000000 150
-0.203275 0.856480 -35137410718368646161638621184.000000 149
-0.219168 0.730672 -1146762121132903144209778737152.000000 134
0.072414 0.628453 429061239472324099024095281152.000000 169
0.000768 0.741156 288285126378243698256961863680.000000 167
-0.081324 0.616659 -2321299053203983794440157265920.000000 152
0.000768 0.741156 288285126378243698256961863680.000000 167
0.023973 0.872212 -1656588240084378920027160576.000000 184
-0.089651 0.864346 -181998559544646123307189403648.000000 166
-0.219168 0.730672 -1146762121132903144209778737152.000000 134
-0.317582 0.777124 1247273030180944623868997271552.000000 131
-0.382682 0.674543 -4930070482130449353162272800768.000000 115
-0.108431 0.494783 4478451203234891154022423592960.000000 133
-0.081324 0.616659 -2321299053203983794440157265920.000000 152
-0.235061 0.604864 10262018336826508759906306228224.000000 132
-0.203275 0.856480 -35137410718368646161638621184.000000 149
-0.317582 0.777124 1247273030180944623868997271552.000000 131
-0.219168 0.730672 -1146762121132903144209778737152.000000 134
0.809017 0.587785 -367682655001897112050860032.000000 235
0.708183 0.493222 -333762621083834050181857280.000000 238
0.876307 0.481754 239482687976204161767178240.000000 242
0.469331 -0.217723 -54523332366955511034201243648.000000 178
0.443723 -0.339315 -112037924088724414409142697984.000000 177
0.569181 -0.223917 23301037707265161936695721984.000000 195
0.992115 -0.125333 163394248717486929869799424.000000 243
0.903483 -0.146108 -427293874073673133847478272.000000 239
0.968583 -0.248690 -15792818951171755055513600.000000 241
0.992115 -0.125333 163394248717486929869799424.000000 243
1.000000 -0.000000 211488000244452031866077184.000000 240
0.903483 -0.146108 -427293874073673133847478272.000000 239
-0.616669 -0.529062 -19541420539123565951914731951357952.000000 25
-0.518255 -0.575515 3293129239253309232056148732936192.000000 36
-0.486789 -0.444362 900001146404900495863081632530432.000000 38
-0.728969 -0.684547 -5551580746533897306938237622681600.000000 14
-0.658410 -0.623625 -740968061763978054505945507037184.000000 24
-0.735953 -0.529892 25459300927885815481267435828412416.000000 15
-0.433694 -0.622226 -403798657975383428863572182040576.000000 37
-0.409886 -0.779019 153204074805923994795054156742656.000000 45
-0.349134 -0.668938 134091430121404819149963338448896.000000 51
-0.637424 -0.770513 1193254089368932670994370449637376.000000 19
-0.534148 -0.701322 -512594679789221380211090896453632.000000 31
-0.658410 -0.623625 -740968061763978054505945507037184.000000 24
-0.637424 -0.770513 1193254089368932670994370449637376.000000 19
-0.535827 -0.844328 -55487102610918448124011489525760.000000 30
-0.534148 -0.701322 -512594679789221380211090896453632.000000 31
0.664439 -0.453191 -4149518974496465604858347520.000000 197
0.736206 -0.299972 -7972166340330936703503040512.000000 212
0.592925 -0.376490 23725631425035385125598134272.000000 194
0.736206 -0.299972 -7972166340330936703503040512.000000 212
0.792049 -0.172045 1834862546088229408425902080.000000 224
0.680615 -0.197981 -3501639308841951239914651648.000000 209
0.929776 -0.368125 -938526363952282082920628224.000000 226
0.847640 -0.274036 821117223220476258205827072.000000 227
0.791796 -0.401964 2183146198020087646506713088.000000 213
0.929776 -0.368125 -938526363952282082920628224.000000 226
0.968583 -0.248690 -15792818951171755055513600.000000 241
0.847640 -0.274036 821117223220476258205827072.000000 227
0.715365 -0.101593 362209954912798755596009472.000000 210
0.584401 -0.096754 -1151902902329581268723826688.000000 192
0.680615 -0.197981 -3501639308841951239914651648.000000 209
0.773283 0.059054 92982798390702774125854720.000000 215
0.715365 -0.101593 362209954912798755596009472.000000 210
0.838383 -0.043527 -311090444151942795287855104.000000 225
0.662567 0.006795 544549543445304216706351104.000000 201
0.708183 0.161636 -1286857078564477063200243712.000000 204
0.571666 0.141635 7355885086960905450541809664.000000 188
-0.592925 -0.376490 17928053220521168323499151574695936.000000 33
-0.486789 -0.444362 900001146404900495863081632530432.000000 38
-0.443723 -0.339315 -8238484167120677385400694746382336.000000 48
-0.791796 -0.401964 -212525704775826097488003871937658880.000000 10
-0.664439 -0.453191 96283947398101981126155814316277760.000000 20
-0.680489 -0.312940 -199436604242179552041178032580329472.000000 21
-0.616669 -0.529062 -19541420539123565951914731951357952.000000 25
-0.486789 -0.444362 900001146404900495863081632530432.000000 38
-0.592925 -0.376490 17928053220521168323499151574695936.000000 33
-0.584401 -0.096754 17656602262773225943987109561892864.000000 35
-0.569181 -0.223917 23249314259475929955425081901449216.000000 34
-0.469331 -0.217723 -5585817770007602839504076016713728.000000 49
-0.680489 -0.312940 -199436604242179552041178032580329472.000000 21
-0.847640 -0.274036 996363734578651949959236621086752768.000000 11
-0.791796 -0.401964 -212525704775826097488003871937658880.000000 10
-0.035536 -0.096906 2391945739660327677110851207168.000000 104
-0.119199 0.038730 -61579012448786368904211237699584.000000 100
-0.157522 -0.079215 5329882930038757759174341296128.000000 85
-0.195844 -0.197159 -455997480049714869658680624676864.000000 84
-0.064278 -0.185365 61071395476193085764414574952448.000000 103
-0.157522 -0.079215 5329882930038757759174341296128.000000 85
0.196515 -0.037934 517731105410702342268072755200.000000 140
0.314527 -0.024174 -117119580434992903899318321152.000000 157
0.298634 0.101634 148366496833130449472669614080.000000 156
0.125317 0.034143 -2607347206449410961533856382976.000000 128
0.196515 -0.037934 517731105410702342268072755200.000000 140
0.172130 0.119981 -1257140720245276879617108475904.000000 137
-0.035536 -0.096906 2391945739660327677110851207168.000000 104
0.078503 -0.051694 -1206636968568722915606115909632.000000 122
0.020079 0.059698 11944246180509731421156655759360.000000 118
-0.035536 -0.096906 2391945739660327677110851207168.000000 104
0.067288 -0.173570 -5394819005420590038456639422464.000000 121
0.078503 -0.051694 -1206636968568722915606115909632.000000 122
0.198854 -0.161776 438574301936374230298566590464.000000 141
0.330420 -0.149981 -103768405782544367971249160192.000000 160
0.196515 -0.037934 517731105410702342268072755200.000000 140
0.078503 -0.051694 -1206636968568722915606115909632.000000 122
0.198854 -0.161776 438574301936374230298566590464.000000 141
0.196515 -0.037934 517731105410702342268072755200.000000 140
-0.001975 -0.299378 -30710880732076118472005787844608.000000 107
0.114121 -0.291515 5282979359414160510635554635776.000000 124
0.067288 -0.173570 -5394819005420590038456639422464.000000 121
-0.065162 -0.389016 -21187241253753811141176999280640.000000 106
-0.001975 -0.299378 -30710880732076118472005787844608.000000 107
-0.118071 -0.307241 160282494520540901910775857152000.000000 89
-0.145550 -0.426758 44800180430227020937628103999488.000000 87
-0.065162 -0.389016 -21187241253753811141176999280640.000000 106
-0.118071 -0.307241 160282494520540901910775857152000.000000 89
-0.012254 -0.470791 2789721576312009595477118943232.000000 105
0.108328 -0.414177 6495166304317049818016571719680.000000 123
-0.065162 -0.389016 -21187241253753811141176999280640.000000 106
-0.065162 -0.389016 -21187241253753811141176999280640.000000 106
0.108328 -0.414177 6495166304317049818016571719680.000000 123
-0.001975 -0.299378 -30710880732076118472005787844608.000000 107
0.441136 -0.097722 48396850747196658412781830144.000000 175
0.314527 -0.024174 -117119580434992903899318321152.000000 157
0.330420 -0.149981 -103768405782544367971249160192.000000 160
-0.035536 -0.096906 2391945739660327677110851207168.000000 104
0.020079 0.059698 11944246180509731421156655759360.000000 118
-0.119199 0.038730 -61579012448786368904211237699584.000000 100
0.522968 0.251959 4841198407803323798870032384.000000 191
0.643082 0.264217 -1839551523858036949805694976.000000 206
0.577982 0.366799 -972124521187306518242918400.000000 208
0.381154 0.273894 1035372227196660235238375424.000000 173
0.522968 0.251959 4841198407803323798870032384.000000 191
0.422415 0.360024 4270136146789936264185380864.000000 190
0.266847 0.353249 -46032926199044543379807404032.000000 172
0.381154 0.273894 1035372227196660235238375424.000000 173
0.422415 0.360024 4270136146789936264185380864.000000 190
0.282741 0.227442 71012103339787823673023397888.000000 155
0.298634 0.101634 148366496833130449472669614080.000000 156
0.413450 0.155828 -36031830103184476991792349184.000000 174
0.584401 -0.096754 -1151902902329581268723826688.000000 192
0.441136 -0.097722 48396850747196658412781830144.000000 175
0.469331 -0.217723 -54523332366955511034201243648.000000 178
0.381154 0.273894 1035372227196660235238375424.000000 173
0.413450 0.155828 -36031830103184476991792349184.000000 174
0.522968 0.251959 4841198407803323798870032384.000000 191
0.298634 0.101634 148366496833130449472669614080.000000 156
0.314527 -0.024174 -117119580434992903899318321152.000000 157
0.445745 0.037763 -5324790632093916905041035264.000000 170
0.571666 0.141635 7355885086960905450541809664.000000 188
0.708183 0.161636 -1286857078564477063200243712.000000 204
0.643082 0.264217 -1839551523858036949805694976.000000 206
0.413450 0.155828 -36031830103184476991792349184.000000 174
0.571666 0.141635 7355885086960905450541809664.000000 188
0.522968 0.251959 4841198407803323798870032384.000000 191
0.662567 0.006795 544549543445304216706351104.000000 201
0.715365 -0.101593 362209954912798755596009472.000000 210
0.773283 0.059054 92982798390702774125854720.000000 215
0.708183 0.161636 -1286857078564477063200243712.000000 204
0.662567 0.006795 544549543445304216706351104.000000 201
0.773283 0.059054 92982798390702774125854720.000000 215
0.543905 0.017440 -10525869586731710015541870592.000000 185
0.584401 -0.096754 -1151902902329581268723826688.000000 192
0.662567 0.006795 544549543445304216706351104.000000 201
0.445745 0.037763 -5324790632093916905041035264.000000 170
0.543905 0.017440 -10525869586731710015541870592.000000 185
0.571666 0.141635 7355885086960905450541809664.000000 188
0.445745 0.037763 -5324790632093916905041035264.000000 170
0.441136 -0.097722 48396850747196658412781830144.000000 175
0.543905 0.017440 -10525869586731710015541870592.000000 185
0.794983 0.245918 382833173229282225912020992.000000 220
0.968583 0.248690 -161501961062381658467991552.000000 230
0.929776 0.368125 -110117384145003675023048704.000000 237
0.773283 0.059054 92982798390702774125854720.000000 215
0.870933 0.153872 179589475272790654312251392.000000 219
0.708183 0.161636 -1286857078564477063200243712.000000 204
0.773283 0.059054 92982798390702774125854720.000000 215
0.915249 0.040903 -27377434844803009188200448.000000 228
0.870933 0.153872 179589475272790654312251392.000000 219
0.838383 -0.043527 -311090444151942795287855104.000000 225
0.903483 -0.146108 -427293874073673133847478272.000000 239
1.000000 -0.000000 211488000244452031866077184.000000 240
0.584401 -0.096754 -1151902902329581268723826688.000000 192
0.569181 -0.223917 23301037707265161936695721984.000000 195
0.680615 -0.197981 -3501639308841951239914651648.000000 209
0.662567 0.006795 544549543445304216706351104.000000 201
0.584401 -0.096754 -1151902902329581268723826688.000000 192
0.715365 -0.101593 362209954912798755596009472.000000 210
0.543905 0.017440 -10525869586731710015541870592.000000 185
0.441136 -0.097722 48396850747196658412781830144.000000 175
0.584401 -0.096754 -1151902902329581268723826688.000000 192
0.662567 0.006795 544549543445304216706351104.000000 201
0.571666 0.141635 7355885086960905450541809664.000000 188
0.543905 0.017440 -10525869586731710015541870592.000000 185
0.330420 -0.149981 -103768405782544367971249160192.000000 160
0.346313 -0.275789 452066150682431627198665326592.000000 161
0.469331 -0.217723 -54523332366955511034201243648.000000 178
0.664439 -0.453191 -4149518974496465604858347520.000000 197
0.592925 -0.376490 23725631425035385125598134272.000000 194
0.616669 -0.529062 6894404455142174723911188480.000000 181
0.735953 -0.529892 -336568917394574522915487744.000000 196
0.664439 -0.453191 -4149518974496465604858347520.000000 197
0.616669 -0.529062 6894404455142174723911188480.000000 181
0.735953 -0.529892 -336568917394574522915487744.000000 196
0.791796 -0.401964 2183146198020087646506713088.000000 213
0.664439 -0.453191 -4149518974496465604858347520.000000 197
0.838383 -0.043527 -311090444151942795287855104.000000 225
0.715365 -0.101593 362209954912798755596009472.000000 210
0.792049 -0.172045 1834862546088229408425902080.000000 224
0.443723 -0.339315 -112037924088724414409142697984.000000 177
0.346313 -0.275789 452066150682431627198665326592.000000 161
0.362206 -0.401597 390687867271940271782534053888.000000 159
0.584401 -0.096754 -1151902902329581268723826688.000000 192
0.469331 -0.217723 -54523332366955511034201243648.000000 178
0.569181 -0.223917 23301037707265161936695721984.000000 195
0.441136 -0.097722 48396850747196658412781830144.000000 175
0.330420 -0.149981 -103768405782544367971249160192.000000 160
0.469331 -0.217723 -54523332366955511034201243648.000000 178
0.915249 0.040903 -27377434844803009188200448.000000 228
0.992115 0.125333 -54669765029386621707878400.000000 233
0.870933 0.153872 179589475272790654312251392.000000 219
0.219168 0.730672 -52050123363562033403580645376.000000 187
0.360982 0.819266 4990398551663682580343947264.000000 203
0.203275 0.856480 29710129402554526848920846336.000000 200
0.110736 0.746398 -123940833587189814632831254528.000000 183
0.219168 0.730672 -52050123363562033403580645376.000000 187
0.203275 0.856480 29710129402554526848920846336.000000 200
0.235061 0.604864 -39486668227576498112794984448.000000 186
0.382682 0.674543 14617791042180669645877411840.000000 202
0.219168 0.730672 -52050123363562033403580645376.000000 187
0.123361 0.435810 451813502432112014799881109504.000000 154
-0.004231 0.392564 -1983328186660363611593351626752.000000 135
0.060580 0.300829 -620370136830907072304289677312.000000 136
-0.081324 0.616659 -2321299053203983794440157265920.000000 152
-0.108431 0.494783 4478451203234891154022423592960.000000 133
0.034091 0.510509 -174838869015240572636378431488.000000 151
0.000768 0.741156 288285126378243698256961863680.000000 167
-0.109200 0.735914 660855218491541434999932715008.000000 150
-0.081324 0.616659 -2321299053203983794440157265920.000000 152
0.110736 0.746398 -123940833587189814632831254528.000000 183
0.000768 0.741156 288285126378243698256961863680.000000 167
0.072414 0.628453 429061239472324099024095281152.000000 169
0.110736 0.746398 -123940833587189814632831254528.000000 183
0.203275 0.856480 29710129402554526848920846336.000000 200
0.023973 0.872212 -1656588240084378920027160576.000000 184
-0.219168 0.730672 -1146762121132903144209778737152.000000 134
-0.235061 0.604864 10262018336826508759906306228224.000000 132
-0.081324 0.616659 -2321299053203983794440157265920.000000 152
0.123361 0.435810 451813502432112014799881109504.000000 154
0.163714 0.327039 -157972033526092456570367508480.000000 153
0.266847 0.353249 -46032926199044543379807404032.000000 172
0.235061 0.604864 -39486668227576498112794984448.000000 186
0.134576 0.557687 -117676205734264061047330570240.000000 168
0.250954 0.479057 -63490908636896218556043100160.000000 171
0.034091 0.510509 -174838869015240572636378431488.000000 151
-0.004231 0.392564 -1983328186660363611593351626752.000000 135
0.123361 0.435810 451813502432112014799881109504.000000 154
0.382682 0.674543 14617791042180669645877411840.000000 202
0.360982 0.819266 4990398551663682580343947264.000000 203
0.219168 0.730672 -52050123363562033403580645376.000000 187
0.349368 0.525509 17955986256478700674423455744.000000 189
0.382682 0.674543 14617791042180669645877411840.000000 202
0.235061 0.604864 -39486668227576498112794984448.000000 186
0.447782 0.571962 -5311850151002017792643825664.000000 205
0.534582 0.656244 -1088157374687178702769356800.000000 217
0.382682 0.674543 14617791042180669645877411840.000000 202
-0.876307 0.481754 -266146652338589908020747437080576.000000 40
-0.708183 0.493222 1155112039640825529750909425287168.000000 56
-0.809017 0.587785 -287492569035695678514538171334656.000000 55
-0.389865 0.411315 156909128117786874779310980333568.000000 95
-0.250954 0.479057 -32820884617706319805840676093952.000000 114
-0.349368 0.525509 -31587723089084331864629360721920.000000 113
-0.162647 0.251030 -35847688637957419975926395961344.000000 99
-0.135539 0.372907 187803686332047126077122805760.000000 116
-0.266847 0.353249 56897062837799370873122305605632.000000 98
-0.298634 0.101634 -925841963189320420104655572303872.000000 73
-0.189755 0.129154 114748396261529998295173093654528.000000 93
-0.282741 0.227442 40034552030592101065222696992768.000000 79
-0.042554 0.274619 7723377692051905619326966693888.000000 117
-0.135539 0.372907 187803686332047126077122805760.000000 116
-0.162647 0.251030 -35847688637957419975926395961344.000000 99
-0.108431 0.494783 4478451203234891154022423592960.000000 133
-0.004231 0.392564 -1983328186660363611593351626752.000000 135
0.034091 0.510509 -174838869015240572636378431488.000000 151
-0.282741 0.227442 40034552030592101065222696992768.000000 79
-0.162647 0.251030 -35847688637957419975926395961344.000000 99
-0.266847 0.353249 56897062837799370873122305605632.000000 98
-0.042554 0.274619 7723377692051905619326966693888.000000 117
-0.004231 0.392564 -1983328186660363611593351626752.000000 135
-0.135539 0.372907 187803686332047126077122805760.000000 116
0.167922 0.223510 958845719802079870898556370944.000000 147
0.172130 0.119981 -1257140720245276879617108475904.000000 137
0.282741 0.227442 71012103339787823673023397888.000000 155
0.060580 0.300829 -620370136830907072304289677312.000000 136
0.167922 0.223510 958845719802079870898556370944.000000 147
0.163714 0.327039 -157972033526092456570367508480.000000 153
0.040329 0.180264 -2525465416607700122956560596992.000000 129
0.172130 0.119981 -1257140720245276879617108475904.000000 137
0.167922 0.223510 958845719802079870898556370944.000000 147
-0.080876 0.156675 -4144955074536013203227975614464.000000 110
0.040329 0.180264 -2525465416607700122956560596992.000000 129
-0.042554 0.274619 7723377692051905619326966693888.000000 117
0.020079 0.059698 11944246180509731421156655759360.000000 118
0.172130 0.119981 -1257140720245276879617108475904.000000 137
0.040329 0.180264 -2525465416607700122956560596992.000000 129
0.282741 0.227442 71012103339787823673023397888.000000 155
0.266847 0.353249 -46032926199044543379807404032.000000 172
0.163714 0.327039 -157972033526092456570367508480.000000 153
-0.534582 0.656244 21086953442398739280582433308672.000000 96
-0.535827 0.844328 -1060666580934061530704032825344.000000 111
-0.637424 0.770513 -28310204494361531543611183726592.000000 94
0.847640 -0.274036 821117223220476258205827072.000000 227
0.903483 -0.146108 -427293874073673133847478272.000000 239
0.792049 -0.172045 1834862546088229408425902080.000000 224
0.968583 -0.248690 -15792818951171755055513600.000000 241
0.903483 -0.146108 -427293874073673133847478272.000000 239
0.847640 -0.274036 821117223220476258205827072.000000 227
0.791796 -0.401964 2183146198020087646506713088.000000 213
0.735953 -0.529892 -336568917394574522915487744.000000 196
0.876307 -0.481754 -546919398362063055211200512.000000 211
0.929776 -0.368125 -938526363952282082920628224.000000 226
0.791796 -0.401964 2183146198020087646506713088.000000 213
0.876307 -0.481754 -546919398362063055211200512.000000 211
0.592925 -0.376490 23725631425035385125598134272.000000 194
0.569181 -0.223917 23301037707265161936695721984.000000 195
0.443723 -0.339315 -112037924088724414409142697984.000000 177
0.616669 -0.529062 6894404455142174723911188480.000000 181
0.592925 -0.376490 23725631425035385125598134272.000000 194
0.486789 -0.444362 -52693060682669927349245444096.000000 176
0.736206 -0.299972 -7972166340330936703503040512.000000 212
0.569181 -0.223917 23301037707265161936695721984.000000 195
0.592925 -0.376490 23725631425035385125598134272.000000 194
0.847640 -0.274036 821117223220476258205827072.000000 227
0.736206 -0.299972 -7972166340330936703503040512.000000 212
0.791796 -0.401964 2183146198020087646506713088.000000 213
0.680615 -0.197981 -3501639308841951239914651648.000000 209
0.569181 -0.223917 23301037707265161936695721984.000000 195
0.736206 -0.299972 -7972166340330936703503040512.000000 212
0.378100 -0.527404 25120431714611391649175044096.000000 158
0.486789 -0.444362 -52693060682669927349245444096.000000 176
0.362206 -0.401597 390687867271940271782534053888.000000 159
0.518255 -0.575515 7149847982274536196225892352.000000 164
0.393993 -0.653212 -16678449531929118289751441408.000000 146
0.515708 -0.711863 -3210841892513988527125430272.000000 162
0.486789 -0.444362 -52693060682669927349245444096.000000 176
0.518255 -0.575515 7149847982274536196225892352.000000 164
0.616669 -0.529062 6894404455142174723911188480.000000 181
0.378100 -0.527404 25120431714611391649175044096.000000 158
0.393993 -0.653212 -16678449531929118289751441408.000000 146
0.518255 -0.575515 7149847982274536196225892352.000000 164
0.658410 -0.623625 -2136343453802059940392599552.000000 179
0.728969 -0.684547 163235409459983922271092736.000000 180
0.735953 -0.529892 -336568917394574522915487744.000000 196
0.196515 -0.037934 517731105410702342268072755200.000000 140
0.330420 -0.149981 -103768405782544367971249160192.000000 160
0.314527 -0.024174 -117119580434992903899318321152.000000 157
-0.195844 -0.197159 -455997480049714869658680624676864.000000 84
-0.118071 -0.307241 160282494520540901910775857152000.000000 89
-0.064278 -0.185365 61071395476193085764414574952448.000000 103
-0.118071 -0.307241 160282494520540901910775857152000.000000 89
-0.234167 -0.315104 -460648872339970445990225583800320.000000 70
-0.145550 -0.426758 44800180430227020937628103999488.000000 87
0.210774 -0.256132 -614741431242317218048867565568.000000 142
0.346313 -0.275789 452066150682431627198665326592.000000 161
0.330420 -0.149981 -103768405782544367971249160192.000000 160
0.210774 -0.256132 -614741431242317218048867565568.000000 142
0.235267 -0.407887 -1803116630210786567579873837056.000000 143
0.346313 -0.275789 452066150682431627198665326592.000000 161
0.067288 -0.173570 -5394819005420590038456639422464.000000 121
0.114121 -0.291515 5282979359414160510635554635776.000000 124
0.198854 -0.161776 438574301936374230298566590464.000000 141
0.108328 -0.414177 6495166304317049818016571719680.000000 123
0.114121 -0.291515 5282979359414160510635554635776.000000 124
-0.001975 -0.299378 -30710880732076118472005787844608.000000 107
0.247982 -0.508533 -743884286739306138121086697472.000000 139
0.362206 -0.401597 390687867271940271782534053888.000000 159
0.235267 -0.407887 -1803116630210786567579873837056.000000 143
0.443723 -0.339315 -112037924088724414409142697984.000000 177
0.486789 -0.444362 -52693060682669927349245444096.000000 176
0.592925 -0.376490 23725631425035385125598134272.000000 194
0.346313 -0.275789 452066150682431627198665326592.000000 161
0.443723 -0.339315 -112037924088724414409142697984.000000 177
0.469331 -0.217723 -54523332366955511034201243648.000000 178
0.362206 -0.401597 390687867271940271782534053888.000000 159
0.486789 -0.444362 -52693060682669927349245444096.000000 176
0.443723 -0.339315 -112037924088724414409142697984.000000 177
0.518255 -0.575515 7149847982274536196225892352.000000 164
0.658410 -0.623625 -2136343453802059940392599552.000000 179
0.616669 -0.529062 6894404455142174723911188480.000000 181
0.735953 -0.529892 -336568917394574522915487744.000000 196
0.809017 -0.587785 263738821466604302078312448.000000 193
0.876307 -0.481754 -546919398362063055211200512.000000 211
0.616669 -0.529062 6894404455142174723911188480.000000 181
0.658410 -0.623625 -2136343453802059940392599552.000000 179
0.735953 -0.529892 -336568917394574522915487744.000000 196
0.791796 -0.401964 2183146198020087646506713088.000000 213
0.736206 -0.299972 -7972166340330936703503040512.000000 212
0.664439 -0.453191 -4149518974496465604858347520.000000 197
0.486789 -0.444362 -52693060682669927349245444096.000000 176
0.378100 -0.527404 25120431714611391649175044096.000000 158
0.518255 -0.575515 7149847982274536196225892352.000000 164
0.728969 -0.684547 163235409459983922271092736.000000 180
0.809017 -0.587785 263738821466604302078312448.000000 193
0.735953 -0.529892 -336568917394574522915487744.000000 196
0.847640 -0.274036 821117223220476258205827072.000000 227
0.792049 -0.172045 1834862546088229408425902080.000000 224
0.736206 -0.299972 -7972166340330936703503040512.000000 212
0.838383 -0.043527 -311090444151942795287855104.000000 225
0.792049 -0.172045 1834862546088229408425902080.000000 224
0.903483 -0.146108 -427293874073673133847478272.000000 239
0.715365 -0.101593 362209954912798755596009472.000000 210
0.680615 -0.197981 -3501639308841951239914651648.000000 209
0.792049 -0.172045 1834862546088229408425902080.000000 224
1.000000 -0.000000 211488000244452031866077184.000000 240
0.992115 0.125333 -54669765029386621707878400.000000 233
0.915249 0.040903 -27377434844803009188200448.000000 228
0.295977 -0.844070 19410077057017632192366379008.000000 125
0.177179 -0.862891 127732589775515064227390816256.000000 109
0.309017 -0.951057 -35753219051923434349296353280.000000 108
0.425779 -0.904827 -13029368912192952782859272192.000000 126
0.295977 -0.844070 19410077057017632192366379008.000000 125
0.309017 -0.951057 -35753219051923434349296353280.000000 108
0.282937 -0.737084 -221440987547576415942950780928.000000 127
0.177179 -0.862891 127732589775515064227390816256.000000 109
0.295977 -0.844070 19410077057017632192366379008.000000 125
0.062791 -0.998027 -489494611327127501975425384448.000000 72
0.060826 -0.904827 300125733087717235607677698048.000000 91
-0.062791 -0.998027 1418616266283719743215648112640.000000 71
-0.272489 -0.433048 42505170955722203050984175828992.000000 67
-0.234167 -0.315104 -460648872339970445990225583800320.000000 70
-0.362206 -0.401597 926118801634962358651830063333376.000000 53
-0.349134 -0.668938 134091430121404819149963338448896.000000 51
-0.166657 -0.668938 -34419771485245332775689275834368.000000 68
-0.219573 -0.550993 102722532116571649480085609644032.000000 69
-0.005837 -0.810471 -1591388700892213826742766272512.000000 101
-0.060826 -0.904827 -1207568147572755390395905474560.000000 82
0.060826 -0.904827 300125733087717235607677698048.000000 91
0.177179 -0.862891 127732589775515064227390816256.000000 109
-0.005837 -0.810471 -1591388700892213826742766272512.000000 101
0.060826 -0.904827 300125733087717235607677698048.000000 91
-0.072500 -0.716116 3305489145302361421316469293056.000000 83
-0.156928 -0.826197 10942776100666145931303577452544.000000 81
-0.005837 -0.810471 -1591388700892213826742766272512.000000 101
-0.272489 -0.433048 42505170955722203050984175828992.000000 67
-0.219573 -0.550993 102722532116571649480085609644032.000000 69
-0.145550 -0.426758 44800180430227020937628103999488.000000 87
-0.321429 -0.833823 -18122813687218841169120114769920.000000 46
-0.409886 -0.779019 153204074805923994795054156742656.000000 45
-0.425779 -0.904827 -37349635858301598202796552749056.000000 32
-0.232973 -0.888627 10434253656530321228665922256896.000000 62
-0.321429 -0.833823 -18122813687218841169120114769920.000000 46
-0.309017 -0.951057 11587263747084571165312495386624.000000 47
-0.232973 -0.888627 10434253656530321228665922256896.000000 62
-0.253031 -0.747568 -45759337465482909042968316870656.000000 61
-0.321429 -0.833823 -18122813687218841169120114769920.000000 46
-0.166657 -0.668938 -34419771485245332775689275834368.000000 68
-0.253031 -0.747568 -45759337465482909042968316870656.000000 61
-0.156928 -0.826197 10942776100666145931303577452544.000000 81
-0.349134 -0.668938 134091430121404819149963338448896.000000 51
-0.409886 -0.779019 153204074805923994795054156742656.000000 45
-0.253031 -0.747568 -45759337465482909042968316870656.000000 61
0.187381 -0.982287 -64788197847762154691034611712.000000 90
0.060826 -0.904827 300125733087717235607677698048.000000 91
0.062791 -0.998027 -489494611327127501975425384448.000000 72
0.235267 -0.407887 -1803116630210786567579873837056.000000 143
0.362206 -0.401597 390687867271940271782534053888.000000 159
0.346313 -0.275789 452066150682431627198665326592.000000 161
0.298781 -0.621760 295039016273870197112067588096.000000 138
0.378100 -0.527404 25120431714611391649175044096.000000 158
0.247982 -0.508533 -743884286739306138121086697472.000000 139
0.518255 -0.575515 7149847982274536196225892352.000000 164
0.515708 -0.711863 -3210841892513988527125430272.000000 162
0.658410 -0.623625 -2136343453802059940392599552.000000 179
0.298781 -0.621760 295039016273870197112067588096.000000 138
0.393993 -0.653212 -16678449531929118289751441408.000000 146
0.378100 -0.527404 25120431714611391649175044096.000000 158
0.141155 -0.577727 -1438087755475444316187578597376.000000 120
0.164458 -0.730094 819581072681780321514543906816.000000 119
0.298781 -0.621760 295039016273870197112067588096.000000 138
0.108328 -0.414177 6495166304317049818016571719680.000000 123
0.141155 -0.577727 -1438087755475444316187578597376.000000 120
0.247982 -0.508533 -743884286739306138121086697472.000000 139
0.034327 -0.646921 -1601823259665521515177474785280.000000 102
0.164458 -0.730094 819581072681780321514543906816.000000 119
0.141155 -0.577727 -1438087755475444316187578597376.000000 120
0.108328 -0.414177 6495166304317049818016571719680.000000 123
-0.012254 -0.470791 2789721576312009595477118943232.000000 105
0.141155 -0.577727 -1438087755475444316187578597376.000000 120
-0.072500 -0.716116 3305489145302361421316469293056.000000 83
-0.005837 -0.810471 -1591388700892213826742766272512.000000 101
0.034327 -0.646921 -1601823259665521515177474785280.000000 102
0.282937 -0.737084 -221440987547576415942950780928.000000 127
0.393993 -0.653212 -16678449531929118289751441408.000000 146
0.298781 -0.621760 295039016273870197112067588096.000000 138
-0.005837 -0.810471 -1591388700892213826742766272512.000000 101
0.177179 -0.862891 127732589775515064227390816256.000000 109
0.164458 -0.730094 819581072681780321514543906816.000000 119
0.187381 -0.982287 -64788197847762154691034611712.000000 90
0.177179 -0.862891 127732589775515064227390816256.000000 109
0.060826 -0.904827 300125733087717235607677698048.000000 91
0.187381 -0.982287 -64788197847762154691034611712.000000 90
0.309017 -0.951057 -35753219051923434349296353280.000000 108
0.177179 -0.862891 127732589775515064227390816256.000000 109
0.409886 -0.779019 39831990279116898275269017600.000000 144
0.393993 -0.653212 -16678449531929118289751441408.000000 146
0.282937 -0.737084 -221440987547576415942950780928.000000 127
0.515708 -0.711863 -3210841892513988527125430272.000000 162
0.637424 -0.770513 3645126878309364668823502848.000000 163
0.658410 -0.623625 -2136343453802059940392599552.000000 179
0.409886 -0.779019 39831990279116898275269017600.000000 144
0.515708 -0.711863 -3210841892513988527125430272.000000 162
0.393993 -0.653212 -16678449531929118289751441408.000000 146
0.409886 -0.779019 39831990279116898275269017600.000000 144
0.535827 -0.844328 -10706997870348378206451531776.000000 145
0.515708 -0.711863 -3210841892513988527125430272.000000 162
0.425779 -0.904827 -13029368912192952782859272192.000000 126
0.409886 -0.779019 39831990279116898275269017600.000000 144
0.295977 -0.844070 19410077057017632192366379008.000000 125
-0.065162 -0.389016 -21187241253753811141176999280640.000000 106
-0.145550 -0.426758 44800180430227020937628103999488.000000 87
-0.115913 -0.510892 -15765830846521939659471670214656.000000 88
-0.272489 -0.433048 42505170955722203050984175828992.000000 67
-0.145550 -0.426758 44800180430227020937628103999488.000000 87
-0.234167 -0.315104 -460648872339970445990225583800320.000000 70
-0.219573 -0.550993 102722532116571649480085609644032.000000 69
-0.378100 -0.527404 -696666071506418559832105387294720.000000 52
-0.349134 -0.668938 134091430121404819149963338448896.000000 51
-0.072500 -0.716116 3305489145302361421316469293056.000000 83
-0.042377 -0.593453 10545346020299298859054807384064.000000 86
-0.166657 -0.668938 -34419771485245332775689275834368.000000 68
-0.272489 -0.433048 42505170955722203050984175828992.000000 67
-0.378100 -0.527404 -696666071506418559832105387294720.000000 52
-0.219573 -0.550993 102722532116571649480085609644032.000000 69
0.535827 -0.844328 -10706997870348378206451531776.000000 145
0.409886 -0.779019 39831990279116898275269017600.000000 144
0.425779 -0.904827 -13029368912192952782859272192.000000 126
0.535827 -0.844328 -10706997870348378206451531776.000000 145
0.637424 -0.770513 3645126878309364668823502848.000000 163
0.515708 -0.711863 -3210841892513988527125430272.000000 162
0.409886 -0.779019 39831990279116898275269017600.000000 144
0.282937 -0.737084 -221440987547576415942950780928.000000 127
0.295977 -0.844070 19410077057017632192366379008.000000 125
0.637424 -0.770513 3645126878309364668823502848.000000 163
0.728969 -0.684547 163235409459983922271092736.000000 180
0.658410 -0.623625 -2136343453802059940392599552.000000 179
-0.309017 0.951057 -634391837560677115859900039168.000000 148
-0.203275 0.856480 -35137410718368646161638621184.000000 149
-0.187381 0.982287 170523939927575533603300311040.000000 165
-0.109200 0.735914 660855218491541434999932715008.000000 150
-0.219168 0.730672 -1146762121132903144209778737152.000000 134
-0.081324 0.616659 -2321299053203983794440157265920.000000 152
-0.187381 0.982287 170523939927575533603300311040.000000 165
-0.203275 0.856480 -35137410718368646161638621184.000000 149
-0.089651 0.864346 -181998559544646123307189403648.000000 166
-0.219168 0.730672 -1146762121132903144209778737152.000000 134
-0.382682 0.674543 -4930070482130449353162272800768.000000 115
-0.235061 0.604864 10262018336826508759906306228224.000000 132
-0.089651 0.864346 -181998559544646123307189403648.000000 166
-0.109200 0.735914 660855218491541434999932715008.000000 150
0.000768 0.741156 288285126378243698256961863680.000000 167
-0.253031 -0.747568 -45759337465482909042968316870656.000000 61
-0.166657 -0.668938 -34419771485245332775689275834368.000000 68
-0.349134 -0.668938 134091430121404819149963338448896.000000 51
-0.060826 -0.904827 -1207568147572755390395905474560.000000 82
-0.156928 -0.826197 10942776100666145931303577452544.000000 81
-0.187381 -0.982287 -6170737655515931720954679394304.000000 63
-0.060826 -0.904827 -1207568147572755390395905474560.000000 82
-0.005837 -0.810471 -1591388700892213826742766272512.000000 101
-0.156928 -0.826197 10942776100666145931303577452544.000000 81
-0.232973 -0.888627 10434253656530321228665922256896.000000 62
-0.156928 -0.826197 10942776100666145931303577452544.000000 81
-0.253031 -0.747568 -45759337465482909042968316870656.000000 61
-0.187381 -0.982287 -6170737655515931720954679394304.000000 63
-0.232973 -0.888627 10434253656530321228665922256896.000000 62
-0.309017 -0.951057 11587263747084571165312495386624.000000 47
-0.187381 -0.982287 -6170737655515931720954679394304.000000 63
-0.156928 -0.826197 10942776100666145931303577452544.000000 81
-0.232973 -0.888627 10434253656530321228665922256896.000000 62
-0.062791 -0.998027 1418616266283719743215648112640.000000 71
-0.060826 -0.904827 -1207568147572755390395905474560.000000 82
-0.187381 -0.982287 -6170737655515931720954679394304.000000 63
-0.042377 -0.593453 10545346020299298859054807384064.000000 86
-0.072500 -0.716116 3305489145302361421316469293056.000000 83
0.034327 -0.646921 -1601823259665521515177474785280.000000 102
-0.012254 -0.470791 2789721576312009595477118943232.000000 105
-0.042377 -0.593453 10545346020299298859054807384064.000000 86
0.034327 -0.646921 -1601823259665521515177474785280.000000 102
-0.115913 -0.510892 -15765830846521939659471670214656.000000 88
-0.166657 -0.668938 -34419771485245332775689275834368.000000 68
-0.042377 -0.593453 10545346020299298859054807384064.000000 86
-0.518255 -0.575515 3293129239253309232056148732936192.000000 36
-0.616669 -0.529062 -19541420539123565951914731951357952.000000 25
-0.658410 -0.623625 -740968061763978054505945507037184.000000 24
-0.433694 -0.622226 -403798657975383428863572182040576.000000 37
-0.518255 -0.575515 3293129239253309232056148732936192.000000 36
-0.534148 -0.701322 -512594679789221380211090896453632.000000 31
-0.409886 -0.779019 153204074805923994795054156742656.000000 45
-0.433694 -0.622226 -403798657975383428863572182040576.000000 37
-0.534148 -0.701322 -512594679789221380211090896453632.000000 31
-0.349134 -0.668938 134091430121404819149963338448896.000000 51
-0.378100 -0.527404 -696666071506418559832105387294720.000000 52
-0.433694 -0.622226 -403798657975383428863572182040576.000000 37
-0.378100 -0.527404 -696666071506418559832105387294720.000000 52
-0.486789 -0.444362 900001146404900495863081632530432.000000 38
-0.518255 -0.575515 3293129239253309232056148732936192.000000 36
0.060826 -0.904827 300125733087717235607677698048.000000 91
-0.060826 -0.904827 -1207568147572755390395905474560.000000 82
-0.062791 -0.998027 1418616266283719743215648112640.000000 71
-0.534148 -0.701322 -512594679789221380211090896453632.000000 31
-0.535827 -0.844328 -55487102610918448124011489525760.000000 30
-0.409886 -0.779019 153204074805923994795054156742656.000000 45
-0.486789 -0.444362 900001146404900495863081632530432.000000 38
-0.378100 -0.527404 -696666071506418559832105387294720.000000 52
-0.362206 -0.401597 926118801634962358651830063333376.000000 53
-0.728969 -0.684547 -5551580746533897306938237622681600.000000 14
-0.637424 -0.770513 1193254089368932670994370449637376.000000 19
-0.658410 -0.623625 -740968061763978054505945507037184.000000 24
-0.321429 -0.833823 -18122813687218841169120114769920.000000 46
-0.253031 -0.747568 -45759337465482909042968316870656.000000 61
-0.409886 -0.779019 153204074805923994795054156742656.000000 45
-0.346313 -0.275789 1969286666660163120854487766401024.000000 64
-0.362206 -0.401597 926118801634962358651830063333376.000000 53
-0.234167 -0.315104 -460648872339970445990225583800320.000000 70
-0.195844 -0.197159 -455997480049714869658680624676864.000000 84
-0.346313 -0.275789 1969286666660163120854487766401024.000000 64
-0.234167 -0.315104 -460648872339970445990225583800320.000000 70
-0.658594 0.038247 67033566871888434158535394851815424.000000 29
-0.584401 -0.096754 17656602262773225943987109561892864.000000 35
-0.515073 -0.029496 -17514587561376168391535089426628608.000000 39
-0.330420 -0.149981 796269154342243878942787994910720.000000 66
-0.441136 -0.097722 -415918542041890389726822133661696.000000 50
-0.469331 -0.217723 -5585817770007602839504076016713728.000000 49
-0.330420 -0.149981 796269154342243878942787994910720.000000 66
-0.314527 -0.024174 -767458433111009037259328588873728.000000 65
-0.441136 -0.097722 -415918542041890389726822133661696.000000 50
-0.321429 -0.833823 -18122813687218841169120114769920.000000 46
-0.425779 -0.904827 -37349635858301598202796552749056.000000 32
-0.309017 -0.951057 11587263747084571165312495386624.000000 47
-0.378100 -0.527404 -696666071506418559832105387294720.000000 52
-0.518255 -0.575515 3293129239253309232056148732936192.000000 36
-0.433694 -0.622226 -403798657975383428863572182040576.000000 37
-0.535827 -0.844328 -55487102610918448124011489525760.000000 30
-0.425779 -0.904827 -37349635858301598202796552749056.000000 32
-0.409886 -0.779019 153204074805923994795054156742656.000000 45
0.298634 0.101634 148366496833130449472669614080.000000 156
0.172130 0.119981 -1257140720245276879617108475904.000000 137
0.196515 -0.037934 517731105410702342268072755200.000000 140
-0.216863 0.007278 339086467222929396973524018528256.000000 80
-0.157522 -0.079215 5329882930038757759174341296128.000000 85
-0.119199 0.038730 -61579012448786368904211237699584.000000 100
0.198854 -0.161776 438574301936374230298566590464.000000 141
0.210774 -0.256132 -614741431242317218048867565568.000000 142
0.330420 -0.149981 -103768405782544367971249160192.000000 160
-0.118071 -0.307241 160282494520540901910775857152000.000000 89
-0.195844 -0.197159 -455997480049714869658680624676864.000000 84
-0.234167 -0.315104 -460648872339970445990225583800320.000000 70
0.114121 -0.291515 5282979359414160510635554635776.000000 124
0.235267 -0.407887 -1803116630210786567579873837056.000000 143
0.210774 -0.256132 -614741431242317218048867565568.000000 142
0.114121 -0.291515 5282979359414160510635554635776.000000 124
0.108328 -0.414177 6495166304317049818016571719680.000000 123
0.235267 -0.407887 -1803116630210786567579873837056.000000 143
0.198854 -0.161776 438574301936374230298566590464.000000 141
0.114121 -0.291515 5282979359414160510635554635776.000000 124
0.210774 -0.256132 -614741431242317218048867565568.000000 142
0.067288 -0.173570 -5394819005420590038456639422464.000000 121
-0.064278 -0.185365 61071395476193085764414574952448.000000 103
-0.001975 -0.299378 -30710880732076118472005787844608.000000 107
-0.012254 -0.470791 2789721576312009595477118943232.000000 105
0.034327 -0.646921 -1601823259665521515177474785280.000000 102
0.141155 -0.577727 -1438087755475444316187578597376.000000 120
-0.064278 -0.185365 61071395476193085764414574952448.000000 103
-0.035536 -0.096906 2391945739660327677110851207168.000000 104
-0.157522 -0.079215 5329882930038757759174341296128.000000 85
-0.001975 -0.299378 -30710880732076118472005787844608.000000 107
-0.064278 -0.185365 61071395476193085764414574952448.000000 103
-0.118071 -0.307241 160282494520540901910775857152000.000000 89
0.067288 -0.173570 -5394819005420590038456639422464.000000 121
-0.035536 -0.096906 2391945739660327677110851207168.000000 104
-0.064278 -0.185365 61071395476193085764414574952448.000000 103
-0.330420 -0.149981 796269154342243878942787994910720.000000 66
-0.195844 -0.197159 -455997480049714869658680624676864.000000 84
-0.157522 -0.079215 5329882930038757759174341296128.000000 85
-0.330420 -0.149981 796269154342243878942787994910720.000000 66
-0.346313 -0.275789 1969286666660163120854487766401024.000000 64
-0.195844 -0.197159 -455997480049714869658680624676864.000000 84
-0.658594 0.038247 67033566871888434158535394851815424.000000 29
-0.576964 0.099699 -10608852950358881362642866517573632.000000 44
-0.708183 0.161636 24278717189282918308514679341711360.000000 28
-0.838383 -0.043527 1115218442133437398663809559598989312.000000 12
-0.715365 -0.101593 -206755205410781330752530504191311872.000000 23
-0.773283 0.059054 -171969143689574363097888052708638720.000000 18
-0.584401 -0.096754 17656602262773225943987109561892864.000000 35
-0.469331 -0.217723 -5585817770007602839504076016713728.000000 49
-0.441136 -0.097722 -415918542041890389726822133661696.000000 50
-0.715365 -0.101593 -206755205410781330752530504191311872.000000 23
-0.584401 -0.096754 17656602262773225943987109561892864.000000 35
-0.658594 0.038247 67033566871888434158535394851815424.000000 29
-0.773283 0.059054 -171969143689574363097888052708638720.000000 18
-0.715365 -0.101593 -206755205410781330752530504191311872.000000 23
-0.658594 0.038247 67033566871888434158535394851815424.000000 29
-0.680615 -0.197981 26401075144746030775025830052495360.000000 22
-0.569181 -0.223917 23249314259475929955425081901449216.000000 34
-0.584401 -0.096754 17656602262773225943987109561892864.000000 35
-0.792049 -0.172045 239574326908305144044358953183739904.000000 13
-0.680615 -0.197981 26401075144746030775025830052495360.000000 22
-0.715365 -0.101593 -206755205410781330752530504191311872.000000 23
-0.792049 -0.172045 239574326908305144044358953183739904.000000 13
-0.847640 -0.274036 996363734578651949959236621086752768.000000 11
-0.680489 -0.312940 -199436604242179552041178032580329472.000000 21
-0.715365 -0.101593 -206755205410781330752530504191311872.000000 23
-0.680615 -0.197981 26401075144746030775025830052495360.000000 22
-0.584401 -0.096754 17656602262773225943987109561892864.000000 35
-0.838383 -0.043527 1115218442133437398663809559598989312.000000 12
-0.792049 -0.172045 239574326908305144044358953183739904.000000 13
-0.715365 -0.101593 -206755205410781330752530504191311872.000000 23
-0.314527 -0.024174 -767458433111009037259328588873728.000000 65
-0.298634 0.101634 -925841963189320420104655572303872.000000 73
-0.445745 0.037763 4191017941082575678145407668453376.000000 54
-0.680489 -0.312940 -199436604242179552041178032580329472.000000 21
-0.592925 -0.376490 17928053220521168323499151574695936.000000 33
-0.569181 -0.223917 23249314259475929955425081901449216.000000 34
-0.569181 -0.223917 23249314259475929955425081901449216.000000 34
-0.592925 -0.376490 17928053220521168323499151574695936.000000 33
-0.443723 -0.339315 -8238484167120677385400694746382336.000000 48
-0.658410 -0.623625 -740968061763978054505945507037184.000000 24
-0.616669 -0.529062 -19541420539123565951914731951357952.000000 25
-0.735953 -0.529892 25459300927885815481267435828412416.000000 15
-0.658410 -0.623625 -740968061763978054505945507037184.000000 24
-0.534148 -0.701322 -512594679789221380211090896453632.000000 31
-0.518255 -0.575515 3293129239253309232056148732936192.000000 36
-0.443723 -0.339315 -8238484167120677385400694746382336.000000 48
-0.469331 -0.217723 -5585817770007602839504076016713728.000000 49
-0.569181 -0.223917 23249314259475929955425081901449216.000000 34
-0.362206 -0.401597 926118801634962358651830063333376.000000 53
-0.443723 -0.339315 -8238484167120677385400694746382336.000000 48
-0.486789 -0.444362 900001146404900495863081632530432.000000 38
-0.362206 -0.401597 926118801634962358651830063333376.000000 53
-0.346313 -0.275789 1969286666660163120854487766401024.000000 64
-0.443723 -0.339315 -8238484167120677385400694746382336.000000 48
0.247982 -0.508533 -743884286739306138121086697472.000000 139
0.141155 -0.577727 -1438087755475444316187578597376.000000 120
0.298781 -0.621760 295039016273870197112067588096.000000 138
-0.156928 -0.826197 10942776100666145931303577452544.000000 81
-0.072500 -0.716116 3305489145302361421316469293056.000000 83
-0.166657 -0.668938 -34419771485245332775689275834368.000000 68
0.164458 -0.730094 819581072681780321514543906816.000000 119
0.177179 -0.862891 127732589775515064227390816256.000000 109
0.282937 -0.737084 -221440987547576415942950780928.000000 127
0.298781 -0.621760 295039016273870197112067588096.000000 138
0.164458 -0.730094 819581072681780321514543906816.000000 119
0.282937 -0.737084 -221440987547576415942950780928.000000 127
0.034327 -0.646921 -1601823259665521515177474785280.000000 102
-0.005837 -0.810471 -1591388700892213826742766272512.000000 101
0.164458 -0.730094 819581072681780321514543906816.000000 119
0.108328 -0.414177 6495166304317049818016571719680.000000 123
0.247982 -0.508533 -743884286739306138121086697472.000000 139
0.235267 -0.407887 -1803116630210786567579873837056.000000 143
-0.115913 -0.510892 -15765830846521939659471670214656.000000 88
-0.012254 -0.470791 2789721576312009595477118943232.000000 105
-0.065162 -0.389016 -21187241253753811141176999280640.000000 106
-0.219573 -0.550993 102722532116571649480085609644032.000000 69
-0.115913 -0.510892 -15765830846521939659471670214656.000000 88
-0.145550 -0.426758 44800180430227020937628103999488.000000 87
-0.219573 -0.550993 102722532116571649480085609644032.000000 69
-0.166657 -0.668938 -34419771485245332775689275834368.000000 68
-0.115913 -0.510892 -15765830846521939659471670214656.000000 88
-0.115913 -0.510892 -15765830846521939659471670214656.000000 88
-0.042377 -0.593453 10545346020299298859054807384064.000000 86
-0.012254 -0.470791 2789721576312009595477118943232.000000 105
0.378100 -0.527404 25120431714611391649175044096.000000 158
0.362206 -0.401597 390687867271940271782534053888.000000 159
0.247982 -0.508533 -743884286739306138121086697472.000000 139
