-0.903483 -0.146108 -5254733554701341696.000000 5
-0.992115 -0.125333 46601158634896400384.000000 1
-0.968583 -0.248690 -5340618066552101888.000000 2
-0.929776 -0.368125 425117421081786112.000000 3
-0.847640 -0.274036 1518471770365569792.000000 11
-0.968583 -0.248690 -5340618066552101888.000000 2
-0.838383 -0.043527 1699607947781058048.000000 12
-1.000000 -0.000000 -4033655499288494592.000000 4
-0.903483 -0.146108 -5254733554701341696.000000 5
-0.791796 -0.401964 -323892040606646912.000000 10
-0.876307 -0.481754 34301880014167840.000000 6
-0.735953 -0.529892 38800318006942528.000000 15
-0.664439 -0.453191 146738034504245632.000000 20
-0.592925 -0.376490 27322594920102416.000000 33
-0.680489 -0.312940 -303944074848715904.000000 21
-0.616669 -0.529062 -29781388474611036.000000 25
-0.664439 -0.453191 146738034504245632.000000 20
-0.735953 -0.529892 38800318006942528.000000 15
-0.616669 -0.529062 -29781388474611036.000000 25
-0.592925 -0.376490 27322594920102416.000000 33
-0.664439 -0.453191 146738034504245632.000000 20
-0.847640 -0.274036 1518471770365569792.000000 11
-0.929776 -0.368125 425117421081786112.000000 3
-0.791796 -0.401964 -323892040606646912.000000 10
-0.577982 0.366799 1382040215546502.500000 58
-0.479568 0.320346 -720045961350150.250000 75
-0.512882 0.469380 -265156002565873.812500 77
-0.381154 0.273894 -754864720353376.500000 78
-0.528266 0.210023 3182343289299987.500000 59
-0.413450 0.155828 1558740556165148.250000 60
-0.389865 0.411315 239131627628229.687500 95
-0.479568 0.320346 -720045961350150.250000 75
-0.381154 0.273894 -754864720353376.500000 78
-0.250954 0.479057 -50019470842631.132812 114
-0.389865 0.411315 239131627628229.687500 95
-0.266847 0.353249 86711891187459.812500 98
-0.349368 0.525509 -48140116040235.445312 113
-0.447782 0.571962 65501031200741.875000 97
-0.389865 0.411315 239131627628229.687500 95
-0.577982 0.366799 1382040215546502.500000 58
-0.528266 0.210023 3182343289299987.500000 59
-0.479568 0.320346 -720045961350150.250000 75
-0.080876 0.156675 -6316967440386.765625 110
-0.042554 0.274619 11770531774937.015625 117
-0.162647 0.251030 -54632360994763.882812 99
-0.189755 0.129154 174878103618997.093750 93
-0.080876 0.156675 -6316967440386.765625 110
-0.162647 0.251030 -54632360994763.882812 99
-0.282741 0.227442 61013197277191.367188 79
-0.189755 0.129154 174878103618997.093750 93
-0.162647 0.251030 -54632360994763.882812 99
-0.298634 0.101634 -1410995639576686.250000 73
-0.216863 0.007278 516772349616628.250000 80
-0.189755 0.129154 174878103618997.093750 93
0.198854 -0.161776 668393151604.145142 141
0.078503 -0.051694 -1838931015112.594238 122
0.067288 -0.173570 -8221776929111.228516 121
0.125317 0.034143 -3973632310301.072266 128
0.020079 0.059698 18203192282055.148438 118
0.078503 -0.051694 -1838931015112.594238 122
0.196515 -0.037934 789029187759.149414 140
0.125317 0.034143 -3973632310301.072266 128
0.078503 -0.051694 -1838931015112.594238 122
0.172130 0.119981 -1915899413857.929199 137
0.020079 0.059698 18203192282055.148438 118
0.125317 0.034143 -3973632310301.072266 128
0.282741 0.227442 108223403295.800171 155
0.172130 0.119981 -1915899413857.929199 137
0.298634 0.101634 226112542329.042358 156
0.282741 0.227442 108223403295.800171 155
0.163714 0.327039 -240751509805.995178 153
0.167922 0.223510 1461293809807.261230 147
-0.080876 0.156675 -6316967440386.765625 110
-0.119199 0.038730 -93847245544332.562500 100
0.020079 0.059698 18203192282055.148438 118
-0.838383 -0.043527 1699607947781058048.000000 12
-0.915249 0.040903 291393915748945280.000000 9
-1.000000 -0.000000 -4033655499288494592.000000 4
-0.903483 -0.146108 -5254733554701341696.000000 5
-1.000000 -0.000000 -4033655499288494592.000000 4
-0.992115 -0.125333 46601158634896400384.000000 1
-0.362206 -0.401597 1411417545101820.750000 53
-0.378100 -0.527404 -1061728489547378.875000 52
-0.272489 -0.433048 64778453842583.406250 67
-0.847640 -0.274036 1518471770365569792.000000 11
-0.903483 -0.146108 -5254733554701341696.000000 5
-0.968583 -0.248690 -5340618066552101888.000000 2
-0.847640 -0.274036 1518471770365569792.000000 11
-0.792049 -0.172045 365114505566016384.000000 13
-0.903483 -0.146108 -5254733554701341696.000000 5
-0.876307 -0.481754 34301880014167840.000000 6
-0.791796 -0.401964 -323892040606646912.000000 10
-0.929776 -0.368125 425117421081786112.000000 3
-0.664439 -0.453191 146738034504245632.000000 20
-0.791796 -0.401964 -323892040606646912.000000 10
-0.735953 -0.529892 38800318006942528.000000 15
-0.680615 -0.197981 40235594616006512.000000 22
-0.680489 -0.312940 -303944074848715904.000000 21
-0.569181 -0.223917 35432268516177212.000000 34
-0.680615 -0.197981 40235594616006512.000000 22
-0.792049 -0.172045 365114505566016384.000000 13
-0.680489 -0.312940 -303944074848715904.000000 21
-0.515073 -0.029496 -26692467678776448.000000 39
-0.441136 -0.097722 -633865467945088.500000 50
-0.445745 0.037763 6387167870296627.000000 54
-0.330420 -0.149981 1213524931226927.000000 66
-0.469331 -0.217723 -8512861622517581.000000 49
-0.346313 -0.275789 3001219441557983.000000 64
-0.838383 -0.043527 1699607947781058048.000000 12
-0.903483 -0.146108 -5254733554701341696.000000 5
-0.792049 -0.172045 365114505566016384.000000 13
-0.735953 -0.529892 38800318006942528.000000 15
-0.809017 -0.587785 -25832359230669764.000000 7
-0.728969 -0.684547 -8460683936957664.000000 14
-0.346313 -0.275789 3001219441557983.000000 64
-0.469331 -0.217723 -8512861622517581.000000 49
-0.443723 -0.339315 -12555560990652392.000000 48
-0.876307 -0.481754 34301880014167840.000000 6
-0.809017 -0.587785 -25832359230669764.000000 7
-0.735953 -0.529892 38800318006942528.000000 15
-0.309017 0.951057 -966821717064.599121 148
-0.317582 0.777124 1900860921106.596680 131
-0.203275 0.856480 -53549887864.919617 149
-0.915249 0.040903 291393915748945280.000000 9
-0.992115 0.125333 394614138947176256.000000 8
-1.000000 -0.000000 -4033655499288494592.000000 4
-0.773283 0.059054 -262083294487818112.000000 18
-0.915249 0.040903 291393915748945280.000000 9
-0.838383 -0.043527 1699607947781058048.000000 12
-0.773283 0.059054 -262083294487818112.000000 18
-0.838383 0.205163 -78803215730337760.000000 17
-0.915249 0.040903 291393915748945280.000000 9
-0.317582 0.777124 1900860921106.596680 131
-0.309017 0.951057 -966821717064.599121 148
-0.425779 0.904827 1400393576000.244385 130
-0.447782 0.737755 -5080748207769.366211 112
-0.425779 0.904827 1400393576000.244385 130
-0.535827 0.844328 -1616470175522.417969 111
-0.992115 0.125333 394614138947176256.000000 8
-0.915249 0.040903 291393915748945280.000000 9
-0.838383 0.205163 -78803215730337760.000000 17
-0.382682 0.674543 -7513493911129.832031 115
-0.447782 0.571962 65501031200741.875000 97
-0.349368 0.525509 -48140116040235.445312 113
-0.425779 0.904827 1400393576000.244385 130
-0.447782 0.737755 -5080748207769.366211 112
-0.317582 0.777124 1900860921106.596680 131
-0.382682 0.674543 -7513493911129.832031 115
-0.349368 0.525509 -48140116040235.445312 113
-0.235061 0.604864 15639454358538.195312 132
-0.816683 0.308437 16357456041126344.000000 27
-0.968583 0.248690 -51113149594815584.000000 16
-0.838383 0.205163 -78803215730337760.000000 17
-0.816683 0.308437 16357456041126344.000000 27
-0.929776 0.368125 5015606533139980.000000 26
-0.968583 0.248690 -51113149594815584.000000 16
-0.708183 0.161636 37001092465700608.000000 28
-0.816683 0.308437 16357456041126344.000000 27
-0.838383 0.205163 -78803215730337760.000000 17
-0.794983 0.411712 -2933565562390196.000000 41
-0.929776 0.368125 5015606533139980.000000 26
-0.816683 0.308437 16357456041126344.000000 27
-0.314527 -0.024174 -1169617003474012.000000 65
-0.330420 -0.149981 1213524931226927.000000 66
-0.157522 -0.079215 8122813474379.044922 85
-0.080876 0.156675 -6316967440386.765625 110
-0.189755 0.129154 174878103618997.093750 93
-0.119199 0.038730 -93847245544332.562500 100
-0.576964 0.099699 -16168034987636120.000000 44
-0.528266 0.210023 3182343289299987.500000 59
-0.643082 0.264217 -3540719495741593.000000 43
-0.773283 0.059054 -262083294487818112.000000 18
-0.658594 0.038247 102160060055698576.000000 29
-0.708183 0.161636 37001092465700608.000000 28
-0.445745 0.037763 6387167870296627.000000 54
-0.413450 0.155828 1558740556165148.250000 60
-0.576964 0.099699 -16168034987636120.000000 44
-0.216863 0.007278 516772349616628.250000 80
-0.298634 0.101634 -1410995639576686.250000 73
-0.314527 -0.024174 -1169617003474012.000000 65
-0.157522 -0.079215 8122813474379.044922 85
-0.216863 0.007278 516772349616628.250000 80
-0.314527 -0.024174 -1169617003474012.000000 65
-0.119199 0.038730 -93847245544332.562500 100
-0.189755 0.129154 174878103618997.093750 93
-0.216863 0.007278 516772349616628.250000 80
-0.576964 0.099699 -16168034987636120.000000 44
-0.643082 0.264217 -3540719495741593.000000 43
-0.708183 0.161636 37001092465700608.000000 28
-0.413450 0.155828 1558740556165148.250000 60
-0.528266 0.210023 3182343289299987.500000 59
-0.576964 0.099699 -16168034987636120.000000 44
-0.298634 0.101634 -1410995639576686.250000 73
-0.413450 0.155828 1558740556165148.250000 60
-0.445745 0.037763 6387167870296627.000000 54
-0.298634 0.101634 -1410995639576686.250000 73
-0.282741 0.227442 61013197277191.367188 79
-0.413450 0.155828 1558740556165148.250000 60
-0.381154 0.273894 -754864720353376.500000 78
-0.266847 0.353249 86711891187459.812500 98
-0.389865 0.411315 239131627628229.687500 95
-0.381154 0.273894 -754864720353376.500000 78
-0.282741 0.227442 61013197277191.367188 79
-0.266847 0.353249 86711891187459.812500 98
-0.528266 0.210023 3182343289299987.500000 59
-0.381154 0.273894 -754864720353376.500000 78
-0.479568 0.320346 -720045961350150.250000 75
-0.413450 0.155828 1558740556165148.250000 60
-0.282741 0.227442 61013197277191.367188 79
-0.381154 0.273894 -754864720353376.500000 78
-0.577982 0.366799 1382040215546502.500000 58
-0.643082 0.264217 -3540719495741593.000000 43
-0.528266 0.210023 3182343289299987.500000 59
-0.577982 0.366799 1382040215546502.500000 58
-0.610532 0.481301 1520435677848731.750000 57
-0.719033 0.337964 -7935942006452934.000000 42
-0.621382 0.574733 -281306168835028.218750 76
-0.708183 0.493222 1760406328463704.250000 56
-0.610532 0.481301 1520435677848731.750000 57
-0.719033 0.337964 -7935942006452934.000000 42
-0.816683 0.308437 16357456041126344.000000 27
-0.708183 0.161636 37001092465700608.000000 28
-0.577982 0.366799 1382040215546502.500000 58
-0.719033 0.337964 -7935942006452934.000000 42
-0.643082 0.264217 -3540719495741593.000000 43
-0.794983 0.411712 -2933565562390196.000000 41
-0.816683 0.308437 16357456041126344.000000 27
-0.719033 0.337964 -7935942006452934.000000 42
-0.708183 0.493222 1760406328463704.250000 56
-0.794983 0.411712 -2933565562390196.000000 41
-0.719033 0.337964 -7935942006452934.000000 42
-0.610532 0.481301 1520435677848731.750000 57
-0.708183 0.493222 1760406328463704.250000 56
-0.719033 0.337964 -7935942006452934.000000 42
-0.512882 0.469380 -265156002565873.812500 77
-0.610532 0.481301 1520435677848731.750000 57
-0.577982 0.366799 1382040215546502.500000 58
-0.512882 0.469380 -265156002565873.812500 77
-0.621382 0.574733 -281306168835028.218750 76
-0.610532 0.481301 1520435677848731.750000 57
-0.621382 0.574733 -281306168835028.218750 76
-0.809017 0.587785 -438142552885257.312500 55
-0.708183 0.493222 1760406328463704.250000 56
-0.876307 0.481754 -405611087926990.875000 40
-0.929776 0.368125 5015606533139980.000000 26
-0.794983 0.411712 -2933565562390196.000000 41
-0.445745 0.037763 6387167870296627.000000 54
-0.441136 -0.097722 -633865467945088.500000 50
-0.314527 -0.024174 -1169617003474012.000000 65
-0.838383 0.205163 -78803215730337760.000000 17
-0.773283 0.059054 -262083294487818112.000000 18
-0.708183 0.161636 37001092465700608.000000 28
-0.643082 0.264217 -3540719495741593.000000 43
-0.719033 0.337964 -7935942006452934.000000 42
-0.708183 0.161636 37001092465700608.000000 28
-0.968583 0.248690 -51113149594815584.000000 16
-0.992115 0.125333 394614138947176256.000000 8
-0.838383 0.205163 -78803215730337760.000000 17
-0.515073 -0.029496 -26692467678776448.000000 39
-0.576964 0.099699 -16168034987636120.000000 44
-0.658594 0.038247 102160060055698576.000000 29
-0.441136 -0.097722 -633865467945088.500000 50
-0.515073 -0.029496 -26692467678776448.000000 39
-0.584401 -0.096754 26908899999187540.000000 35
-0.445745 0.037763 6387167870296627.000000 54
-0.576964 0.099699 -16168034987636120.000000 44
-0.515073 -0.029496 -26692467678776448.000000 39
-0.794983 0.411712 -2933565562390196.000000 41
-0.708183 0.493222 1760406328463704.250000 56
-0.876307 0.481754 -405611087926990.875000 40
-0.447782 0.571962 65501031200741.875000 97
-0.534582 0.656244 32136801465216.472656 96
-0.621382 0.574733 -281306168835028.218750 76
-0.389865 0.411315 239131627628229.687500 95
-0.447782 0.571962 65501031200741.875000 97
-0.512882 0.469380 -265156002565873.812500 77
-0.479568 0.320346 -720045961350150.250000 75
-0.389865 0.411315 239131627628229.687500 95
-0.512882 0.469380 -265156002565873.812500 77
-0.250954 0.479057 -50019470842631.132812 114
-0.235061 0.604864 15639454358538.195312 132
-0.349368 0.525509 -48140116040235.445312 113
-0.382682 0.674543 -7513493911129.832031 115
-0.534582 0.656244 32136801465216.472656 96
-0.447782 0.571962 65501031200741.875000 97
-0.728969 0.684547 216821329124891.250000 74
-0.809017 0.587785 -438142552885257.312500 55
-0.621382 0.574733 -281306168835028.218750 76
-0.447782 0.737755 -5080748207769.366211 112
-0.382682 0.674543 -7513493911129.832031 115
-0.317582 0.777124 1900860921106.596680 131
-0.534582 0.656244 32136801465216.472656 96
-0.447782 0.737755 -5080748207769.366211 112
-0.535827 0.844328 -1616470175522.417969 111
-0.534582 0.656244 32136801465216.472656 96
-0.382682 0.674543 -7513493911129.832031 115
-0.447782 0.737755 -5080748207769.366211 112
-0.728969 0.684547 216821329124891.250000 74
-0.631775 0.670396 17289368410277.171875 92
-0.637424 0.770513 -43145133494991.726562 94
-0.621382 0.574733 -281306168835028.218750 76
-0.512882 0.469380 -265156002565873.812500 77
-0.447782 0.571962 65501031200741.875000 97
-0.631775 0.670396 17289368410277.171875 92
-0.534582 0.656244 32136801465216.472656 96
-0.637424 0.770513 -43145133494991.726562 94
-0.621382 0.574733 -281306168835028.218750 76
-0.631775 0.670396 17289368410277.171875 92
-0.728969 0.684547 216821329124891.250000 74
-0.621382 0.574733 -281306168835028.218750 76
-0.534582 0.656244 32136801465216.472656 96
-0.631775 0.670396 17289368410277.171875 92
0.794983 0.411712 -168496225.281005 236
0.929776 0.368125 -167820378.690720 237
0.876307 0.481754 364974846.597476 242
0.708183 0.493222 -508658736.037862 238
0.794983 0.411712 -168496225.281005 236
0.876307 0.481754 364974846.597476 242
0.610532 0.481301 870888385.661999 223
0.577982 0.366799 -1481530881.689350 208
0.719033 0.337964 544491781.174208 222
0.349368 0.525509 27365165244.261841 189
0.512882 0.469380 -5720465096.035336 207
0.447782 0.571962 -8095331275.429226 205
0.349368 0.525509 27365165244.261841 189
0.422415 0.360024 6507745083.626092 190
0.512882 0.469380 -5720465096.035336 207
0.445745 0.037763 -8115052742.825874 170
0.314527 -0.024174 -178491820280.779083 157
0.441136 -0.097722 73757453312.052017 175
0.643082 0.264217 -2803501333.554539 206
0.522968 0.251959 7378051671.819826 191
0.571666 0.141635 11210468088.722111 188
0.794983 0.245918 583442919.929614 220
0.719033 0.337964 544491781.174208 222
0.643082 0.264217 -2803501333.554539 206
0.870933 0.153872 273696782.820810 219
0.794983 0.245918 583442919.929614 220
0.708183 0.161636 -1961187544.276660 204
0.870933 0.153872 273696782.820810 219
0.968583 0.248690 -246131166.983523 230
0.794983 0.245918 583442919.929614 220
0.577982 0.366799 -1481530881.689350 208
0.422415 0.360024 6507745083.626092 190
0.522968 0.251959 7378051671.819826 191
0.040329 0.180264 -3848843358167.835938 129
0.167922 0.223510 1461293809807.261230 147
0.060580 0.300829 -945452456028.041992 136
0.794983 0.245918 583442919.929614 220
0.643082 0.264217 -2803501333.554539 206
0.708183 0.161636 -1961187544.276660 204
0.708183 0.493222 -508658736.037862 238
0.719033 0.337964 544491781.174208 222
0.794983 0.411712 -168496225.281005 236
0.577982 0.366799 -1481530881.689350 208
0.643082 0.264217 -2803501333.554539 206
0.719033 0.337964 544491781.174208 222
0.915249 0.040903 -41723579.807302 228
0.773283 0.059054 141707039.289905 215
0.838383 -0.043527 -474106032.553292 225
1.000000 -0.000000 322310564.904364 240
0.915249 0.040903 -41723579.807302 228
0.838383 -0.043527 -474106032.553292 225
0.992115 0.125333 -83317459.285838 233
0.968583 0.248690 -246131166.983523 230
0.870933 0.153872 273696782.820810 219
0.794983 0.245918 583442919.929614 220
0.929776 0.368125 -167820378.690720 237
0.794983 0.411712 -168496225.281005 236
0.062791 0.998027 -8060029575.746112 198
0.023973 0.872212 -2524662821.568524 184
0.187381 0.982287 -11178671960.011545 199
0.425779 0.904827 1859999638.006292 216
0.309017 0.951057 -17416483072.014420 214
0.360982 0.819266 7605434702.997146 203
0.309017 0.951057 -17416483072.014420 214
0.203275 0.856480 45278637937.368851 200
0.360982 0.819266 7605434702.997146 203
0.382682 0.674543 22277710712.180683 202
0.447782 0.737755 -5420270441.556997 218
0.360982 0.819266 7605434702.997146 203
0.512882 0.469380 -5720465096.035336 207
0.621382 0.574733 2373447477.636149 221
0.447782 0.571962 -8095331275.429226 205
0.719033 0.337964 544491781.174208 222
0.708183 0.493222 -508658736.037862 238
0.610532 0.481301 870888385.661999 223
0.809017 0.587785 -560353325.494678 235
0.728969 0.684547 -766263766.530018 234
0.621382 0.574733 2373447477.636149 221
0.621382 0.574733 2373447477.636149 221
0.534582 0.656244 -1658366515.712065 217
0.447782 0.571962 -8095331275.429226 205
0.809017 0.587785 -560353325.494678 235
0.621382 0.574733 2373447477.636149 221
0.708183 0.493222 -508658736.037862 238
0.631775 0.670396 -33688869.290443 229
0.534582 0.656244 -1658366515.712065 217
0.621382 0.574733 2373447477.636149 221
0.728969 0.684547 -766263766.530018 234
0.631775 0.670396 -33688869.290443 229
0.621382 0.574733 2373447477.636149 221
0.728969 0.684547 -766263766.530018 234
0.637424 0.770513 242623695.525177 231
0.631775 0.670396 -33688869.290443 229
0.447782 0.737755 -5420270441.556997 218
0.425779 0.904827 1859999638.006292 216
0.360982 0.819266 7605434702.997146 203
0.794983 0.245918 583442919.929614 220
0.794983 0.411712 -168496225.281005 236
0.719033 0.337964 544491781.174208 222
0.610532 0.481301 870888385.661999 223
0.621382 0.574733 2373447477.636149 221
0.512882 0.469380 -5720465096.035336 207
0.577982 0.366799 -1481530881.689350 208
0.610532 0.481301 870888385.661999 223
0.512882 0.469380 -5720465096.035336 207
0.708183 0.493222 -508658736.037862 238
0.621382 0.574733 2373447477.636149 221
0.610532 0.481301 870888385.661999 223
0.637424 0.770513 242623695.525177 231
0.534582 0.656244 -1658366515.712065 217
0.631775 0.670396 -33688869.290443 229
0.637424 0.770513 242623695.525177 231
0.535827 0.844328 1937876700.747488 232
0.534582 0.656244 -1658366515.712065 217
0.235061 0.604864 -60178214971.006897 186
0.219168 0.730672 -79325090053.203674 187
0.072414 0.628453 653895116097.236938 169
0.447782 0.737755 -5420270441.556997 218
0.535827 0.844328 1937876700.747488 232
0.425779 0.904827 1859999638.006292 216
0.534582 0.656244 -1658366515.712065 217
0.447782 0.737755 -5420270441.556997 218
0.382682 0.674543 22277710712.180683 202
0.534582 0.656244 -1658366515.712065 217
0.535827 0.844328 1937876700.747488 232
0.447782 0.737755 -5420270441.556997 218
-0.135539 0.372907 286215351050.720459 116
-0.250954 0.479057 -50019470842631.132812 114
-0.266847 0.353249 86711891187459.812500 98
0.060580 0.300829 -945452456028.041992 136
-0.004231 0.392564 -3022618907428.248047 135
-0.042554 0.274619 11770531774937.015625 117
0.040329 0.180264 -3848843358167.835938 129
0.060580 0.300829 -945452456028.041992 136
-0.042554 0.274619 11770531774937.015625 117
0.163714 0.327039 -240751509805.995178 153
0.123361 0.435810 688569871728.698242 154
0.060580 0.300829 -945452456028.041992 136
-0.080876 0.156675 -6316967440386.765625 110
0.020079 0.059698 18203192282055.148438 118
0.040329 0.180264 -3848843358167.835938 129
0.266847 0.353249 -70154800414.659149 172
0.250954 0.479057 -96761001121.795395 171
0.123361 0.435810 688569871728.698242 154
-0.108431 0.494783 6825220038692.428711 133
-0.250954 0.479057 -50019470842631.132812 114
-0.135539 0.372907 286215351050.720459 116
-0.004231 0.392564 -3022618907428.248047 135
-0.108431 0.494783 6825220038692.428711 133
-0.135539 0.372907 286215351050.720459 116
0.034091 0.510509 -266456794590.001709 151
0.072414 0.628453 653895116097.236938 169
-0.081324 0.616659 -3537691066562.720703 152
0.034091 0.510509 -266456794590.001709 151
0.123361 0.435810 688569871728.698242 154
0.134576 0.557687 -179340124744.812653 168
0.381154 0.273894 1577921240.038392 173
0.266847 0.353249 -70154800414.659149 172
0.282741 0.227442 108223403295.800171 155
0.413450 0.155828 -54912995070.650078 174
0.445745 0.037763 -8115052742.825874 170
0.571666 0.141635 11210468088.722111 188
0.282741 0.227442 108223403295.800171 155
0.413450 0.155828 -54912995070.650078 174
0.381154 0.273894 1577921240.038392 173
0.298634 0.101634 226112542329.042358 156
0.445745 0.037763 -8115052742.825874 170
0.413450 0.155828 -54912995070.650078 174
0.577982 0.366799 -1481530881.689350 208
0.512882 0.469380 -5720465096.035336 207
0.422415 0.360024 6507745083.626092 190
0.134576 0.557687 -179340124744.812653 168
0.235061 0.604864 -60178214971.006897 186
0.072414 0.628453 653895116097.236938 169
0.034091 0.510509 -266456794590.001709 151
0.134576 0.557687 -179340124744.812653 168
0.072414 0.628453 653895116097.236938 169
0.123361 0.435810 688569871728.698242 154
0.250954 0.479057 -96761001121.795395 171
0.134576 0.557687 -179340124744.812653 168
0.422415 0.360024 6507745083.626092 190
0.349368 0.525509 27365165244.261841 189
0.266847 0.353249 -70154800414.659149 172
0.349368 0.525509 27365165244.261841 189
0.235061 0.604864 -60178214971.006897 186
0.250954 0.479057 -96761001121.795395 171
0.266847 0.353249 -70154800414.659149 172
0.349368 0.525509 27365165244.261841 189
0.250954 0.479057 -96761001121.795395 171
0.447782 0.571962 -8095331275.429226 205
0.382682 0.674543 22277710712.180683 202
0.349368 0.525509 27365165244.261841 189
0.023973 0.872212 -2524662821.568524 184
0.062791 0.998027 -8060029575.746112 198
-0.062791 0.998027 49386196633.149513 182
-0.089651 0.864346 -277368259526.594666 166
0.023973 0.872212 -2524662821.568524 184
-0.062791 0.998027 49386196633.149513 182
-0.187381 0.982287 259880784461.748993 165
-0.089651 0.864346 -277368259526.594666 166
-0.062791 0.998027 49386196633.149513 182
-0.203275 0.856480 -53549887864.919617 149
-0.109200 0.735914 1007152266539.471924 150
-0.089651 0.864346 -277368259526.594666 166
0.000768 0.741156 439350420965.695312 167
0.110736 0.746398 -188887502089.669189 183
0.023973 0.872212 -2524662821.568524 184
0.219168 0.730672 -79325090053.203674 187
0.110736 0.746398 -188887502089.669189 183
0.072414 0.628453 653895116097.236938 169
0.203275 0.856480 45278637937.368851 200
0.187381 0.982287 -11178671960.011545 199
0.023973 0.872212 -2524662821.568524 184
0.187381 0.982287 -11178671960.011545 199
0.203275 0.856480 45278637937.368851 200
0.309017 0.951057 -17416483072.014420 214
-0.235061 0.604864 15639454358538.195312 132
-0.250954 0.479057 -50019470842631.132812 114
-0.108431 0.494783 6825220038692.428711 133
-0.109200 0.735914 1007152266539.471924 150
-0.203275 0.856480 -53549887864.919617 149
-0.219168 0.730672 -1747680940034.237305 134
0.072414 0.628453 653895116097.236938 169
0.000768 0.741156 439350420965.695312 167
-0.081324 0.616659 -3537691066562.720703 152
0.000768 0.741156 439350420965.695312 167
0.023973 0.872212 -2524662821.568524 184
-0.089651 0.864346 -277368259526.594666 166
-0.219168 0.730672 -1747680940034.237305 134
-0.317582 0.777124 1900860921106.596680 131
-0.382682 0.674543 -7513493911129.832031 115
-0.108431 0.494783 6825220038692.428711 133
-0.081324 0.616659 -3537691066562.720703 152
-0.235061 0.604864 15639454358538.195312 132
-0.203275 0.856480 -53549887864.919617 149
-0.317582 0.777124 1900860921106.596680 131
-0.219168 0.730672 -1747680940034.237305 134
0.809017 0.587785 -560353325.494678 235
0.708183 0.493222 -508658736.037862 238
0.876307 0.481754 364974846.597476 242
0.469331 -0.217723 -83094293932.489670 178
0.443723 -0.339315 -170747307468.338593 177
0.569181 -0.223917 35511095748.875252 195
0.992115 -0.125333 249015038.892916 243
0.903483 -0.146108 -651201627.228650 239
0.968583 -0.248690 -24068469.093759 241
0.992115 -0.125333 249015038.892916 243
1.000000 -0.000000 322310564.904364 240
0.903483 -0.146108 -651201627.228650 239
-0.616669 -0.529062 -29781388474611036.000000 25
-0.518255 -0.575515 5018773378063830.000000 36
-0.486789 -0.444362 1371613886258534.000000 38
-0.728969 -0.684547 -8460683936957664.000000 14
-0.658410 -0.623625 -1129245320241298.500000 24
-0.735953 -0.529892 38800318006942528.000000 15
-0.433694 -0.622226 -615394601155788.000000 37
-0.409886 -0.779019 233485076407512.000000 45
-0.349134 -0.668938 204357148118610.093750 51
-0.637424 -0.770513 1818535326705997.750000 19
-0.534148 -0.701322 -781201205831391.125000 31
-0.658410 -0.623625 -1129245320241298.500000 24
-0.637424 -0.770513 1818535326705997.750000 19
-0.535827 -0.844328 -84563092784270.843750 30
-0.534148 -0.701322 -781201205831391.125000 31
0.664439 -0.453191 -6323922885.131791 197
0.736206 -0.299972 -12149689030.185030 212
0.592925 -0.376490 36158182301.521141 194
0.736206 -0.299972 -12149689030.185030 212
0.792049 -0.172045 2796355269.048528 224
0.680615 -0.197981 -5336545535.985111 209
0.929776 -0.368125 -1430326837.425538 226
0.847640 -0.274036 1251393723.552362 227
0.791796 -0.401964 3327144252.080816 213
0.929776 -0.368125 -1430326837.425538 226
0.968583 -0.248690 -24068469.093759 241
0.847640 -0.274036 1251393723.552362 227
0.715365 -0.101593 552012857.221515 210
0.584401 -0.096754 -1755515559.267655 192
0.680615 -0.197981 -5336545535.985111 209
0.773283 0.059054 141707039.289905 215
0.715365 -0.101593 552012857.221515 210
0.838383 -0.043527 -474106032.553292 225
0.662567 0.006795 829900849.608643 201
0.708183 0.161636 -1961187544.276660 204
0.571666 0.141635 11210468088.722111 188
-0.592925 -0.376490 27322594920102416.000000 33
-0.486789 -0.444362 1371613886258534.000000 38
-0.443723 -0.339315 -12555560990652392.000000 48
-0.791796 -0.401964 -323892040606646912.000000 10
-0.664439 -0.453191 146738034504245632.000000 20
-0.680489 -0.312940 -303944074848715904.000000 21
-0.616669 -0.529062 -29781388474611036.000000 25
-0.486789 -0.444362 1371613886258534.000000 38
-0.592925 -0.376490 27322594920102416.000000 33
-0.584401 -0.096754 26908899999187540.000000 35
-0.569181 -0.223917 35432268516177212.000000 34
-0.469331 -0.217723 -8512861622517581.000000 49
-0.680489 -0.312940 -303944074848715904.000000 21
-0.847640 -0.274036 1518471770365569792.000000 11
-0.791796 -0.401964 -323892040606646912.000000 10
-0.035536 -0.096906 3645357569600.151367 104
-0.119199 0.038730 -93847245544332.562500 100
-0.157522 -0.079215 8122813474379.044922 85
-0.195844 -0.197159 -694946310050257.500000 84
-0.064278 -0.185365 93073630431408.765625 103
-0.157522 -0.079215 8122813474379.044922 85
0.196515 -0.037934 789029187759.149414 140
0.314527 -0.024174 -178491820280.779083 157
0.298634 0.101634 226112542329.042358 156
0.125317 0.034143 -3973632310301.072266 128
0.196515 -0.037934 789029187759.149414 140
0.172130 0.119981 -1915899413857.929199 137
-0.035536 -0.096906 3645357569600.151367 104
0.078503 -0.051694 -1838931015112.594238 122
0.020079 0.059698 18203192282055.148438 118
-0.035536 -0.096906 3645357569600.151367 104
0.067288 -0.173570 -8221776929111.228516 121
0.078503 -0.051694 -1838931015112.594238 122
0.198854 -0.161776 668393151604.145142 141
0.330420 -0.149981 -158144450030.993225 160
0.196515 -0.037934 789029187759.149414 140
0.078503 -0.051694 -1838931015112.594238 122
0.198854 -0.161776 668393151604.145142 141
0.196515 -0.037934 789029187759.149414 140
-0.001975 -0.299378 -46803796461380.882812 107
0.114121 -0.291515 8051331800115.838867 124
0.067288 -0.173570 -8221776929111.228516 121
-0.065162 -0.389016 -32289641442393.816406 106
-0.001975 -0.299378 -46803796461380.882812 107
-0.118071 -0.307241 244272683525700.875000 89
-0.145550 -0.426758 68276079236617.765625 87
-0.065162 -0.389016 -32289641442393.816406 106
-0.118071 -0.307241 244272683525700.875000 89
-0.012254 -0.470791 4251573309823.130371 105
0.108328 -0.414177 9898721054020.212891 123
-0.065162 -0.389016 -32289641442393.816406 106
-0.065162 -0.389016 -32289641442393.816406 106
0.108328 -0.414177 9898721054020.212891 123
-0.001975 -0.299378 -46803796461380.882812 107
0.441136 -0.097722 73757453312.052017 175
0.314527 -0.024174 -178491820280.779083 157
0.330420 -0.149981 -158144450030.993225 160
-0.035536 -0.096906 3645357569600.151367 104
0.020079 0.059698 18203192282055.148438 118
-0.119199 0.038730 -93847245544332.562500 100
0.522968 0.251959 7378051671.819826 191
0.643082 0.264217 -2803501333.554539 206
0.577982 0.366799 -1481530881.689350 208
0.381154 0.273894 1577921240.038392 173
0.522968 0.251959 7378051671.819826 191
0.422415 0.360024 6507745083.626092 190
0.266847 0.353249 -70154800414.659149 172
0.381154 0.273894 1577921240.038392 173
0.422415 0.360024 6507745083.626092 190
0.282741 0.227442 108223403295.800171 155
0.298634 0.101634 226112542329.042358 156
0.413450 0.155828 -54912995070.650078 174
0.584401 -0.096754 -1755515559.267655 192
0.441136 -0.097722 73757453312.052017 175
0.469331 -0.217723 -83094293932.489670 178
0.381154 0.273894 1577921240.038392 173
0.413450 0.155828 -54912995070.650078 174
0.522968 0.251959 7378051671.819826 191
0.298634 0.101634 226112542329.042358 156
0.314527 -0.024174 -178491820280.779083 157
0.445745 0.037763 -8115052742.825874 170
0.571666 0.141635 11210468088.722111 188
0.708183 0.161636 -1961187544.276660 204
0.643082 0.264217 -2803501333.554539 206
0.413450 0.155828 -54912995070.650078 174
0.571666 0.141635 11210468088.722111 188
0.522968 0.251959 7378051671.819826 191
0.662567 0.006795 829900849.608643 201
0.715365 -0.101593 552012857.221515 210
0.773283 0.059054 141707039.289905 215
0.708183 0.161636 -1961187544.276660 204
0.662567 0.006795 829900849.608643 201
0.773283 0.059054 141707039.289905 215
0.543905 0.017440 -16041567221.491999 185
0.584401 -0.096754 -1755515559.267655 192
0.662567 0.006795 829900849.608643 201
0.445745 0.037763 -8115052742.825874 170
0.543905 0.017440 -16041567221.491999 185
0.571666 0.141635 11210468088.722111 188
0.445745 0.037763 -8115052742.825874 170
0.441136 -0.097722 73757453312.052017 175
0.543905 0.017440 -16041567221.491999 185
0.794983 0.245918 583442919.929614 220
0.968583 0.248690 -246131166.983523 230
0.929776 0.368125 -167820378.690720 237
0.773283 0.059054 141707039.289905 215
0.870933 0.153872 273696782.820810 219
0.708183 0.161636 -1961187544.276660 204
0.773283 0.059054 141707039.289905 215
0.915249 0.040903 -41723579.807302 228
0.870933 0.153872 273696782.820810 219
0.838383 -0.043527 -474106032.553292 225
0.903483 -0.146108 -651201627.228650 239
1.000000 -0.000000 322310564.904364 240
0.584401 -0.096754 -1755515559.267655 192
0.569181 -0.223917 35511095748.875252 195
0.680615 -0.197981 -5336545535.985111 209
0.662567 0.006795 829900849.608643 201
0.584401 -0.096754 -1755515559.267655 192
0.715365 -0.101593 552012857.221515 210
0.543905 0.017440 -16041567221.491999 185
0.441136 -0.097722 73757453312.052017 175
0.584401 -0.096754 -1755515559.267655 192
0.662567 0.006795 829900849.608643 201
0.571666 0.141635 11210468088.722111 188
0.543905 0.017440 -16041567221.491999 185
0.330420 -0.149981 -158144450030.993225 160
0.346313 -0.275789 688954911069.892334 161
0.469331 -0.217723 -83094293932.489670 178
0.664439 -0.453191 -6323922885.131791 197
0.592925 -0.376490 36158182301.521141 194
0.616669 -0.529062 10507165381.106258 181
0.735953 -0.529892 -512935569.544130 196
0.664439 -0.453191 -6323922885.131791 197
0.616669 -0.529062 10507165381.106258 181
0.735953 -0.529892 -512935569.544130 196
0.791796 -0.401964 3327144252.080816 213
0.664439 -0.453191 -6323922885.131791 197
0.838383 -0.043527 -474106032.553292 225
0.715365 -0.101593 552012857.221515 210
0.792049 -0.172045 2796355269.048528 224
0.443723 -0.339315 -170747307468.338593 177
0.346313 -0.275789 688954911069.892334 161
0.362206 -0.401597 595413579287.239258 159
0.584401 -0.096754 -1755515559.267655 192
0.469331 -0.217723 -83094293932.489670 178
0.569181 -0.223917 35511095748.875252 195
0.441136 -0.097722 73757453312.052017 175
0.330420 -0.149981 -158144450030.993225 160
0.469331 -0.217723 -83094293932.489670 178
0.915249 0.040903 -41723579.807302 228
0.992115 0.125333 -83317459.285838 233
0.870933 0.153872 273696782.820810 219
0.219168 0.730672 -79325090053.203674 187
0.360982 0.819266 7605434702.997146 203
0.203275 0.856480 45278637937.368851 200
0.110736 0.746398 -188887502089.669189 183
0.219168 0.730672 -79325090053.203674 187
0.203275 0.856480 45278637937.368851 200
0.235061 0.604864 -60178214971.006897 186
0.382682 0.674543 22277710712.180683 202
0.219168 0.730672 -79325090053.203674 187
0.123361 0.435810 688569871728.698242 154
-0.004231 0.392564 -3022618907428.248047 135
0.060580 0.300829 -945452456028.041992 136
-0.081324 0.616659 -3537691066562.720703 152
-0.108431 0.494783 6825220038692.428711 133
0.034091 0.510509 -266456794590.001709 151
0.000768 0.741156 439350420965.695312 167
-0.109200 0.735914 1007152266539.471924 150
-0.081324 0.616659 -3537691066562.720703 152
0.110736 0.746398 -188887502089.669189 183
0.000768 0.741156 439350420965.695312 167
0.072414 0.628453 653895116097.236938 169
0.110736 0.746398 -188887502089.669189 183
0.203275 0.856480 45278637937.368851 200
0.023973 0.872212 -2524662821.568524 184
-0.219168 0.730672 -1747680940034.237305 134
-0.235061 0.604864 15639454358538.195312 132
-0.081324 0.616659 -3537691066562.720703 152
0.123361 0.435810 688569871728.698242 154
0.163714 0.327039 -240751509805.995178 153
0.266847 0.353249 -70154800414.659149 172
0.235061 0.604864 -60178214971.006897 186
0.134576 0.557687 -179340124744.812653 168
0.250954 0.479057 -96761001121.795395 171
0.034091 0.510509 -266456794590.001709 151
-0.004231 0.392564 -3022618907428.248047 135
0.123361 0.435810 688569871728.698242 154
0.382682 0.674543 22277710712.180683 202
0.360982 0.819266 7605434702.997146 203
0.219168 0.730672 -79325090053.203674 187
0.349368 0.525509 27365165244.261841 189
0.382682 0.674543 22277710712.180683 202
0.235061 0.604864 -60178214971.006897 186
0.447782 0.571962 -8095331275.429226 205
0.534582 0.656244 -1658366515.712065 217
0.382682 0.674543 22277710712.180683 202
-0.876307 0.481754 -405611087926990.875000 40
-0.708183 0.493222 1760406328463704.250000 56
-0.809017 0.587785 -438142552885257.312500 55
-0.389865 0.411315 239131627628229.687500 95
-0.250954 0.479057 -50019470842631.132812 114
-0.349368 0.525509 -48140116040235.445312 113
-0.162647 0.251030 -54632360994763.882812 99
-0.135539 0.372907 286215351050.720459 116
-0.266847 0.353249 86711891187459.812500 98
-0.298634 0.101634 -1410995639576686.250000 73
-0.189755 0.129154 174878103618997.093750 93
-0.282741 0.227442 61013197277191.367188 79
-0.042554 0.274619 11770531774937.015625 117
-0.135539 0.372907 286215351050.720459 116
-0.162647 0.251030 -54632360994763.882812 99
-0.108431 0.494783 6825220038692.428711 133
-0.004231 0.392564 -3022618907428.248047 135
0.034091 0.510509 -266456794590.001709 151
-0.282741 0.227442 61013197277191.367188 79
-0.162647 0.251030 -54632360994763.882812 99
-0.266847 0.353249 86711891187459.812500 98
-0.042554 0.274619 11770531774937.015625 117
-0.004231 0.392564 -3022618907428.248047 135
-0.135539 0.372907 286215351050.720459 116
0.167922 0.223510 1461293809807.261230 147
0.172130 0.119981 -1915899413857.929199 137
0.282741 0.227442 108223403295.800171 155
0.060580 0.300829 -945452456028.041992 136
0.167922 0.223510 1461293809807.261230 147
0.163714 0.327039 -240751509805.995178 153
0.040329 0.180264 -3848843358167.835938 129
0.172130 0.119981 -1915899413857.929199 137
0.167922 0.223510 1461293809807.261230 147
-0.080876 0.156675 -6316967440386.765625 110
0.040329 0.180264 -3848843358167.835938 129
-0.042554 0.274619 11770531774937.015625 117
0.020079 0.059698 18203192282055.148438 118
0.172130 0.119981 -1915899413857.929199 137
0.040329 0.180264 -3848843358167.835938 129
0.282741 0.227442 108223403295.800171 155
0.266847 0.353249 -70154800414.659149 172
0.163714 0.327039 -240751509805.995178 153
-0.534582 0.656244 32136801465216.472656 96
-0.535827 0.844328 -1616470175522.417969 111
-0.637424 0.770513 -43145133494991.726562 94
0.847640 -0.274036 1251393723.552362 227
0.903483 -0.146108 -651201627.228650 239
0.792049 -0.172045 2796355269.048528 224
0.968583 -0.248690 -24068469.093759 241
0.903483 -0.146108 -651201627.228650 239
0.847640 -0.274036 1251393723.552362 227
0.791796 -0.401964 3327144252.080816 213
0.735953 -0.529892 -512935569.544130 196
0.876307 -0.481754 -833512539.905231 211
0.929776 -0.368125 -1430326837.425538 226
0.791796 -0.401964 3327144252.080816 213
0.876307 -0.481754 -833512539.905231 211
0.592925 -0.376490 36158182301.521141 194
0.569181 -0.223917 35511095748.875252 195
0.443723 -0.339315 -170747307468.338593 177
0.616669 -0.529062 10507165381.106258 181
0.592925 -0.376490 36158182301.521141 194
0.486789 -0.444362 -80304935199.259201 176
0.736206 -0.299972 -12149689030.185030 212
0.569181 -0.223917 35511095748.875252 195
0.592925 -0.376490 36158182301.521141 194
0.847640 -0.274036 1251393723.552362 227
0.736206 -0.299972 -12149689030.185030 212
0.791796 -0.401964 3327144252.080816 213
0.680615 -0.197981 -5336545535.985111 209
0.569181 -0.223917 35511095748.875252 195
0.736206 -0.299972 -12149689030.185030 212
0.378100 -0.527404 38283876755.852615 158
0.486789 -0.444362 -80304935199.259201 176
0.362206 -0.401597 595413579287.239258 159
0.518255 -0.575515 10896464761.916527 164
0.393993 -0.653212 -25418182043.723728 146
0.515708 -0.711863 -4893366351.521205 162
0.486789 -0.444362 -80304935199.259201 176
0.518255 -0.575515 10896464761.916527 164
0.616669 -0.529062 10507165381.106258 181
0.378100 -0.527404 38283876755.852615 158
0.393993 -0.653212 -25418182043.723728 146
0.518255 -0.575515 10896464761.916527 164
0.658410 -0.623625 -3255816238.232105 179
0.728969 -0.684547 248772965.722069 180
0.735953 -0.529892 -512935569.544130 196
0.196515 -0.037934 789029187759.149414 140
0.330420 -0.149981 -158144450030.993225 160
0.314527 -0.024174 -178491820280.779083 157
-0.195844 -0.197159 -694946310050257.500000 84
-0.118071 -0.307241 244272683525700.875000 89
-0.064278 -0.185365 93073630431408.765625 103
-0.118071 -0.307241 244272683525700.875000 89
-0.234167 -0.315104 -702035094638182.875000 70
-0.145550 -0.426758 68276079236617.765625 87
0.210774 -0.256132 -936874232791.552002 142
0.346313 -0.275789 688954911069.892334 161
0.330420 -0.149981 -158144450030.993225 160
0.210774 -0.256132 -936874232791.552002 142
0.235267 -0.407887 -2747974064721.302734 143
0.346313 -0.275789 688954911069.892334 161
0.067288 -0.173570 -8221776929111.228516 121
0.114121 -0.291515 8051331800115.838867 124
0.198854 -0.161776 668393151604.145142 141
0.108328 -0.414177 9898721054020.212891 123
0.114121 -0.291515 8051331800115.838867 124
-0.001975 -0.299378 -46803796461380.882812 107
0.247982 -0.508533 -1133689686436.813965 139
0.362206 -0.401597 595413579287.239258 159
0.235267 -0.407887 -2747974064721.302734 143
0.443723 -0.339315 -170747307468.338593 177
0.486789 -0.444362 -80304935199.259201 176
0.592925 -0.376490 36158182301.521141 194
0.346313 -0.275789 688954911069.892334 161
0.443723 -0.339315 -170747307468.338593 177
0.469331 -0.217723 -83094293932.489670 178
0.362206 -0.401597 595413579287.239258 159
0.486789 -0.444362 -80304935199.259201 176
0.443723 -0.339315 -170747307468.338593 177
0.518255 -0.575515 10896464761.916527 164
0.658410 -0.623625 -3255816238.232105 179
0.616669 -0.529062 10507165381.106258 181
0.735953 -0.529892 -512935569.544130 196
0.809017 -0.587785 401941521.201472 193
0.876307 -0.481754 -833512539.905231 211
0.616669 -0.529062 10507165381.106258 181
0.658410 -0.623625 -3255816238.232105 179
0.735953 -0.529892 -512935569.544130 196
0.791796 -0.401964 3327144252.080816 213
0.736206 -0.299972 -12149689030.185030 212
0.664439 -0.453191 -6323922885.131791 197
0.486789 -0.444362 -80304935199.259201 176
0.378100 -0.527404 38283876755.852615 158
0.518255 -0.575515 10896464761.916527 164
0.728969 -0.684547 248772965.722069 180
0.809017 -0.587785 401941521.201472 193
0.735953 -0.529892 -512935569.544130 196
0.847640 -0.274036 1251393723.552362 227
0.792049 -0.172045 2796355269.048528 224
0.736206 -0.299972 -12149689030.185030 212
0.838383 -0.043527 -474106032.553292 225
0.792049 -0.172045 2796355269.048528 224
0.903483 -0.146108 -651201627.228650 239
0.715365 -0.101593 552012857.221515 210
0.680615 -0.197981 -5336545535.985111 209
0.792049 -0.172045 2796355269.048528 224
1.000000 -0.000000 322310564.904364 240
0.992115 0.125333 -83317459.285838 233
0.915249 0.040903 -41723579.807302 228
0.295977 -0.844070 29581219236.532028 125
0.177179 -0.862891 194666189664.210052 109
0.309017 -0.951057 -54488388071.451317 108
0.425779 -0.904827 -19856933961.180786 126
0.295977 -0.844070 29581219236.532028 125
0.309017 -0.951057 -54488388071.451317 108
0.282937 -0.737084 -337479051798.978882 127
0.177179 -0.862891 194666189664.210052 109
0.295977 -0.844070 29581219236.532028 125
0.062791 -0.998027 -745996389923.438965 72
0.060826 -0.904827 457395665295.737061 91
-0.062791 -0.998027 2161990323989.646484 71
-0.272489 -0.433048 64778453842583.406250 67
-0.234167 -0.315104 -702035094638182.875000 70
-0.362206 -0.401597 1411417545101820.750000 53
-0.349134 -0.668938 204357148118610.093750 51
-0.166657 -0.668938 -52456195994408.250000 68
-0.219573 -0.550993 156550524458266.937500 69
-0.005837 -0.810471 -2425297844672.273438 101
-0.060826 -0.904827 -1840350144475.225830 82
0.060826 -0.904827 457395665295.737061 91
0.177179 -0.862891 194666189664.210052 109
-0.005837 -0.810471 -2425297844672.273438 101
0.060826 -0.904827 457395665295.737061 91
-0.072500 -0.716116 5037610041592.400391 83
-0.156928 -0.826197 16676938372631.214844 81
-0.005837 -0.810471 -2425297844672.273438 101
-0.272489 -0.433048 64778453842583.406250 67
-0.219573 -0.550993 156550524458266.937500 69
-0.145550 -0.426758 68276079236617.765625 87
-0.321429 -0.833823 -27619412498261.679688 46
-0.409886 -0.779019 233485076407512.000000 45
-0.425779 -0.904827 -56921348816703.242188 32
-0.232973 -0.888627 15901943308861.414062 62
-0.321429 -0.833823 -27619412498261.679688 46
-0.309017 -0.951057 17659146238566.093750 47
-0.232973 -0.888627 15901943308861.414062 62
-0.253031 -0.747568 -69737847495373.679688 61
-0.321429 -0.833823 -27619412498261.679688 46
-0.166657 -0.668938 -52456195994408.250000 68
-0.253031 -0.747568 -69737847495373.679688 61
-0.156928 -0.826197 16676938372631.214844 81
-0.349134 -0.668938 204357148118610.093750 51
-0.409886 -0.779019 233485076407512.000000 45
-0.253031 -0.747568 -69737847495373.679688 61
0.187381 -0.982287 -98738087377.587433 90
0.060826 -0.904827 457395665295.737061 91
0.062791 -0.998027 -745996389923.438965 72
0.235267 -0.407887 -2747974064721.302734 143
0.362206 -0.401597 595413579287.239258 159
0.346313 -0.275789 688954911069.892334 161
0.298781 -0.621760 449643440262.584717 138
0.378100 -0.527404 38283876755.852615 158
0.247982 -0.508533 -1133689686436.813965 139
0.518255 -0.575515 10896464761.916527 164
0.515708 -0.711863 -4893366351.521205 162
0.658410 -0.623625 -3255816238.232105 179
0.298781 -0.621760 449643440262.584717 138
0.393993 -0.653212 -25418182043.723728 146
0.378100 -0.527404 38283876755.852615 158
0.141155 -0.577727 -2191665136146.946777 120
0.164458 -0.730094 1249052609205.953125 119
0.298781 -0.621760 449643440262.584717 138
0.108328 -0.414177 9898721054020.212891 123
0.141155 -0.577727 -2191665136146.946777 120
0.247982 -0.508533 -1133689686436.813965 139
0.034327 -0.646921 -2441200252982.979492 102
0.164458 -0.730094 1249052609205.953125 119
0.141155 -0.577727 -2191665136146.946777 120
0.108328 -0.414177 9898721054020.212891 123
-0.012254 -0.470791 4251573309823.130371 105
0.141155 -0.577727 -2191665136146.946777 120
-0.072500 -0.716116 5037610041592.400391 83
-0.005837 -0.810471 -2425297844672.273438 101
0.034327 -0.646921 -2441200252982.979492 102
0.282937 -0.737084 -337479051798.978882 127
0.393993 -0.653212 -25418182043.723728 146
0.298781 -0.621760 449643440262.584717 138
-0.005837 -0.810471 -2425297844672.273438 101
0.177179 -0.862891 194666189664.210052 109
0.164458 -0.730094 1249052609205.953125 119
0.187381 -0.982287 -98738087377.587433 90
0.177179 -0.862891 194666189664.210052 109
0.060826 -0.904827 457395665295.737061 91
0.187381 -0.982287 -98738087377.587433 90
0.309017 -0.951057 -54488388071.451317 108
0.177179 -0.862891 194666189664.210052 109
0.409886 -0.779019 60704490436.032150 144
0.393993 -0.653212 -25418182043.723728 146
0.282937 -0.737084 -337479051798.978882 127
0.515708 -0.711863 -4893366351.521205 162
0.637424 -0.770513 5555222527.698903 163
0.658410 -0.623625 -3255816238.232105 179
0.409886 -0.779019 60704490436.032150 144
0.515708 -0.711863 -4893366351.521205 162
0.393993 -0.653212 -25418182043.723728 146
0.409886 -0.779019 60704490436.032150 144
0.535827 -0.844328 -16317609169.470289 145
0.515708 -0.711863 -4893366351.521205 162
0.425779 -0.904827 -19856933961.180786 126
0.409886 -0.779019 60704490436.032150 144
0.295977 -0.844070 29581219236.532028 125
-0.065162 -0.389016 -32289641442393.816406 106
-0.145550 -0.426758 68276079236617.765625 87
-0.115913 -0.510892 -24027338858258.863281 88
-0.272489 -0.433048 64778453842583.406250 67
-0.145550 -0.426758 68276079236617.765625 87
-0.234167 -0.315104 -702035094638182.875000 70
-0.219573 -0.550993 156550524458266.937500 69
-0.378100 -0.527404 -1061728489547378.875000 52
-0.349134 -0.668938 204357148118610.093750 51
-0.072500 -0.716116 5037610041592.400391 83
-0.042377 -0.593453 16071249569650.027344 86
-0.166657 -0.668938 -52456195994408.250000 68
-0.272489 -0.433048 64778453842583.406250 67
-0.378100 -0.527404 -1061728489547378.875000 52
-0.219573 -0.550993 156550524458266.937500 69
0.535827 -0.844328 -16317609169.470289 145
0.409886 -0.779019 60704490436.032150 144
0.425779 -0.904827 -19856933961.180786 126
0.535827 -0.844328 -16317609169.470289 145
0.637424 -0.770513 5555222527.698903 163
0.515708 -0.711863 -4893366351.521205 162
0.409886 -0.779019 60704490436.032150 144
0.282937 -0.737084 -337479051798.978882 127
0.295977 -0.844070 29581219236.532028 125
0.637424 -0.770513 5555222527.698903 163
0.728969 -0.684547 248772965.722069 180
0.658410 -0.623625 -3255816238.232105 179
-0.309017 0.951057 -966821717064.599121 148
-0.203275 0.856480 -53549887864.919617 149
-0.187381 0.982287 259880784461.748993 165
-0.109200 0.735914 1007152266539.471924 150
-0.219168 0.730672 -1747680940034.237305 134
-0.081324 0.616659 -3537691066562.720703 152
-0.187381 0.982287 259880784461.748993 165
-0.203275 0.856480 -53549887864.919617 149
-0.089651 0.864346 -277368259526.594666 166
-0.219168 0.730672 -1747680940034.237305 134
-0.382682 0.674543 -7513493911129.832031 115
-0.235061 0.604864 15639454358538.195312 132
-0.089651 0.864346 -277368259526.594666 166
-0.109200 0.735914 1007152266539.471924 150
0.000768 0.741156 439350420965.695312 167
-0.253031 -0.747568 -69737847495373.679688 61
-0.166657 -0.668938 -52456195994408.250000 68
-0.349134 -0.668938 204357148118610.093750 51
-0.060826 -0.904827 -1840350144475.225830 82
-0.156928 -0.826197 16676938372631.214844 81
-0.187381 -0.982287 -9404287417381.000000 63
-0.060826 -0.904827 -1840350144475.225830 82
-0.005837 -0.810471 -2425297844672.273438 101
-0.156928 -0.826197 16676938372631.214844 81
-0.232973 -0.888627 15901943308861.414062 62
-0.156928 -0.826197 16676938372631.214844 81
-0.253031 -0.747568 -69737847495373.679688 61
-0.187381 -0.982287 -9404287417381.000000 63
-0.232973 -0.888627 15901943308861.414062 62
-0.309017 -0.951057 17659146238566.093750 47
-0.187381 -0.982287 -9404287417381.000000 63
-0.156928 -0.826197 16676938372631.214844 81
-0.232973 -0.888627 15901943308861.414062 62
-0.062791 -0.998027 2161990323989.646484 71
-0.060826 -0.904827 -1840350144475.225830 82
-0.187381 -0.982287 -9404287417381.000000 63
-0.042377 -0.593453 16071249569650.027344 86
-0.072500 -0.716116 5037610041592.400391 83
0.034327 -0.646921 -2441200252982.979492 102
-0.012254 -0.470791 4251573309823.130371 105
-0.042377 -0.593453 16071249569650.027344 86
0.034327 -0.646921 -2441200252982.979492 102
-0.115913 -0.510892 -24027338858258.863281 88
-0.166657 -0.668938 -52456195994408.250000 68
-0.042377 -0.593453 16071249569650.027344 86
-0.518255 -0.575515 5018773378063830.000000 36
-0.616669 -0.529062 -29781388474611036.000000 25
-0.658410 -0.623625 -1129245320241298.500000 24
-0.433694 -0.622226 -615394601155788.000000 37
-0.518255 -0.575515 5018773378063830.000000 36
-0.534148 -0.701322 -781201205831391.125000 31
-0.409886 -0.779019 233485076407512.000000 45
-0.433694 -0.622226 -615394601155788.000000 37
-0.534148 -0.701322 -781201205831391.125000 31
-0.349134 -0.668938 204357148118610.093750 51
-0.378100 -0.527404 -1061728489547378.875000 52
-0.433694 -0.622226 -615394601155788.000000 37
-0.378100 -0.527404 -1061728489547378.875000 52
-0.486789 -0.444362 1371613886258534.000000 38
-0.518255 -0.575515 5018773378063830.000000 36
0.060826 -0.904827 457395665295.737061 91
-0.060826 -0.904827 -1840350144475.225830 82
-0.062791 -0.998027 2161990323989.646484 71
-0.534148 -0.701322 -781201205831391.125000 31
-0.535827 -0.844328 -84563092784270.843750 30
-0.409886 -0.779019 233485076407512.000000 45
-0.486789 -0.444362 1371613886258534.000000 38
-0.378100 -0.527404 -1061728489547378.875000 52
-0.362206 -0.401597 1411417545101820.750000 53
-0.728969 -0.684547 -8460683936957664.000000 14
-0.637424 -0.770513 1818535326705997.750000 19
-0.658410 -0.623625 -1129245320241298.500000 24
-0.321429 -0.833823 -27619412498261.679688 46
-0.253031 -0.747568 -69737847495373.679688 61
-0.409886 -0.779019 233485076407512.000000 45
-0.346313 -0.275789 3001219441557983.000000 64
-0.362206 -0.401597 1411417545101820.750000 53
-0.234167 -0.315104 -702035094638182.875000 70
-0.195844 -0.197159 -694946310050257.500000 84
-0.346313 -0.275789 3001219441557983.000000 64
-0.234167 -0.315104 -702035094638182.875000 70
-0.658594 0.038247 102160060055698576.000000 29
-0.584401 -0.096754 26908899999187540.000000 35
-0.515073 -0.029496 -26692467678776448.000000 39
-0.330420 -0.149981 1213524931226927.000000 66
-0.441136 -0.097722 -633865467945088.500000 50
-0.469331 -0.217723 -8512861622517581.000000 49
-0.330420 -0.149981 1213524931226927.000000 66
-0.314527 -0.024174 -1169617003474012.000000 65
-0.441136 -0.097722 -633865467945088.500000 50
-0.321429 -0.833823 -27619412498261.679688 46
-0.425779 -0.904827 -56921348816703.242188 32
-0.309017 -0.951057 17659146238566.093750 47
-0.378100 -0.527404 -1061728489547378.875000 52
-0.518255 -0.575515 5018773378063830.000000 36
-0.433694 -0.622226 -615394601155788.000000 37
-0.535827 -0.844328 -84563092784270.843750 30
-0.425779 -0.904827 -56921348816703.242188 32
-0.409886 -0.779019 233485076407512.000000 45
0.298634 0.101634 226112542329.042358 156
0.172130 0.119981 -1915899413857.929199 137
0.196515 -0.037934 789029187759.149414 140
-0.216863 0.007278 516772349616628.250000 80
-0.157522 -0.079215 8122813474379.044922 85
-0.119199 0.038730 -93847245544332.562500 100
0.198854 -0.161776 668393151604.145142 141
0.210774 -0.256132 -936874232791.552002 142
0.330420 -0.149981 -158144450030.993225 160
-0.118071 -0.307241 244272683525700.875000 89
-0.195844 -0.197159 -694946310050257.500000 84
-0.234167 -0.315104 -702035094638182.875000 70
0.114121 -0.291515 8051331800115.838867 124
0.235267 -0.407887 -2747974064721.302734 143
0.210774 -0.256132 -936874232791.552002 142
0.114121 -0.291515 8051331800115.838867 124
0.108328 -0.414177 9898721054020.212891 123
0.235267 -0.407887 -2747974064721.302734 143
0.198854 -0.161776 668393151604.145142 141
0.114121 -0.291515 8051331800115.838867 124
0.210774 -0.256132 -936874232791.552002 142
0.067288 -0.173570 -8221776929111.228516 121
-0.064278 -0.185365 93073630431408.765625 103
-0.001975 -0.299378 -46803796461380.882812 107
-0.012254 -0.470791 4251573309823.130371 105
0.034327 -0.646921 -2441200252982.979492 102
0.141155 -0.577727 -2191665136146.946777 120
-0.064278 -0.185365 93073630431408.765625 103
-0.035536 -0.096906 3645357569600.151367 104
-0.157522 -0.079215 8122813474379.044922 85
-0.001975 -0.299378 -46803796461380.882812 107
-0.064278 -0.185365 93073630431408.765625 103
-0.118071 -0.307241 244272683525700.875000 89
0.067288 -0.173570 -8221776929111.228516 121
-0.035536 -0.096906 3645357569600.151367 104
-0.064278 -0.185365 93073630431408.765625 103
-0.330420 -0.149981 1213524931226927.000000 66
-0.195844 -0.197159 -694946310050257.500000 84
-0.157522 -0.079215 8122813474379.044922 85
-0.330420 -0.149981 1213524931226927.000000 66
-0.346313 -0.275789 3001219441557983.000000 64
-0.195844 -0.197159 -694946310050257.500000 84
-0.658594 0.038247 102160060055698576.000000 29
-0.576964 0.099699 -16168034987636120.000000 44
-0.708183 0.161636 37001092465700608.000000 28
-0.838383 -0.043527 1699607947781058048.000000 12
-0.715365 -0.101593 -315097721742323200.000000 23
-0.773283 0.059054 -262083294487818112.000000 18
-0.584401 -0.096754 26908899999187540.000000 35
-0.469331 -0.217723 -8512861622517581.000000 49
-0.441136 -0.097722 -633865467945088.500000 50
-0.715365 -0.101593 -315097721742323200.000000 23
-0.584401 -0.096754 26908899999187540.000000 35
-0.658594 0.038247 102160060055698576.000000 29
-0.773283 0.059054 -262083294487818112.000000 18
-0.715365 -0.101593 -315097721742323200.000000 23
-0.658594 0.038247 102160060055698576.000000 29
-0.680615 -0.197981 40235594616006512.000000 22
-0.569181 -0.223917 35432268516177212.000000 34
-0.584401 -0.096754 26908899999187540.000000 35
-0.792049 -0.172045 365114505566016384.000000 13
-0.680615 -0.197981 40235594616006512.000000 22
-0.715365 -0.101593 -315097721742323200.000000 23
-0.792049 -0.172045 365114505566016384.000000 13
-0.847640 -0.274036 1518471770365569792.000000 11
-0.680489 -0.312940 -303944074848715904.000000 21
-0.715365 -0.101593 -315097721742323200.000000 23
-0.680615 -0.197981 40235594616006512.000000 22
-0.584401 -0.096754 26908899999187540.000000 35
-0.838383 -0.043527 1699607947781058048.000000 12
-0.792049 -0.172045 365114505566016384.000000 13
-0.715365 -0.101593 -315097721742323200.000000 23
-0.314527 -0.024174 -1169617003474012.000000 65
-0.298634 0.101634 -1410995639576686.250000 73
-0.445745 0.037763 6387167870296627.000000 54
-0.680489 -0.312940 -303944074848715904.000000 21
-0.592925 -0.376490 27322594920102416.000000 33
-0.569181 -0.223917 35432268516177212.000000 34
-0.569181 -0.223917 35432268516177212.000000 34
-0.592925 -0.376490 27322594920102416.000000 33
-0.443723 -0.339315 -12555560990652392.000000 48
-0.658410 -0.623625 -1129245320241298.500000 24
-0.616669 -0.529062 -29781388474611036.000000 25
-0.735953 -0.529892 38800318006942528.000000 15
-0.658410 -0.623625 -1129245320241298.500000 24
-0.534148 -0.701322 -781201205831391.125000 31
-0.518255 -0.575515 5018773378063830.000000 36
-0.443723 -0.339315 -12555560990652392.000000 48
-0.469331 -0.217723 -8512861622517581.000000 49
-0.569181 -0.223917 35432268516177212.000000 34
-0.362206 -0.401597 1411417545101820.750000 53
-0.443723 -0.339315 -12555560990652392.000000 48
-0.486789 -0.444362 1371613886258534.000000 38
-0.362206 -0.401597 1411417545101820.750000 53
-0.346313 -0.275789 3001219441557983.000000 64
-0.443723 -0.339315 -12555560990652392.000000 48
0.247982 -0.508533 -1133689686436.813965 139
0.141155 -0.577727 -2191665136146.946777 120
0.298781 -0.621760 449643440262.584717 138
-0.156928 -0.826197 16676938372631.214844 81
-0.072500 -0.716116 5037610041592.400391 83
-0.166657 -0.668938 -52456195994408.250000 68
0.164458 -0.730094 1249052609205.953125 119
0.177179 -0.862891 194666189664.210052 109
0.282937 -0.737084 -337479051798.978882 127
0.298781 -0.621760 449643440262.584717 138
0.164458 -0.730094 1249052609205.953125 119
0.282937 -0.737084 -337479051798.978882 127
0.034327 -0.646921 -2441200252982.979492 102
-0.005837 -0.810471 -2425297844672.273438 101
0.164458 -0.730094 1249052609205.953125 119
0.108328 -0.414177 9898721054020.212891 123
0.247982 -0.508533 -1133689686436.813965 139
0.235267 -0.407887 -2747974064721.302734 143
-0.115913 -0.510892 -24027338858258.863281 88
-0.012254 -0.470791 4251573309823.130371 105
-0.065162 -0.389016 -32289641442393.816406 106
-0.219573 -0.550993 156550524458266.937500 69
-0.115913 -0.510892 -24027338858258.863281 88
-0.145550 -0.426758 68276079236617.765625 87
-0.219573 -0.550993 156550524458266.937500 69
-0.166657 -0.668938 -52456195994408.250000 68
-0.115913 -0.510892 -24027338858258.863281 88
-0.115913 -0.510892 -24027338858258.863281 88
-0.042377 -0.593453 16071249569650.027344 86
-0.012254 -0.470791 4251573309823.130371 105
0.378100 -0.527404 38283876755.852615 158
0.362206 -0.401597 595413579287.239258 159
0.247982 -0.508533 -1133689686436.813965 139
