-0.903483 -0.146108 -103792288479.402466 5
-0.992115 -0.125333 920473102996.377686 1
-0.968583 -0.248690 -105488692290.937057 2
-0.929776 -0.368125 8396983319.379206 3
-0.847640 -0.274036 29993083074.199970 11
-0.968583 -0.248690 -105488692290.937057 2
-0.838383 -0.043527 33570912127.785381 12
-1.000000 -0.000000 -79673370847.654633 4
-0.903483 -0.146108 -103792288479.402466 5
-0.791796 -0.401964 -6397564360.554800 10
-0.876307 -0.481754 677535899.538924 6
-0.735953 -0.529892 766389724.366814 15
-0.664439 -0.453191 2898391755.071640 20
-0.592925 -0.376490 539680009.861374 33
-0.680489 -0.312940 -6003549136.724695 21
-0.616669 -0.529062 -588246469.571733 25
-0.664439 -0.453191 2898391755.071640 20
-0.735953 -0.529892 766389724.366814 15
-0.616669 -0.529062 -588246469.571733 25
-0.592925 -0.376490 539680009.861374 33
-0.664439 -0.453191 2898391755.071640 20
-0.847640 -0.274036 29993083074.199970 11
-0.929776 -0.368125 8396983319.379206 3
-0.791796 -0.401964 -6397564360.554800 10
-0.577982 0.366799 27298266.989458 58
-0.479568 0.320346 -14222455.592476 75
-0.512882 0.469380 -5237400.775727 77
-0.381154 0.273894 -14910200.851332 78
-0.528266 0.210023 62858124.554203 59
-0.413450 0.155828 30788478.999935 60
-0.389865 0.411315 4723364.598424 95
-0.479568 0.320346 -14222455.592476 75
-0.381154 0.273894 -14910200.851332 78
-0.250954 0.479057 -987991.412958 114
-0.389865 0.411315 4723364.598424 95
-0.266847 0.353249 1712747.136633 98
-0.349368 0.525509 -950870.219635 113
-0.447782 0.571962 1293786.704389 97
-0.389865 0.411315 4723364.598424 95
-0.577982 0.366799 27298266.989458 58
-0.528266 0.210023 62858124.554203 59
-0.479568 0.320346 -14222455.592476 75
-0.080876 0.156675 -124772.723239 110
-0.042554 0.274619 232494.238909 117
-0.162647 0.251030 -1079105.710893 99
-0.189755 0.129154 3454219.584781 93
-0.080876 0.156675 -124772.723239 110
-0.162647 0.251030 -1079105.710893 99
-0.282741 0.227442 1205142.728887 79
-0.189755 0.129154 3454219.584781 93
-0.162647 0.251030 -1079105.710893 99
-0.298634 0.101634 -27870197.453398 73
-0.216863 0.007278 10207366.222976 80
-0.189755 0.129154 3454219.584781 93
0.198854 -0.161776 13203.136469 141
0.078503 -0.051694 -36321.851169 122
0.067288 -0.173570 -162396.810670 121
0.125317 0.034143 -78486.800650 128
0.020079 0.059698 359553.191196 118
0.078503 -0.051694 -36321.851169 122
0.196515 -0.037934 15585.983279 140
0.125317 0.034143 -78486.800650 128
0.078503 -0.051694 -36321.851169 122
0.172130 0.119981 -37842.177761 137
0.020079 0.059698 359553.191196 118
0.125317 0.034143 -78486.800650 128
0.282741 0.227442 2138.513287 155
0.172130 0.119981 -37842.177761 137
0.298634 0.101634 4467.109475 156
0.282741 0.227442 2138.513287 155
0.163714 0.327039 -4754.493833 153
0.167922 0.223510 28864.617232 147
-0.080876 0.156675 -124772.723239 110
-0.119199 0.038730 -1853683.942099 100
0.020079 0.059698 359553.191196 118
-0.838383 -0.043527 33570912127.785381 12
-0.915249 0.040903 5755656504.864906 9
-1.000000 -0.000000 -79673370847.654633 4
-0.903483 -0.146108 -103792288479.402466 5
-1.000000 -0.000000 -79673370847.654633 4
-0.992115 -0.125333 920473102996.377686 1
-0.362206 -0.401597 27878532.602880 53
-0.378100 -0.527404 -20971420.431697 52
-0.272489 -0.433048 1279514.513465 67
-0.847640 -0.274036 29993083074.199970 11
-0.903483 -0.146108 -103792288479.402466 5
-0.968583 -0.248690 -105488692290.937057 2
-0.847640 -0.274036 29993083074.199970 11
-0.792049 -0.172045 7211796696.652523 13
-0.903483 -0.146108 -103792288479.402466 5
-0.876307 -0.481754 677535899.538924 6
-0.791796 -0.401964 -6397564360.554800 10
-0.929776 -0.368125 8396983319.379206 3
-0.664439 -0.453191 2898391755.071640 20
-0.791796 -0.401964 -6397564360.554800 10
-0.735953 -0.529892 766389724.366814 15
-0.680615 -0.197981 794739524.406450 22
-0.680489 -0.312940 -6003549136.724695 21
-0.569181 -0.223917 699863504.081016 34
-0.680615 -0.197981 794739524.406450 22
-0.792049 -0.172045 7211796696.652523 13
-0.680489 -0.312940 -6003549136.724695 21
-0.515073 -0.029496 -527233640.459703 39
-0.441136 -0.097722 -12520205.380414 50
-0.445745 0.037763 126160302.413677 54
-0.330420 -0.149981 23969728.053898 66
-0.469331 -0.217723 -168147323.982254 49
-0.346313 -0.275789 59280539.165456 64
-0.838383 -0.043527 33570912127.785381 12
-0.903483 -0.146108 -103792288479.402466 5
-0.792049 -0.172045 7211796696.652523 13
-0.735953 -0.529892 766389724.366814 15
-0.809017 -0.587785 -510244649.603326 7
-0.728969 -0.684547 -167116703.211994 14
-0.346313 -0.275789 59280539.165456 64
-0.469331 -0.217723 -168147323.982254 49
-0.443723 -0.339315 -247999330.733622 48
-0.876307 -0.481754 677535899.538924 6
-0.809017 -0.587785 -510244649.603326 7
-0.735953 -0.529892 766389724.366814 15
-0.309017 0.951057 -19096.808149 148
-0.317582 0.777124 37546.386383 131
-0.203275 0.856480 -1057.500327 149
-0.915249 0.040903 5755656504.864906 9
-0.992115 0.125333 7794477897.185840 8
-1.000000 -0.000000 -79673370847.654633 4
-0.773283 0.059054 -5176708699.287453 18
-0.915249 0.040903 5755656504.864906 9
-0.838383 -0.043527 33570912127.785381 12
-0.773283 0.059054 -5176708699.287453 18
-0.838383 0.205163 -1556532983.778543 17
-0.915249 0.040903 5755656504.864906 9
-0.317582 0.777124 37546.386383 131
-0.309017 0.951057 -19096.808149 148
-0.425779 0.904827 27660.784798 130
-0.447782 0.737755 -100355.448497 112
-0.425779 0.904827 27660.784798 130
-0.535827 0.844328 -31928.762330 111
-0.992115 0.125333 7794477897.185840 8
-0.915249 0.040903 5755656504.864906 9
-0.838383 0.205163 -1556532983.778543 17
-0.382682 0.674543 -148407.264639 115
-0.447782 0.571962 1293786.704389 97
-0.349368 0.525509 -950870.219635 113
-0.425779 0.904827 27660.784798 130
-0.447782 0.737755 -100355.448497 112
-0.317582 0.777124 37546.386383 131
-0.382682 0.674543 -148407.264639 115
-0.349368 0.525509 -950870.219635 113
-0.235061 0.604864 308913.436511 132
-0.816683 0.308437 323094935.221498 27
-0.968583 0.248690 -1009594627.894654 16
-0.838383 0.205163 -1556532983.778543 17
-0.816683 0.308437 323094935.221498 27
-0.929776 0.368125 99069015.539693 26
-0.968583 0.248690 -1009594627.894654 16
-0.708183 0.161636 730851150.826696 28
-0.816683 0.308437 323094935.221498 27
-0.838383 0.205163 -1556532983.778543 17
-0.794983 0.411712 -57944228.553674 41
-0.929776 0.368125 99069015.539693 26
-0.816683 0.308437 323094935.221498 27
-0.314527 -0.024174 -23102450.284038 65
-0.330420 -0.149981 23969728.053898 66
-0.157522 -0.079215 160444.003867 85
-0.080876 0.156675 -124772.723239 110
-0.189755 0.129154 3454219.584781 93
-0.119199 0.038730 -1853683.942099 100
-0.576964 0.099699 -319353461.153091 44
-0.528266 0.210023 62858124.554203 59
-0.643082 0.264217 -69936824.158031 43
-0.773283 0.059054 -5176708699.287453 18
-0.658594 0.038247 2017880891.005751 29
-0.708183 0.161636 730851150.826696 28
-0.445745 0.037763 126160302.413677 54
-0.413450 0.155828 30788478.999935 60
-0.576964 0.099699 -319353461.153091 44
-0.216863 0.007278 10207366.222976 80
-0.298634 0.101634 -27870197.453398 73
-0.314527 -0.024174 -23102450.284038 65
-0.157522 -0.079215 160444.003867 85
-0.216863 0.007278 10207366.222976 80
-0.314527 -0.024174 -23102450.284038 65
-0.119199 0.038730 -1853683.942099 100
-0.189755 0.129154 3454219.584781 93
-0.216863 0.007278 10207366.222976 80
-0.576964 0.099699 -319353461.153091 44
-0.643082 0.264217 -69936824.158031 43
-0.708183 0.161636 730851150.826696 28
-0.413450 0.155828 30788478.999935 60
-0.528266 0.210023 62858124.554203 59
-0.576964 0.099699 -319353461.153091 44
-0.298634 0.101634 -27870197.453398 73
-0.413450 0.155828 30788478.999935 60
-0.445745 0.037763 126160302.413677 54
-0.298634 0.101634 -27870197.453398 73
-0.282741 0.227442 1205142.728887 79
-0.413450 0.155828 30788478.999935 60
-0.381154 0.273894 -14910200.851332 78
-0.266847 0.353249 1712747.136633 98
-0.389865 0.411315 4723364.598424 95
-0.381154 0.273894 -14910200.851332 78
-0.282741 0.227442 1205142.728887 79
-0.266847 0.353249 1712747.136633 98
-0.528266 0.210023 62858124.554203 59
-0.381154 0.273894 -14910200.851332 78
-0.479568 0.320346 -14222455.592476 75
-0.413450 0.155828 30788478.999935 60
-0.282741 0.227442 1205142.728887 79
-0.381154 0.273894 -14910200.851332 78
-0.577982 0.366799 27298266.989458 58
-0.643082 0.264217 -69936824.158031 43
-0.528266 0.210023 62858124.554203 59
-0.577982 0.366799 27298266.989458 58
-0.610532 0.481301 30031874.865944 57
-0.719033 0.337964 -156751921.211327 42
-0.621382 0.574733 -5556401.524987 76
-0.708183 0.493222 34771811.153534 56
-0.610532 0.481301 30031874.865944 57
-0.719033 0.337964 -156751921.211327 42
-0.816683 0.308437 323094935.221498 27
-0.708183 0.161636 730851150.826696 28
-0.577982 0.366799 27298266.989458 58
-0.719033 0.337964 -156751921.211327 42
-0.643082 0.264217 -69936824.158031 43
-0.794983 0.411712 -57944228.553674 41
-0.816683 0.308437 323094935.221498 27
-0.719033 0.337964 -156751921.211327 42
-0.708183 0.493222 34771811.153534 56
-0.794983 0.411712 -57944228.553674 41
-0.719033 0.337964 -156751921.211327 42
-0.610532 0.481301 30031874.865944 57
-0.708183 0.493222 34771811.153534 56
-0.719033 0.337964 -156751921.211327 42
-0.512882 0.469380 -5237400.775727 77
-0.610532 0.481301 30031874.865944 57
-0.577982 0.366799 27298266.989458 58
-0.512882 0.469380 -5237400.775727 77
-0.621382 0.574733 -5556401.524987 76
-0.610532 0.481301 30031874.865944 57
-0.621382 0.574733 -5556401.524987 76
-0.809017 0.587785 -8654257.684208 55
-0.708183 0.493222 34771811.153534 56
-0.876307 0.481754 -8011691.289459 40
-0.929776 0.368125 99069015.539693 26
-0.794983 0.411712 -57944228.553674 41
-0.445745 0.037763 126160302.413677 54
-0.441136 -0.097722 -12520205.380414 50
-0.314527 -0.024174 -23102450.284038 65
-0.838383 0.205163 -1556532983.778543 17
-0.773283 0.059054 -5176708699.287453 18
-0.708183 0.161636 730851150.826696 28
-0.643082 0.264217 -69936824.158031 43
-0.719033 0.337964 -156751921.211327 42
-0.708183 0.161636 730851150.826696 28
-0.968583 0.248690 -1009594627.894654 16
-0.992115 0.125333 7794477897.185840 8
-0.838383 0.205163 -1556532983.778543 17
-0.515073 -0.029496 -527233640.459703 39
-0.576964 0.099699 -319353461.153091 44
-0.658594 0.038247 2017880891.005751 29
-0.441136 -0.097722 -12520205.380414 50
-0.515073 -0.029496 -527233640.459703 39
-0.584401 -0.096754 531508645.627816 35
-0.445745 0.037763 126160302.413677 54
-0.576964 0.099699 -319353461.153091 44
-0.515073 -0.029496 -527233640.459703 39
-0.794983 0.411712 -57944228.553674 41
-0.708183 0.493222 34771811.153534 56
-0.876307 0.481754 -8011691.289459 40
-0.447782 0.571962 1293786.704389 97
-0.534582 0.656244 634771.225568 96
-0.621382 0.574733 -5556401.524987 76
-0.389865 0.411315 4723364.598424 95
-0.447782 0.571962 1293786.704389 97
-0.512882 0.469380 -5237400.775727 77
-0.479568 0.320346 -14222455.592476 75
-0.389865 0.411315 4723364.598424 95
-0.512882 0.469380 -5237400.775727 77
-0.250954 0.479057 -987991.412958 114
-0.235061 0.604864 308913.436511 132
-0.349368 0.525509 -950870.219635 113
-0.382682 0.674543 -148407.264639 115
-0.534582 0.656244 634771.225568 96
-0.447782 0.571962 1293786.704389 97
-0.728969 0.684547 4282687.543866 74
-0.809017 0.587785 -8654257.684208 55
-0.621382 0.574733 -5556401.524987 76
-0.447782 0.737755 -100355.448497 112
-0.382682 0.674543 -148407.264639 115
-0.317582 0.777124 37546.386383 131
-0.534582 0.656244 634771.225568 96
-0.447782 0.737755 -100355.448497 112
-0.535827 0.844328 -31928.762330 111
-0.534582 0.656244 634771.225568 96
-0.382682 0.674543 -148407.264639 115
-0.447782 0.737755 -100355.448497 112
-0.728969 0.684547 4282687.543866 74
-0.631775 0.670396 341502.359865 92
-0.637424 0.770513 -852209.173992 94
-0.621382 0.574733 -5556401.524987 76
-0.512882 0.469380 -5237400.775727 77
-0.447782 0.571962 1293786.704389 97
-0.631775 0.670396 341502.359865 92
-0.534582 0.656244 634771.225568 96
-0.637424 0.770513 -852209.173992 94
-0.621382 0.574733 -5556401.524987 76
-0.631775 0.670396 341502.359865 92
-0.728969 0.684547 4282687.543866 74
-0.621382 0.574733 -5556401.524987 76
-0.534582 0.656244 634771.225568 96
-0.631775 0.670396 341502.359865 92
0.794983 0.411712 -3.129667 236
0.929776 0.368125 -3.314813 237
0.876307 0.481754 7.209038 242
0.708183 0.493222 -9.791895 238
0.794983 0.411712 -3.129667 236
0.876307 0.481754 7.209038 242
0.610532 0.481301 17.597518 223
0.577982 0.366799 -28.732026 208
0.719033 0.337964 11.123656 222
0.349368 0.525509 541.122647 189
0.512882 0.469380 -112.474854 207
0.447782 0.571962 -159.427851 205
0.349368 0.525509 541.122647 189
0.422415 0.360024 129.233909 190
0.512882 0.469380 -112.474854 207
0.445745 0.037763 -159.489859 170
0.314527 -0.024174 -3524.696825 157
0.441136 -0.097722 1457.664174 175
0.643082 0.264217 -54.858546 206
0.522968 0.251959 146.395409 191
0.571666 0.141635 222.083991 188
0.794983 0.245918 11.831779 220
0.719033 0.337964 11.123656 222
0.643082 0.264217 -54.858546 206
0.870933 0.153872 5.623899 219
0.794983 0.245918 11.831779 220
0.708183 0.161636 -38.265320 204
0.870933 0.153872 5.623899 219
0.968583 0.248690 -4.861620 230
0.794983 0.245918 11.831779 220
0.577982 0.366799 -28.732026 208
0.422415 0.360024 129.233909 190
0.522968 0.251959 146.395409 191
0.040329 0.180264 -76021.967727 129
0.167922 0.223510 28864.617232 147
0.060580 0.300829 -18673.813455 136
0.794983 0.245918 11.831779 220
0.643082 0.264217 -54.858546 206
0.708183 0.161636 -38.265320 204
0.708183 0.493222 -9.791895 238
0.719033 0.337964 11.123656 222
0.794983 0.411712 -3.129667 236
0.577982 0.366799 -28.732026 208
0.643082 0.264217 -54.858546 206
0.719033 0.337964 11.123656 222
0.915249 0.040903 -0.663484 228
0.773283 0.059054 3.197565 215
0.838383 -0.043527 -9.069394 225
1.000000 -0.000000 6.366327 240
0.915249 0.040903 -0.663484 228
0.838383 -0.043527 -9.069394 225
0.992115 0.125333 -1.645699 233
0.968583 0.248690 -4.861620 230
0.870933 0.153872 5.623899 219
0.794983 0.245918 11.831779 220
0.929776 0.368125 -3.314813 237
0.794983 0.411712 -3.129667 236
0.062791 0.998027 -159.202918 198
0.023973 0.872212 -49.628849 184
0.187381 0.982287 -220.802812 199
0.425779 0.904827 36.738993 216
0.309017 0.951057 -344.012996 214
0.360982 0.819266 150.422188 203
0.309017 0.951057 -344.012996 214
0.203275 0.856480 894.575597 200
0.360982 0.819266 150.422188 203
0.382682 0.674543 440.431243 202
0.447782 0.737755 -106.806789 218
0.360982 0.819266 150.422188 203
0.512882 0.469380 -112.474854 207
0.621382 0.574733 47.164258 221
0.447782 0.571962 -159.427851 205
0.719033 0.337964 11.123656 222
0.708183 0.493222 -9.791895 238
0.610532 0.481301 17.597518 223
0.809017 0.587785 -11.068183 235
0.728969 0.684547 -15.135357 234
0.621382 0.574733 47.164258 221
0.621382 0.574733 47.164258 221
0.534582 0.656244 -32.472739 217
0.447782 0.571962 -159.427851 205
0.809017 0.587785 -11.068183 235
0.621382 0.574733 47.164258 221
0.708183 0.493222 -9.791895 238
0.631775 0.670396 -0.513998 229
0.534582 0.656244 -32.472739 217
0.621382 0.574733 47.164258 221
0.728969 0.684547 -15.135357 234
0.631775 0.670396 -0.513998 229
0.621382 0.574733 47.164258 221
0.728969 0.684547 -15.135357 234
0.637424 0.770513 4.792340 231
0.631775 0.670396 -0.513998 229
0.447782 0.737755 -106.806789 218
0.425779 0.904827 36.738993 216
0.360982 0.819266 150.422188 203
0.794983 0.245918 11.831779 220
0.794983 0.411712 -3.129667 236
0.719033 0.337964 11.123656 222
0.610532 0.481301 17.597518 223
0.621382 0.574733 47.164258 221
0.512882 0.469380 -112.474854 207
0.577982 0.366799 -28.732026 208
0.610532 0.481301 17.597518 223
0.512882 0.469380 -112.474854 207
0.708183 0.493222 -9.791895 238
0.621382 0.574733 47.164258 221
0.610532 0.481301 17.597518 223
0.637424 0.770513 4.792340 231
0.534582 0.656244 -32.472739 217
0.631775 0.670396 -0.513998 229
0.637424 0.770513 4.792340 231
0.535827 0.844328 38.277232 232
0.534582 0.656244 -32.472739 217
0.235061 0.604864 -1188.070279 186
0.219168 0.730672 -1566.423040 187
0.072414 0.628453 12916.434605 169
0.447782 0.737755 -106.806789 218
0.535827 0.844328 38.277232 232
0.425779 0.904827 36.738993 216
0.534582 0.656244 -32.472739 217
0.447782 0.737755 -106.806789 218
0.382682 0.674543 440.431243 202
0.534582 0.656244 -32.472739 217
0.535827 0.844328 38.277232 232
0.447782 0.737755 -106.806789 218
-0.135539 0.372907 5654.211285 116
-0.250954 0.479057 -987991.412958 114
-0.266847 0.353249 1712747.136633 98
0.060580 0.300829 -18673.813455 136
-0.004231 0.392564 -59702.377958 135
-0.042554 0.274619 232494.238909 117
0.040329 0.180264 -76021.967727 129
0.060580 0.300829 -18673.813455 136
-0.042554 0.274619 232494.238909 117
0.163714 0.327039 -4754.493833 153
0.123361 0.435810 13601.530649 154
0.060580 0.300829 -18673.813455 136
-0.080876 0.156675 -124772.723239 110
0.020079 0.059698 359553.191196 118
0.040329 0.180264 -76021.967727 129
0.266847 0.353249 -1384.904175 172
0.250954 0.479057 -1910.530339 171
0.123361 0.435810 13601.530649 154
-0.108431 0.494783 134813.517443 133
-0.250954 0.479057 -987991.412958 114
-0.135539 0.372907 5654.211285 116
-0.004231 0.392564 -59702.377958 135
-0.108431 0.494783 134813.517443 133
-0.135539 0.372907 5654.211285 116
0.034091 0.510509 -5262.356514 151
0.072414 0.628453 12916.434605 169
-0.081324 0.616659 -69876.393567 152
0.034091 0.510509 -5262.356514 151
0.123361 0.435810 13601.530649 154
0.134576 0.557687 -3541.682276 168
0.381154 0.273894 31.947041 173
0.266847 0.353249 -1384.904175 172
0.282741 0.227442 2138.513287 155
0.413450 0.155828 -1083.844971 174
0.445745 0.037763 -159.489859 170
0.571666 0.141635 222.083991 188
0.282741 0.227442 2138.513287 155
0.413450 0.155828 -1083.844971 174
0.381154 0.273894 31.947041 173
0.298634 0.101634 4467.109475 156
0.445745 0.037763 -159.489859 170
0.413450 0.155828 -1083.844971 174
0.577982 0.366799 -28.732026 208
0.512882 0.469380 -112.474854 207
0.422415 0.360024 129.233909 190
0.134576 0.557687 -3541.682276 168
0.235061 0.604864 -1188.070279 186
0.072414 0.628453 12916.434605 169
0.034091 0.510509 -5262.356514 151
0.134576 0.557687 -3541.682276 168
0.072414 0.628453 12916.434605 169
0.123361 0.435810 13601.530649 154
0.250954 0.479057 -1910.530339 171
0.134576 0.557687 -3541.682276 168
0.422415 0.360024 129.233909 190
0.349368 0.525509 541.122647 189
0.266847 0.353249 -1384.904175 172
0.349368 0.525509 541.122647 189
0.235061 0.604864 -1188.070279 186
0.250954 0.479057 -1910.530339 171
0.266847 0.353249 -1384.904175 172
0.349368 0.525509 541.122647 189
0.250954 0.479057 -1910.530339 171
0.447782 0.571962 -159.427851 205
0.382682 0.674543 440.431243 202
0.349368 0.525509 541.122647 189
0.023973 0.872212 -49.628849 184
0.062791 0.998027 -159.202918 198
-0.062791 0.998027 975.483593 182
-0.089651 0.864346 -5478.374762 166
0.023973 0.872212 -49.628849 184
-0.062791 0.998027 975.483593 182
-0.187381 0.982287 5133.204390 165
-0.089651 0.864346 -5478.374762 166
-0.062791 0.998027 975.483593 182
-0.203275 0.856480 -1057.500327 149
-0.109200 0.735914 19893.869741 150
-0.089651 0.864346 -5478.374762 166
0.000768 0.741156 8678.566364 167
0.110736 0.746398 -3730.503758 183
0.023973 0.872212 -49.628849 184
0.219168 0.730672 -1566.423040 187
0.110736 0.746398 -3730.503758 183
0.072414 0.628453 12916.434605 169
0.203275 0.856480 894.575597 200
0.187381 0.982287 -220.802812 199
0.023973 0.872212 -49.628849 184
0.187381 0.982287 -220.802812 199
0.203275 0.856480 894.575597 200
0.309017 0.951057 -344.012996 214
-0.235061 0.604864 308913.436511 132
-0.250954 0.479057 -987991.412958 114
-0.108431 0.494783 134813.517443 133
-0.109200 0.735914 19893.869741 150
-0.203275 0.856480 -1057.500327 149
-0.219168 0.730672 -34520.039026 134
0.072414 0.628453 12916.434605 169
0.000768 0.741156 8678.566364 167
-0.081324 0.616659 -69876.393567 152
0.000768 0.741156 8678.566364 167
0.023973 0.872212 -49.628849 184
-0.089651 0.864346 -5478.374762 166
-0.219168 0.730672 -34520.039026 134
-0.317582 0.777124 37546.386383 131
-0.382682 0.674543 -148407.264639 115
-0.108431 0.494783 134813.517443 133
-0.081324 0.616659 -69876.393567 152
-0.235061 0.604864 308913.436511 132
-0.203275 0.856480 -1057.500327 149
-0.317582 0.777124 37546.386383 131
-0.219168 0.730672 -34520.039026 134
0.809017 0.587785 -11.068183 235
0.708183 0.493222 -9.791895 238
0.876307 0.481754 7.209038 242
0.469331 -0.217723 -1640.558682 178
0.443723 -0.339315 -3371.938555 177
0.569181 -0.223917 702.046405 195
0.992115 -0.125333 4.918583 243
0.903483 -0.146108 -12.700262 239
0.968583 -0.248690 -0.475404 241
0.992115 -0.125333 4.918583 243
1.000000 -0.000000 6.366327 240
0.903483 -0.146108 -12.700262 239
-0.616669 -0.529062 -588246469.571733 25
-0.518255 -0.575515 99131567.937717 36
-0.486789 -0.444362 27092324.597452 38
-0.728969 -0.684547 -167116703.211994 14
-0.658410 -0.623625 -22305023.440178 24
-0.735953 -0.529892 766389724.366814 15
-0.433694 -0.622226 -12155366.409181 37
-0.409886 -0.779019 4611832.614698 45
-0.349134 -0.668938 4036493.594284 51
-0.637424 -0.770513 35919983.625217 19
-0.534148 -0.701322 -15430403.635359 31
-0.658410 -0.623625 -22305023.440178 24
-0.637424 -0.770513 35919983.625217 19
-0.535827 -0.844328 -1670302.942979 30
-0.534148 -0.701322 -15430403.635359 31
0.664439 -0.453191 -124.557938 197
0.736206 -0.299972 -239.614470 212
0.592925 -0.376490 714.708558 194
0.736206 -0.299972 -239.614470 212
0.792049 -0.172045 55.577089 224
0.680615 -0.197981 -104.910684 209
0.929776 -0.368125 -28.252031 226
0.847640 -0.274036 24.924128 227
0.791796 -0.401964 65.929738 213
0.929776 -0.368125 -28.252031 226
0.968583 -0.248690 -0.475404 241
0.847640 -0.274036 24.924128 227
0.715365 -0.101593 11.381372 210
0.584401 -0.096754 -34.026094 192
0.680615 -0.197981 -104.910684 209
0.773283 0.059054 3.197565 215
0.715365 -0.101593 11.381372 210
0.838383 -0.043527 -9.069394 225
0.662567 0.006795 16.953285 201
0.708183 0.161636 -38.265320 204
0.571666 0.141635 222.083991 188
-0.592925 -0.376490 539680009.861374 33
-0.486789 -0.444362 27092324.597452 38
-0.443723 -0.339315 -247999330.733622 48
-0.791796 -0.401964 -6397564360.554800 10
-0.664439 -0.453191 2898391755.071640 20
-0.680489 -0.312940 -6003549136.724695 21
-0.616669 -0.529062 -588246469.571733 25
-0.486789 -0.444362 27092324.597452 38
-0.592925 -0.376490 539680009.861374 33
-0.584401 -0.096754 531508645.627816 35
-0.569181 -0.223917 699863504.081016 34
-0.469331 -0.217723 -168147323.982254 49
-0.680489 -0.312940 -6003549136.724695 21
-0.847640 -0.274036 29993083074.199970 11
-0.791796 -0.401964 -6397564360.554800 10
-0.035536 -0.096906 72004.641013 104
-0.119199 0.038730 -1853683.942099 100
-0.157522 -0.079215 160444.003867 85
-0.195844 -0.197159 -13726683.244878 84
-0.064278 -0.185365 1838405.325690 103
-0.157522 -0.079215 160444.003867 85
0.196515 -0.037934 15585.983279 140
0.314527 -0.024174 -3524.696825 157
0.298634 0.101634 4467.109475 156
0.125317 0.034143 -78486.800650 128
0.196515 -0.037934 15585.983279 140
0.172130 0.119981 -37842.177761 137
-0.035536 -0.096906 72004.641013 104
0.078503 -0.051694 -36321.851169 122
0.020079 0.059698 359553.191196 118
-0.035536 -0.096906 72004.641013 104
0.067288 -0.173570 -162396.810670 121
0.078503 -0.051694 -36321.851169 122
0.198854 -0.161776 13203.136469 141
0.330420 -0.149981 -3122.824664 160
0.196515 -0.037934 15585.983279 140
0.078503 -0.051694 -36321.851169 122
0.198854 -0.161776 13203.136469 141
0.196515 -0.037934 15585.983279 140
-0.001975 -0.299378 -924474.725491 107
0.114121 -0.291515 159032.020156 124
0.067288 -0.173570 -162396.810670 121
-0.065162 -0.389016 -637789.015827 106
-0.001975 -0.299378 -924474.725491 107
-0.118071 -0.307241 4824911.721536 89
-0.145550 -0.426758 1348600.195427 87
-0.065162 -0.389016 -637789.015827 106
-0.118071 -0.307241 4824911.721536 89
-0.012254 -0.470791 83978.494463 105
0.108328 -0.414177 195521.845623 123
-0.065162 -0.389016 -637789.015827 106
-0.065162 -0.389016 -637789.015827 106
0.108328 -0.414177 195521.845623 123
-0.001975 -0.299378 -924474.725491 107
0.441136 -0.097722 1457.664174 175
0.314527 -0.024174 -3524.696825 157
0.330420 -0.149981 -3122.824664 160
-0.035536 -0.096906 72004.641013 104
0.020079 0.059698 359553.191196 118
-0.119199 0.038730 -1853683.942099 100
0.522968 0.251959 146.395409 191
0.643082 0.264217 -54.858546 206
0.577982 0.366799 -28.732026 208
0.381154 0.273894 31.947041 173
0.522968 0.251959 146.395409 191
0.422415 0.360024 129.233909 190
0.266847 0.353249 -1384.904175 172
0.381154 0.273894 31.947041 173
0.422415 0.360024 129.233909 190
0.282741 0.227442 2138.513287 155
0.298634 0.101634 4467.109475 156
0.413450 0.155828 -1083.844971 174
0.584401 -0.096754 -34.026094 192
0.441136 -0.097722 1457.664174 175
0.469331 -0.217723 -1640.558682 178
0.381154 0.273894 31.947041 173
0.413450 0.155828 -1083.844971 174
0.522968 0.251959 146.395409 191
0.298634 0.101634 4467.109475 156
0.314527 -0.024174 -3524.696825 157
0.445745 0.037763 -159.489859 170
0.571666 0.141635 222.083991 188
0.708183 0.161636 -38.265320 204
0.643082 0.264217 -54.858546 206
0.413450 0.155828 -1083.844971 174
0.571666 0.141635 222.083991 188
0.522968 0.251959 146.395409 191
0.662567 0.006795 16.953285 201
0.715365 -0.101593 11.381372 210
0.773283 0.059054 3.197565 215
0.708183 0.161636 -38.265320 204
0.662567 0.006795 16.953285 201
0.773283 0.059054 3.197565 215
0.543905 0.017440 -316.151588 185
0.584401 -0.096754 -34.026094 192
0.662567 0.006795 16.953285 201
0.445745 0.037763 -159.489859 170
0.543905 0.017440 -316.151588 185
0.571666 0.141635 222.083991 188
0.445745 0.037763 -159.489859 170
0.441136 -0.097722 1457.664174 175
0.543905 0.017440 -316.151588 185
0.794983 0.245918 11.831779 220
0.968583 0.248690 -4.861620 230
0.929776 0.368125 -3.314813 237
0.773283 0.059054 3.197565 215
0.870933 0.153872 5.623899 219
0.708183 0.161636 -38.265320 204
0.773283 0.059054 3.197565 215
0.915249 0.040903 -0.663484 228
0.870933 0.153872 5.623899 219
0.838383 -0.043527 -9.069394 225
0.903483 -0.146108 -12.700262 239
1.000000 -0.000000 6.366327 240
0.584401 -0.096754 -34.026094 192
0.569181 -0.223917 702.046405 195
0.680615 -0.197981 -104.910684 209
0.662567 0.006795 16.953285 201
0.584401 -0.096754 -34.026094 192
0.715365 -0.101593 11.381372 210
0.543905 0.017440 -316.151588 185
0.441136 -0.097722 1457.664174 175
0.584401 -0.096754 -34.026094 192
0.662567 0.006795 16.953285 201
0.571666 0.141635 222.083991 188
0.543905 0.017440 -316.151588 185
0.330420 -0.149981 -3122.824664 160
0.346313 -0.275789 13609.145160 161
0.469331 -0.217723 -1640.558682 178
0.664439 -0.453191 -124.557938 197
0.592925 -0.376490 714.708558 194
0.616669 -0.529062 207.878926 181
0.735953 -0.529892 -9.953992 196
0.664439 -0.453191 -124.557938 197
0.616669 -0.529062 207.878926 181
0.735953 -0.529892 -9.953992 196
0.791796 -0.401964 65.929738 213
0.664439 -0.453191 -124.557938 197
0.838383 -0.043527 -9.069394 225
0.715365 -0.101593 11.381372 210
0.792049 -0.172045 55.577089 224
0.443723 -0.339315 -3371.938555 177
0.346313 -0.275789 13609.145160 161
0.362206 -0.401597 11761.406208 159
0.584401 -0.096754 -34.026094 192
0.469331 -0.217723 -1640.558682 178
0.569181 -0.223917 702.046405 195
0.441136 -0.097722 1457.664174 175
0.330420 -0.149981 -3122.824664 160
0.469331 -0.217723 -1640.558682 178
0.915249 0.040903 -0.663484 228
0.992115 0.125333 -1.645699 233
0.870933 0.153872 5.623899 219
0.219168 0.730672 -1566.423040 187
0.360982 0.819266 150.422188 203
0.203275 0.856480 894.575597 200
0.110736 0.746398 -3730.503758 183
0.219168 0.730672 -1566.423040 187
0.203275 0.856480 894.575597 200
0.235061 0.604864 -1188.070279 186
0.382682 0.674543 440.431243 202
0.219168 0.730672 -1566.423040 187
0.123361 0.435810 13601.530649 154
-0.004231 0.392564 -59702.377958 135
0.060580 0.300829 -18673.813455 136
-0.081324 0.616659 -69876.393567 152
-0.108431 0.494783 134813.517443 133
0.034091 0.510509 -5262.356514 151
0.000768 0.741156 8678.566364 167
-0.109200 0.735914 19893.869741 150
-0.081324 0.616659 -69876.393567 152
0.110736 0.746398 -3730.503758 183
0.000768 0.741156 8678.566364 167
0.072414 0.628453 12916.434605 169
0.110736 0.746398 -3730.503758 183
0.203275 0.856480 894.575597 200
0.023973 0.872212 -49.628849 184
-0.219168 0.730672 -34520.039026 134
-0.235061 0.604864 308913.436511 132
-0.081324 0.616659 -69876.393567 152
0.123361 0.435810 13601.530649 154
0.163714 0.327039 -4754.493833 153
0.266847 0.353249 -1384.904175 172
0.235061 0.604864 -1188.070279 186
0.134576 0.557687 -3541.682276 168
0.250954 0.479057 -1910.530339 171
0.034091 0.510509 -5262.356514 151
-0.004231 0.392564 -59702.377958 135
0.123361 0.435810 13601.530649 154
0.382682 0.674543 440.431243 202
0.360982 0.819266 150.422188 203
0.219168 0.730672 -1566.423040 187
0.349368 0.525509 541.122647 189
0.382682 0.674543 440.431243 202
0.235061 0.604864 -1188.070279 186
0.447782 0.571962 -159.427851 205
0.534582 0.656244 -32.472739 217
0.382682 0.674543 440.431243 202
-0.876307 0.481754 -8011691.289459 40
-0.708183 0.493222 34771811.153534 56
-0.809017 0.587785 -8654257.684208 55
-0.389865 0.411315 4723364.598424 95
-0.250954 0.479057 -987991.412958 114
-0.349368 0.525509 -950870.219635 113
-0.162647 0.251030 -1079105.710893 99
-0.135539 0.372907 5654.211285 116
-0.266847 0.353249 1712747.136633 98
-0.298634 0.101634 -27870197.453398 73
-0.189755 0.129154 3454219.584781 93
-0.282741 0.227442 1205142.728887 79
-0.042554 0.274619 232494.238909 117
-0.135539 0.372907 5654.211285 116
-0.162647 0.251030 -1079105.710893 99
-0.108431 0.494783 134813.517443 133
-0.004231 0.392564 -59702.377958 135
0.034091 0.510509 -5262.356514 151
-0.282741 0.227442 1205142.728887 79
-0.162647 0.251030 -1079105.710893 99
-0.266847 0.353249 1712747.136633 98
-0.042554 0.274619 232494.238909 117
-0.004231 0.392564 -59702.377958 135
-0.135539 0.372907 5654.211285 116
0.167922 0.223510 28864.617232 147
0.172130 0.119981 -37842.177761 137
0.282741 0.227442 2138.513287 155
0.060580 0.300829 -18673.813455 136
0.167922 0.223510 28864.617232 147
0.163714 0.327039 -4754.493833 153
0.040329 0.180264 -76021.967727 129
0.172130 0.119981 -37842.177761 137
0.167922 0.223510 28864.617232 147
-0.080876 0.156675 -124772.723239 110
0.040329 0.180264 -76021.967727 129
-0.042554 0.274619 232494.238909 117
0.020079 0.059698 359553.191196 118
0.172130 0.119981 -37842.177761 137
0.040329 0.180264 -76021.967727 129
0.282741 0.227442 2138.513287 155
0.266847 0.353249 -1384.904175 172
0.163714 0.327039 -4754.493833 153
-0.534582 0.656244 634771.225568 96
-0.535827 0.844328 -31928.762330 111
-0.637424 0.770513 -852209.173992 94
0.847640 -0.274036 24.924128 227
0.903483 -0.146108 -12.700262 239
0.792049 -0.172045 55.577089 224
0.968583 -0.248690 -0.475404 241
0.903483 -0.146108 -12.700262 239
0.847640 -0.274036 24.924128 227
0.791796 -0.401964 65.929738 213
0.735953 -0.529892 -9.953992 196
0.876307 -0.481754 -16.463665 211
0.929776 -0.368125 -28.252031 226
0.791796 -0.401964 65.929738 213
0.876307 -0.481754 -16.463665 211
0.592925 -0.376490 714.708558 194
0.569181 -0.223917 702.046405 195
0.443723 -0.339315 -3371.938555 177
0.616669 -0.529062 207.878926 181
0.592925 -0.376490 714.708558 194
0.486789 -0.444362 -1585.629594 176
0.736206 -0.299972 -239.614470 212
0.569181 -0.223917 702.046405 195
0.592925 -0.376490 714.708558 194
0.847640 -0.274036 24.924128 227
0.736206 -0.299972 -239.614470 212
0.791796 -0.401964 65.929738 213
0.680615 -0.197981 -104.910684 209
0.569181 -0.223917 702.046405 195
0.736206 -0.299972 -239.614470 212
0.378100 -0.527404 756.767784 158
0.486789 -0.444362 -1585.629594 176
0.362206 -0.401597 11761.406208 159
0.518255 -0.575515 215.628808 164
0.393993 -0.653212 -501.645676 146
0.515708 -0.711863 -96.427213 162
0.486789 -0.444362 -1585.629594 176
0.518255 -0.575515 215.628808 164
0.616669 -0.529062 207.878926 181
0.378100 -0.527404 756.767784 158
0.393993 -0.653212 -501.645676 146
0.518255 -0.575515 215.628808 164
0.658410 -0.623625 -64.131784 179
0.728969 -0.684547 4.913801 180
0.735953 -0.529892 -9.953992 196
0.196515 -0.037934 15585.983279 140
0.330420 -0.149981 -3122.824664 160
0.314527 -0.024174 -3524.696825 157
-0.195844 -0.197159 -13726683.244878 84
-0.118071 -0.307241 4824911.721536 89
-0.064278 -0.185365 1838405.325690 103
-0.118071 -0.307241 4824911.721536 89
-0.234167 -0.315104 -13866702.062452 70
-0.145550 -0.426758 1348600.195427 87
0.210774 -0.256132 -18504.390958 142
0.346313 -0.275789 13609.145160 161
0.330420 -0.149981 -3122.824664 160
0.210774 -0.256132 -18504.390958 142
0.235267 -0.407887 -54277.619265 143
0.346313 -0.275789 13609.145160 161
0.067288 -0.173570 -162396.810670 121
0.114121 -0.291515 159032.020156 124
0.198854 -0.161776 13203.136469 141
0.108328 -0.414177 195521.845623 123
0.114121 -0.291515 159032.020156 124
-0.001975 -0.299378 -924474.725491 107
0.247982 -0.508533 -22392.129509 139
0.362206 -0.401597 11761.406208 159
0.235267 -0.407887 -54277.619265 143
0.443723 -0.339315 -3371.938555 177
0.486789 -0.444362 -1585.629594 176
0.592925 -0.376490 714.708558 194
0.346313 -0.275789 13609.145160 161
0.443723 -0.339315 -3371.938555 177
0.469331 -0.217723 -1640.558682 178
0.362206 -0.401597 11761.406208 159
0.486789 -0.444362 -1585.629594 176
0.443723 -0.339315 -3371.938555 177
0.518255 -0.575515 215.628808 164
0.658410 -0.623625 -64.131784 179
0.616669 -0.529062 207.878926 181
0.735953 -0.529892 -9.953992 196
0.809017 -0.587785 7.939209 193
0.876307 -0.481754 -16.463665 211
0.616669 -0.529062 207.878926 181
0.658410 -0.623625 -64.131784 179
0.735953 -0.529892 -9.953992 196
0.791796 -0.401964 65.929738 213
0.736206 -0.299972 -239.614470 212
0.664439 -0.453191 -124.557938 197
0.486789 -0.444362 -1585.629594 176
0.378100 -0.527404 756.767784 158
0.518255 -0.575515 215.628808 164
0.728969 -0.684547 4.913801 180
0.809017 -0.587785 7.939209 193
0.735953 -0.529892 -9.953992 196
0.847640 -0.274036 24.924128 227
0.792049 -0.172045 55.577089 224
0.736206 -0.299972 -239.614470 212
0.838383 -0.043527 -9.069394 225
0.792049 -0.172045 55.577089 224
0.903483 -0.146108 -12.700262 239
0.715365 -0.101593 11.381372 210
0.680615 -0.197981 -104.910684 209
0.792049 -0.172045 55.577089 224
1.000000 -0.000000 6.366327 240
0.992115 0.125333 -1.645699 233
0.915249 0.040903 -0.663484 228
0.295977 -0.844070 584.492640 125
0.177179 -0.862891 3845.299919 109
0.309017 -0.951057 -1076.262847 108
0.425779 -0.904827 -392.217150 126
0.295977 -0.844070 584.492640 125
0.309017 -0.951057 -1076.262847 108
0.282937 -0.737084 -6665.560398 127
0.177179 -0.862891 3845.299919 109
0.295977 -0.844070 584.492640 125
0.062791 -0.998027 -14735.033033 72
0.060826 -0.904827 9034.725648 91
-0.062791 -0.998027 42703.958452 71
-0.272489 -0.433048 1279514.513465 67
-0.234167 -0.315104 -13866702.062452 70
-0.362206 -0.401597 27878532.602880 53
-0.349134 -0.668938 4036493.594284 51
-0.166657 -0.668938 -1036122.157880 68
-0.219573 -0.550993 3092210.182141 69
-0.005837 -0.810471 -47904.505150 101
-0.060826 -0.904827 -36350.695603 82
0.060826 -0.904827 9034.725648 91
0.177179 -0.862891 3845.299919 109
-0.005837 -0.810471 -47904.505150 101
0.060826 -0.904827 9034.725648 91
-0.072500 -0.716116 99504.114074 83
-0.156928 -0.826197 329405.690878 81
-0.005837 -0.810471 -47904.505150 101
-0.272489 -0.433048 1279514.513465 67
-0.219573 -0.550993 3092210.182141 69
-0.145550 -0.426758 1348600.195427 87
-0.321429 -0.833823 -545542.593434 46
-0.409886 -0.779019 4611832.614698 45
-0.425779 -0.904827 -1124319.053579 32
-0.232973 -0.888627 314097.734966 62
-0.321429 -0.833823 -545542.593434 46
-0.309017 -0.951057 348806.115784 47
-0.232973 -0.888627 314097.734966 62
-0.253031 -0.747568 -1377472.088390 61
-0.321429 -0.833823 -545542.593434 46
-0.166657 -0.668938 -1036122.157880 68
-0.253031 -0.747568 -1377472.088390 61
-0.156928 -0.826197 329405.690878 81
-0.349134 -0.668938 4036493.594284 51
-0.409886 -0.779019 4611832.614698 45
-0.253031 -0.747568 -1377472.088390 61
0.187381 -0.982287 -1950.289571 90
0.060826 -0.904827 9034.725648 91
0.062791 -0.998027 -14735.033033 72
0.235267 -0.407887 -54277.619265 143
0.362206 -0.401597 11761.406208 159
0.346313 -0.275789 13609.145160 161
0.298781 -0.621760 8881.949088 138
0.378100 -0.527404 756.767784 158
0.247982 -0.508533 -22392.129509 139
0.518255 -0.575515 215.628808 164
0.515708 -0.711863 -96.427213 162
0.658410 -0.623625 -64.131784 179
0.298781 -0.621760 8881.949088 138
0.393993 -0.653212 -501.645676 146
0.378100 -0.527404 756.767784 158
0.141155 -0.577727 -43289.453504 120
0.164458 -0.730094 24671.915147 119
0.298781 -0.621760 8881.949088 138
0.108328 -0.414177 195521.845623 123
0.141155 -0.577727 -43289.453504 120
0.247982 -0.508533 -22392.129509 139
0.034327 -0.646921 -48218.374701 102
0.164458 -0.730094 24671.915147 119
0.141155 -0.577727 -43289.453504 120
0.108328 -0.414177 195521.845623 123
-0.012254 -0.470791 83978.494463 105
0.141155 -0.577727 -43289.453504 120
-0.072500 -0.716116 99504.114074 83
-0.005837 -0.810471 -47904.505150 101
0.034327 -0.646921 -48218.374701 102
0.282937 -0.737084 -6665.560398 127
0.393993 -0.653212 -501.645676 146
0.298781 -0.621760 8881.949088 138
-0.005837 -0.810471 -47904.505150 101
0.177179 -0.862891 3845.299919 109
0.164458 -0.730094 24671.915147 119
0.187381 -0.982287 -1950.289571 90
0.177179 -0.862891 3845.299919 109
0.060826 -0.904827 9034.725648 91
0.187381 -0.982287 -1950.289571 90
0.309017 -0.951057 -1076.262847 108
0.177179 -0.862891 3845.299919 109
0.409886 -0.779019 1199.269359 144
0.393993 -0.653212 -501.645676 146
0.282937 -0.737084 -6665.560398 127
0.515708 -0.711863 -96.427213 162
0.637424 -0.770513 109.727592 163
0.658410 -0.623625 -64.131784 179
0.409886 -0.779019 1199.269359 144
0.515708 -0.711863 -96.427213 162
0.393993 -0.653212 -501.645676 146
0.409886 -0.779019 1199.269359 144
0.535827 -0.844328 -322.307874 145
0.515708 -0.711863 -96.427213 162
0.425779 -0.904827 -392.217150 126
0.409886 -0.779019 1199.269359 144
0.295977 -0.844070 584.492640 125
-0.065162 -0.389016 -637789.015827 106
-0.145550 -0.426758 1348600.195427 87
-0.115913 -0.510892 -474590.889837 88
-0.272489 -0.433048 1279514.513465 67
-0.145550 -0.426758 1348600.195427 87
-0.234167 -0.315104 -13866702.062452 70
-0.219573 -0.550993 3092210.182141 69
-0.378100 -0.527404 -20971420.431697 52
-0.349134 -0.668938 4036493.594284 51
-0.072500 -0.716116 99504.114074 83
-0.042377 -0.593453 317442.387677 86
-0.166657 -0.668938 -1036122.157880 68
-0.272489 -0.433048 1279514.513465 67
-0.378100 -0.527404 -20971420.431697 52
-0.219573 -0.550993 3092210.182141 69
0.535827 -0.844328 -322.307874 145
0.409886 -0.779019 1199.269359 144
0.425779 -0.904827 -392.217150 126
0.535827 -0.844328 -322.307874 145
0.637424 -0.770513 109.727592 163
0.515708 -0.711863 -96.427213 162
0.409886 -0.779019 1199.269359 144
0.282937 -0.737084 -6665.560398 127
0.295977 -0.844070 584.492640 125
0.637424 -0.770513 109.727592 163
0.728969 -0.684547 4.913801 180
0.658410 -0.623625 -64.131784 179
-0.309017 0.951057 -19096.808149 148
-0.203275 0.856480 -1057.500327 149
-0.187381 0.982287 5133.204390 165
-0.109200 0.735914 19893.869741 150
-0.219168 0.730672 -34520.039026 134
-0.081324 0.616659 -69876.393567 152
-0.187381 0.982287 5133.204390 165
-0.203275 0.856480 -1057.500327 149
-0.089651 0.864346 -5478.374762 166
-0.219168 0.730672 -34520.039026 134
-0.382682 0.674543 -148407.264639 115
-0.235061 0.604864 308913.436511 132
-0.089651 0.864346 -5478.374762 166
-0.109200 0.735914 19893.869741 150
0.000768 0.741156 8678.566364 167
-0.253031 -0.747568 -1377472.088390 61
-0.166657 -0.668938 -1036122.157880 68
-0.349134 -0.668938 4036493.594284 51
-0.060826 -0.904827 -36350.695603 82
-0.156928 -0.826197 329405.690878 81
-0.187381 -0.982287 -185754.901254 63
-0.060826 -0.904827 -36350.695603 82
-0.005837 -0.810471 -47904.505150 101
-0.156928 -0.826197 329405.690878 81
-0.232973 -0.888627 314097.734966 62
-0.156928 -0.826197 329405.690878 81
-0.253031 -0.747568 -1377472.088390 61
-0.187381 -0.982287 -185754.901254 63
-0.232973 -0.888627 314097.734966 62
-0.309017 -0.951057 348806.115784 47
-0.187381 -0.982287 -185754.901254 63
-0.156928 -0.826197 329405.690878 81
-0.232973 -0.888627 314097.734966 62
-0.062791 -0.998027 42703.958452 71
-0.060826 -0.904827 -36350.695603 82
-0.187381 -0.982287 -185754.901254 63
-0.042377 -0.593453 317442.387677 86
-0.072500 -0.716116 99504.114074 83
0.034327 -0.646921 -48218.374701 102
-0.012254 -0.470791 83978.494463 105
-0.042377 -0.593453 317442.387677 86
0.034327 -0.646921 -48218.374701 102
-0.115913 -0.510892 -474590.889837 88
-0.166657 -0.668938 -1036122.157880 68
-0.042377 -0.593453 317442.387677 86
-0.518255 -0.575515 99131567.937717 36
-0.616669 -0.529062 -588246469.571733 25
-0.658410 -0.623625 -22305023.440178 24
-0.433694 -0.622226 -12155366.409181 37
-0.518255 -0.575515 99131567.937717 36
-0.534148 -0.701322 -15430403.635359 31
-0.409886 -0.779019 4611832.614698 45
-0.433694 -0.622226 -12155366.409181 37
-0.534148 -0.701322 -15430403.635359 31
-0.349134 -0.668938 4036493.594284 51
-0.378100 -0.527404 -20971420.431697 52
-0.433694 -0.622226 -12155366.409181 37
-0.378100 -0.527404 -20971420.431697 52
-0.486789 -0.444362 27092324.597452 38
-0.518255 -0.575515 99131567.937717 36
0.060826 -0.904827 9034.725648 91
-0.060826 -0.904827 -36350.695603 82
-0.062791 -0.998027 42703.958452 71
-0.534148 -0.701322 -15430403.635359 31
-0.535827 -0.844328 -1670302.942979 30
-0.409886 -0.779019 4611832.614698 45
-0.486789 -0.444362 27092324.597452 38
-0.378100 -0.527404 -20971420.431697 52
-0.362206 -0.401597 27878532.602880 53
-0.728969 -0.684547 -167116703.211994 14
-0.637424 -0.770513 35919983.625217 19
-0.658410 -0.623625 -22305023.440178 24
-0.321429 -0.833823 -545542.593434 46
-0.253031 -0.747568 -1377472.088390 61
-0.409886 -0.779019 4611832.614698 45
-0.346313 -0.275789 59280539.165456 64
-0.362206 -0.401597 27878532.602880 53
-0.234167 -0.315104 -13866702.062452 70
-0.195844 -0.197159 -13726683.244878 84
-0.346313 -0.275789 59280539.165456 64
-0.234167 -0.315104 -13866702.062452 70
-0.658594 0.038247 2017880891.005751 29
-0.584401 -0.096754 531508645.627816 35
-0.515073 -0.029496 -527233640.459703 39
-0.330420 -0.149981 23969728.053898 66
-0.441136 -0.097722 -12520205.380414 50
-0.469331 -0.217723 -168147323.982254 49
-0.330420 -0.149981 23969728.053898 66
-0.314527 -0.024174 -23102450.284038 65
-0.441136 -0.097722 -12520205.380414 50
-0.321429 -0.833823 -545542.593434 46
-0.425779 -0.904827 -1124319.053579 32
-0.309017 -0.951057 348806.115784 47
-0.378100 -0.527404 -20971420.431697 52
-0.518255 -0.575515 99131567.937717 36
-0.433694 -0.622226 -12155366.409181 37
-0.535827 -0.844328 -1670302.942979 30
-0.425779 -0.904827 -1124319.053579 32
-0.409886 -0.779019 4611832.614698 45
0.298634 0.101634 4467.109475 156
0.172130 0.119981 -37842.177761 137
0.196515 -0.037934 15585.983279 140
-0.216863 0.007278 10207366.222976 80
-0.157522 -0.079215 160444.003867 85
-0.119199 0.038730 -1853683.942099 100
0.198854 -0.161776 13203.136469 141
0.210774 -0.256132 -18504.390958 142
0.330420 -0.149981 -3122.824664 160
-0.118071 -0.307241 4824911.721536 89
-0.195844 -0.197159 -13726683.244878 84
-0.234167 -0.315104 -13866702.062452 70
0.114121 -0.291515 159032.020156 124
0.235267 -0.407887 -54277.619265 143
0.210774 -0.256132 -18504.390958 142
0.114121 -0.291515 159032.020156 124
0.108328 -0.414177 195521.845623 123
0.235267 -0.407887 -54277.619265 143
0.198854 -0.161776 13203.136469 141
0.114121 -0.291515 159032.020156 124
0.210774 -0.256132 -18504.390958 142
0.067288 -0.173570 -162396.810670 121
-0.064278 -0.185365 1838405.325690 103
-0.001975 -0.299378 -924474.725491 107
-0.012254 -0.470791 83978.494463 105
0.034327 -0.646921 -48218.374701 102
0.141155 -0.577727 -43289.453504 120
-0.064278 -0.185365 1838405.325690 103
-0.035536 -0.096906 72004.641013 104
-0.157522 -0.079215 160444.003867 85
-0.001975 -0.299378 -924474.725491 107
-0.064278 -0.185365 1838405.325690 103
-0.118071 -0.307241 4824911.721536 89
0.067288 -0.173570 -162396.810670 121
-0.035536 -0.096906 72004.641013 104
-0.064278 -0.185365 1838405.325690 103
-0.330420 -0.149981 23969728.053898 66
-0.195844 -0.197159 -13726683.244878 84
-0.157522 -0.079215 160444.003867 85
-0.330420 -0.149981 23969728.053898 66
-0.346313 -0.275789 59280539.165456 64
-0.195844 -0.197159 -13726683.244878 84
-0.658594 0.038247 2017880891.005751 29
-0.576964 0.099699 -319353461.153091 44
-0.708183 0.161636 730851150.826696 28
-0.838383 -0.043527 33570912127.785381 12
-0.715365 -0.101593 -6223857649.749144 23
-0.773283 0.059054 -5176708699.287453 18
-0.584401 -0.096754 531508645.627816 35
-0.469331 -0.217723 -168147323.982254 49
-0.441136 -0.097722 -12520205.380414 50
-0.715365 -0.101593 -6223857649.749144 23
-0.584401 -0.096754 531508645.627816 35
-0.658594 0.038247 2017880891.005751 29
-0.773283 0.059054 -5176708699.287453 18
-0.715365 -0.101593 -6223857649.749144 23
-0.658594 0.038247 2017880891.005751 29
-0.680615 -0.197981 794739524.406450 22
-0.569181 -0.223917 699863504.081016 34
-0.584401 -0.096754 531508645.627816 35
-0.792049 -0.172045 7211796696.652523 13
-0.680615 -0.197981 794739524.406450 22
-0.715365 -0.101593 -6223857649.749144 23
-0.792049 -0.172045 7211796696.652523 13
-0.847640 -0.274036 29993083074.199970 11
-0.680489 -0.312940 -6003549136.724695 21
-0.715365 -0.101593 -6223857649.749144 23
-0.680615 -0.197981 794739524.406450 22
-0.584401 -0.096754 531508645.627816 35
-0.838383 -0.043527 33570912127.785381 12
-0.792049 -0.172045 7211796696.652523 13
-0.715365 -0.101593 -6223857649.749144 23
-0.314527 -0.024174 -23102450.284038 65
-0.298634 0.101634 -27870197.453398 73
-0.445745 0.037763 126160302.413677 54
-0.680489 -0.312940 -6003549136.724695 21
-0.592925 -0.376490 539680009.861374 33
-0.569181 -0.223917 699863504.081016 34
-0.569181 -0.223917 699863504.081016 34
-0.592925 -0.376490 539680009.861374 33
-0.443723 -0.339315 -247999330.733622 48
-0.658410 -0.623625 -22305023.440178 24
-0.616669 -0.529062 -588246469.571733 25
-0.735953 -0.529892 766389724.366814 15
-0.658410 -0.623625 -22305023.440178 24
-0.534148 -0.701322 -15430403.635359 31
-0.518255 -0.575515 99131567.937717 36
-0.443723 -0.339315 -247999330.733622 48
-0.469331 -0.217723 -168147323.982254 49
-0.569181 -0.223917 699863504.081016 34
-0.362206 -0.401597 27878532.602880 53
-0.443723 -0.339315 -247999330.733622 48
-0.486789 -0.444362 27092324.597452 38
-0.362206 -0.401597 27878532.602880 53
-0.346313 -0.275789 59280539.165456 64
-0.443723 -0.339315 -247999330.733622 48
0.247982 -0.508533 -22392.129509 139
0.141155 -0.577727 -43289.453504 120
0.298781 -0.621760 8881.949088 138
-0.156928 -0.826197 329405.690878 81
-0.072500 -0.716116 99504.114074 83
-0.166657 -0.668938 -1036122.157880 68
0.164458 -0.730094 24671.915147 119
0.177179 -0.862891 3845.299919 109
0.282937 -0.737084 -6665.560398 127
0.298781 -0.621760 8881.949088 138
0.164458 -0.730094 24671.915147 119
0.282937 -0.737084 -6665.560398 127
0.034327 -0.646921 -48218.374701 102
-0.005837 -0.810471 -47904.505150 101
0.164458 -0.730094 24671.915147 119
0.108328 -0.414177 195521.845623 123
0.247982 -0.508533 -22392.129509 139
0.235267 -0.407887 -54277.619265 143
-0.115913 -0.510892 -474590.889837 88
-0.012254 -0.470791 83978.494463 105
-0.065162 -0.389016 -637789.015827 106
-0.219573 -0.550993 3092210.182141 69
-0.115913 -0.510892 -474590.889837 88
-0.145550 -0.426758 1348600.195427 87
-0.219573 -0.550993 3092210.182141 69
-0.166657 -0.668938 -1036122.157880 68
-0.115913 -0.510892 -474590.889837 88
-0.115913 -0.510892 -474590.889837 88
-0.042377 -0.593453 317442.387677 86
-0.012254 -0.470791 83978.494463 105
0.378100 -0.527404 756.767784 158
0.362206 -0.401597 11761.406208 159
0.247982 -0.508533 -22392.129509 139
