-0.903483 -0.146108 -791872.145486 5
-0.992115 -0.125333 7022652.367212 1
-0.968583 -0.248690 -804814.841650 2
-0.929776 -0.368125 64063.897786 3
-0.847640 -0.274036 228829.267428 11
-0.968583 -0.248690 -804814.841650 2
-0.838383 -0.043527 256126.025297 12
-1.000000 -0.000000 -607859.571959 4
-0.903483 -0.146108 -791872.145486 5
-0.791796 -0.401964 -48809.330432 10
-0.876307 -0.481754 5169.188620 6
-0.735953 -0.529892 5847.267083 15
-0.664439 -0.453191 22113.327056 20
-0.592925 -0.376490 4117.938354 33
-0.680489 -0.312940 -45803.005359 21
-0.616669 -0.529062 -4487.624530 25
-0.664439 -0.453191 22113.327056 20
-0.735953 -0.529892 5847.267083 15
-0.616669 -0.529062 -4487.624530 25
-0.592925 -0.376490 4117.938354 33
-0.664439 -0.453191 22113.327056 20
-0.847640 -0.274036 228829.267428 11
-0.929776 -0.368125 64063.897786 3
-0.791796 -0.401964 -48809.330432 10
-0.577982 0.366799 208.800637 58
-0.479568 0.320346 -107.841336 75
-0.512882 0.469380 -39.441566 77
-0.381154 0.273894 -112.976106 78
-0.528266 0.210023 480.246246 59
-0.413450 0.155828 235.702221 60
-0.389865 0.411315 36.715232 95
-0.479568 0.320346 -107.841336 75
-0.381154 0.273894 -112.976106 78
-0.250954 0.479057 -6.830255 114
-0.389865 0.411315 36.715232 95
-0.266847 0.353249 13.871225 98
-0.349368 0.525509 -6.652786 113
-0.447782 0.571962 10.343157 97
-0.389865 0.411315 36.715232 95
-0.577982 0.366799 208.800637 58
-0.528266 0.210023 480.246246 59
-0.479568 0.320346 -107.841336 75
-0.080876 0.156675 0.016964 110
-0.042554 0.274619 2.696557 117
-0.162647 0.251030 -7.322400 99
-0.189755 0.129154 27.300909 93
-0.080876 0.156675 0.016964 110
-0.162647 0.251030 -7.322400 99
-0.282741 0.227442 10.062831 79
-0.189755 0.129154 27.300909 93
-0.162647 0.251030 -7.322400 99
-0.298634 0.101634 -211.732248 73
-0.216863 0.007278 78.828933 80
-0.189755 0.129154 27.300909 93
0.198854 -0.161776 1.035010 141
0.078503 -0.051694 0.714044 122
0.067288 -0.173570 -0.273651 121
0.125317 0.034143 0.384316 128
0.020079 0.059698 3.739199 118
0.078503 -0.051694 0.714044 122
0.196515 -0.037934 1.078847 140
0.125317 0.034143 0.384316 128
0.078503 -0.051694 0.714044 122
0.172130 0.119981 0.667256 137
0.020079 0.059698 3.739199 118
0.125317 0.034143 0.384316 128
0.282741 0.227442 0.884637 155
0.172130 0.119981 0.667256 137
0.298634 0.101634 0.934563 156
0.282741 0.227442 0.884637 155
0.163714 0.327039 0.829963 153
0.167922 0.223510 1.142058 147
-0.080876 0.156675 0.016964 110
-0.119199 0.038730 -13.158202 100
0.020079 0.059698 3.739199 118
-0.838383 -0.043527 256126.025297 12
-0.915249 0.040903 43912.334339 9
-1.000000 -0.000000 -607859.571959 4
-0.903483 -0.146108 -791872.145486 5
-1.000000 -0.000000 -607859.571959 4
-0.992115 -0.125333 7022652.367212 1
-0.362206 -0.401597 213.403843 53
-0.378100 -0.527404 -159.420357 52
-0.272489 -0.433048 10.500134 67
-0.847640 -0.274036 228829.267428 11
-0.903483 -0.146108 -791872.145486 5
-0.968583 -0.248690 -804814.841650 2
-0.847640 -0.274036 228829.267428 11
-0.792049 -0.172045 55021.984622 13
-0.903483 -0.146108 -791872.145486 5
-0.876307 -0.481754 5169.188620 6
-0.791796 -0.401964 -48809.330432 10
-0.929776 -0.368125 64063.897786 3
-0.664439 -0.453191 22113.327056 20
-0.791796 -0.401964 -48809.330432 10
-0.735953 -0.529892 5847.267083 15
-0.680615 -0.197981 6063.878866 22
-0.680489 -0.312940 -45803.005359 21
-0.569181 -0.223917 5340.160611 34
-0.680615 -0.197981 6063.878866 22
-0.792049 -0.172045 55021.984622 13
-0.680489 -0.312940 -45803.005359 21
-0.515073 -0.029496 -4021.739577 39
-0.441136 -0.097722 -94.725742 50
-0.445745 0.037763 963.326588 54
-0.330420 -0.149981 183.742831 66
-0.469331 -0.217723 -1282.129938 49
-0.346313 -0.275789 453.078617 64
-0.838383 -0.043527 256126.025297 12
-0.903483 -0.146108 -791872.145486 5
-0.792049 -0.172045 55021.984622 13
-0.735953 -0.529892 5847.267083 15
-0.809017 -0.587785 -3892.857689 7
-0.728969 -0.684547 -1274.999245 14
-0.346313 -0.275789 453.078617 64
-0.469331 -0.217723 -1282.129938 49
-0.443723 -0.339315 -1891.396743 48
-0.876307 -0.481754 5169.188620 6
-0.809017 -0.587785 -3892.857689 7
-0.735953 -0.529892 5847.267083 15
-0.309017 0.951057 -0.145697 148
-0.317582 0.777124 0.581674 131
-0.203275 0.856480 0.217052 149
-0.915249 0.040903 43912.334339 9
-0.992115 0.125333 59467.146273 8
-1.000000 -0.000000 -607859.571959 4
-0.773283 0.059054 -39494.753985 18
-0.915249 0.040903 43912.334339 9
-0.838383 -0.043527 256126.025297 12
-0.773283 0.059054 -39494.753985 18
-0.838383 0.205163 -11875.149060 17
-0.915249 0.040903 43912.334339 9
-0.317582 0.777124 0.581674 131
-0.309017 0.951057 -0.145697 148
-0.425779 0.904827 0.211035 130
-0.447782 0.737755 -0.510444 112
-0.425779 0.904827 0.211035 130
-0.535827 0.844328 -0.243597 111
-0.992115 0.125333 59467.146273 8
-0.915249 0.040903 43912.334339 9
-0.838383 0.205163 -11875.149060 17
-0.382682 0.674543 -0.733714 115
-0.447782 0.571962 10.343157 97
-0.349368 0.525509 -6.652786 113
-0.425779 0.904827 0.211035 130
-0.447782 0.737755 -0.510444 112
-0.317582 0.777124 0.581674 131
-0.382682 0.674543 -0.733714 115
-0.349368 0.525509 -6.652786 113
-0.235061 0.604864 2.935703 132
-0.816683 0.308437 2465.256594 27
-0.968583 0.248690 -7702.595633 16
-0.838383 0.205163 -11875.149060 17
-0.816683 0.308437 2465.256594 27
-0.929776 0.368125 755.836596 26
-0.968583 0.248690 -7702.595633 16
-0.708183 0.161636 5576.424049 28
-0.816683 0.308437 2465.256594 27
-0.838383 0.205163 -11875.149060 17
-0.794983 0.411712 -441.880880 41
-0.929776 0.368125 755.836596 26
-0.816683 0.308437 2465.256594 27
-0.314527 -0.024174 -175.357224 65
-0.330420 -0.149981 183.742831 66
-0.157522 -0.079215 2.192995 85
-0.080876 0.156675 0.016964 110
-0.189755 0.129154 27.300909 93
-0.119199 0.038730 -13.158202 100
-0.576964 0.099699 -2435.816351 44
-0.528266 0.210023 480.246246 59
-0.643082 0.264217 -533.058987 43
-0.773283 0.059054 -39494.753985 18
-0.658594 0.038247 15395.774022 29
-0.708183 0.161636 5576.424049 28
-0.445745 0.037763 963.326588 54
-0.413450 0.155828 235.702221 60
-0.576964 0.099699 -2435.816351 44
-0.216863 0.007278 78.828933 80
-0.298634 0.101634 -211.732248 73
-0.314527 -0.024174 -175.357224 65
-0.157522 -0.079215 2.192995 85
-0.216863 0.007278 78.828933 80
-0.314527 -0.024174 -175.357224 65
-0.119199 0.038730 -13.158202 100
-0.189755 0.129154 27.300909 93
-0.216863 0.007278 78.828933 80
-0.576964 0.099699 -2435.816351 44
-0.643082 0.264217 -533.058987 43
-0.708183 0.161636 5576.424049 28
-0.413450 0.155828 235.702221 60
-0.528266 0.210023 480.246246 59
-0.576964 0.099699 -2435.816351 44
-0.298634 0.101634 -211.732248 73
-0.413450 0.155828 235.702221 60
-0.445745 0.037763 963.326588 54
-0.298634 0.101634 -211.732248 73
-0.282741 0.227442 10.062831 79
-0.413450 0.155828 235.702221 60
-0.381154 0.273894 -112.976106 78
-0.266847 0.353249 13.871225 98
-0.389865 0.411315 36.715232 95
-0.381154 0.273894 -112.976106 78
-0.282741 0.227442 10.062831 79
-0.266847 0.353249 13.871225 98
-0.528266 0.210023 480.246246 59
-0.381154 0.273894 -112.976106 78
-0.479568 0.320346 -107.841336 75
-0.413450 0.155828 235.702221 60
-0.282741 0.227442 10.062831 79
-0.381154 0.273894 -112.976106 78
-0.577982 0.366799 208.800637 58
-0.643082 0.264217 -533.058987 43
-0.528266 0.210023 480.246246 59
-0.577982 0.366799 208.800637 58
-0.610532 0.481301 229.520615 57
-0.719033 0.337964 -1195.553466 42
-0.621382 0.574733 -42.108415 76
-0.708183 0.493222 265.543070 56
-0.610532 0.481301 229.520615 57
-0.719033 0.337964 -1195.553466 42
-0.816683 0.308437 2465.256594 27
-0.708183 0.161636 5576.424049 28
-0.577982 0.366799 208.800637 58
-0.719033 0.337964 -1195.553466 42
-0.643082 0.264217 -533.058987 43
-0.794983 0.411712 -441.880880 41
-0.816683 0.308437 2465.256594 27
-0.719033 0.337964 -1195.553466 42
-0.708183 0.493222 265.543070 56
-0.794983 0.411712 -441.880880 41
-0.719033 0.337964 -1195.553466 42
-0.610532 0.481301 229.520615 57
-0.708183 0.493222 265.543070 56
-0.719033 0.337964 -1195.553466 42
-0.512882 0.469380 -39.441566 77
-0.610532 0.481301 229.520615 57
-0.577982 0.366799 208.800637 58
-0.512882 0.469380 -39.441566 77
-0.621382 0.574733 -42.108415 76
-0.610532 0.481301 229.520615 57
-0.621382 0.574733 -42.108415 76
-0.809017 0.587785 -66.026745 55
-0.708183 0.493222 265.543070 56
-0.876307 0.481754 -61.124353 40
-0.929776 0.368125 755.836596 26
-0.794983 0.411712 -441.880880 41
-0.445745 0.037763 963.326588 54
-0.441136 -0.097722 -94.725742 50
-0.314527 -0.024174 -175.357224 65
-0.838383 0.205163 -11875.149060 17
-0.773283 0.059054 -39494.753985 18
-0.708183 0.161636 5576.424049 28
-0.643082 0.264217 -533.058987 43
-0.719033 0.337964 -1195.553466 42
-0.708183 0.161636 5576.424049 28
-0.968583 0.248690 -7702.595633 16
-0.992115 0.125333 59467.146273 8
-0.838383 0.205163 -11875.149060 17
-0.515073 -0.029496 -4021.739577 39
-0.576964 0.099699 -2435.816351 44
-0.658594 0.038247 15395.774022 29
-0.441136 -0.097722 -94.725742 50
-0.515073 -0.029496 -4021.739577 39
-0.584401 -0.096754 4055.738210 35
-0.445745 0.037763 963.326588 54
-0.576964 0.099699 -2435.816351 44
-0.515073 -0.029496 -4021.739577 39
-0.794983 0.411712 -441.880880 41
-0.708183 0.493222 265.543070 56
-0.876307 0.481754 -61.124353 40
-0.447782 0.571962 10.343157 97
-0.534582 0.656244 5.126484 96
-0.621382 0.574733 -42.108415 76
-0.389865 0.411315 36.715232 95
-0.447782 0.571962 10.343157 97
-0.512882 0.469380 -39.441566 77
-0.479568 0.320346 -107.841336 75
-0.389865 0.411315 36.715232 95
-0.512882 0.469380 -39.441566 77
-0.250954 0.479057 -6.830255 114
-0.235061 0.604864 2.935703 132
-0.349368 0.525509 -6.652786 113
-0.382682 0.674543 -0.733714 115
-0.534582 0.656244 5.126484 96
-0.447782 0.571962 10.343157 97
-0.728969 0.684547 32.674313 74
-0.809017 0.587785 -66.026745 55
-0.621382 0.574733 -42.108415 76
-0.447782 0.737755 -0.510444 112
-0.382682 0.674543 -0.733714 115
-0.317582 0.777124 0.581674 131
-0.534582 0.656244 5.126484 96
-0.447782 0.737755 -0.510444 112
-0.535827 0.844328 -0.243597 111
-0.534582 0.656244 5.126484 96
-0.382682 0.674543 -0.733714 115
-0.447782 0.737755 -0.510444 112
-0.728969 0.684547 32.674313 74
-0.631775 0.670396 2.756885 92
-0.637424 0.770513 -6.501840 94
-0.621382 0.574733 -42.108415 76
-0.512882 0.469380 -39.441566 77
-0.447782 0.571962 10.343157 97
-0.631775 0.670396 2.756885 92
-0.534582 0.656244 5.126484 96
-0.637424 0.770513 -6.501840 94
-0.621382 0.574733 -42.108415 76
-0.631775 0.670396 2.756885 92
-0.728969 0.684547 32.674313 74
-0.621382 0.574733 -42.108415 76
-0.534582 0.656244 5.126484 96
-0.631775 0.670396 2.756885 92
0.794983 0.411712 0.198471 236
0.929776 0.368125 -0.000025 237
0.876307 0.481754 0.000055 242
0.708183 0.493222 0.255133 238
0.794983 0.411712 0.198471 236
0.876307 0.481754 0.000055 242
0.610532 0.481301 0.395731 223
0.577982 0.366799 0.531172 208
0.719033 0.337964 0.368854 222
0.349368 0.525509 0.605906 189
0.512882 0.469380 0.515772 207
0.447782 0.571962 0.471131 205
0.349368 0.525509 0.605906 189
0.422415 0.360024 0.692929 190
0.512882 0.469380 0.515772 207
0.445745 0.037763 0.798662 170
0.314527 -0.024174 0.873590 157
0.441136 -0.097722 0.806965 175
0.643082 0.264217 0.516212 206
0.522968 0.251959 0.664133 191
0.571666 0.141635 0.654827 188
0.794983 0.245918 0.307615 220
0.719033 0.337964 0.368854 222
0.643082 0.264217 0.516212 206
0.870933 0.153872 0.217840 219
0.794983 0.245918 0.307615 220
0.708183 0.161636 0.472056 204
0.870933 0.153872 0.217840 219
0.968583 0.248690 -0.000037 230
0.794983 0.245918 0.307615 220
0.577982 0.366799 0.531172 208
0.422415 0.360024 0.692929 190
0.522968 0.251959 0.664133 191
0.040329 0.180264 0.385870 129
0.167922 0.223510 1.142058 147
0.060580 0.300829 0.763355 136
0.794983 0.245918 0.307615 220
0.643082 0.264217 0.516212 206
0.708183 0.161636 0.472056 204
0.708183 0.493222 0.255133 238
0.719033 0.337964 0.368854 222
0.794983 0.411712 0.198471 236
0.577982 0.366799 0.531172 208
0.643082 0.264217 0.516212 206
0.719033 0.337964 0.368854 222
0.915249 0.040903 0.160640 228
0.773283 0.059054 0.398568 215
0.838383 -0.043527 0.295148 225
1.000000 -0.000000 0.000049 240
0.915249 0.040903 0.160640 228
0.838383 -0.043527 0.295148 225
0.992115 0.125333 -0.000013 233
0.968583 0.248690 -0.000037 230
0.870933 0.153872 0.217840 219
0.794983 0.245918 0.307615 220
0.929776 0.368125 -0.000025 237
0.794983 0.411712 0.198471 236
0.062791 0.998027 -0.001215 198
0.023973 0.872212 0.238290 184
0.187381 0.982287 -0.001685 199
0.425779 0.904827 0.000280 216
0.309017 0.951057 -0.002625 214
0.360982 0.819266 0.199642 203
0.309017 0.951057 -0.002625 214
0.203275 0.856480 0.231945 200
0.360982 0.819266 0.199642 203
0.382682 0.674543 0.401904 202
0.447782 0.737755 0.254392 218
0.360982 0.819266 0.199642 203
0.512882 0.469380 0.515772 207
0.621382 0.574733 0.283923 221
0.447782 0.571962 0.471131 205
0.719033 0.337964 0.368854 222
0.708183 0.493222 0.255133 238
0.610532 0.481301 0.395731 223
0.809017 0.587785 -0.000084 235
0.728969 0.684547 -0.000115 234
0.621382 0.574733 0.283923 221
0.621382 0.574733 0.283923 221
0.534582 0.656244 0.283316 217
0.447782 0.571962 0.471131 205
0.809017 0.587785 -0.000084 235
0.621382 0.574733 0.283923 221
0.708183 0.493222 0.255133 238
0.631775 0.670396 0.151425 229
0.534582 0.656244 0.283316 217
0.621382 0.574733 0.283923 221
0.728969 0.684547 -0.000115 234
0.631775 0.670396 0.151425 229
0.621382 0.574733 0.283923 221
0.728969 0.684547 -0.000115 234
0.637424 0.770513 0.000037 231
0.631775 0.670396 0.151425 229
0.447782 0.737755 0.254392 218
0.425779 0.904827 0.000280 216
0.360982 0.819266 0.199642 203
0.794983 0.245918 0.307615 220
0.794983 0.411712 0.198471 236
0.719033 0.337964 0.368854 222
0.610532 0.481301 0.395731 223
0.621382 0.574733 0.283923 221
0.512882 0.469380 0.515772 207
0.577982 0.366799 0.531172 208
0.610532 0.481301 0.395731 223
0.512882 0.469380 0.515772 207
0.708183 0.493222 0.255133 238
0.621382 0.574733 0.283923 221
0.610532 0.481301 0.395731 223
0.637424 0.770513 0.000037 231
0.534582 0.656244 0.283316 217
0.631775 0.670396 0.151425 229
0.637424 0.770513 0.000037 231
0.535827 0.844328 0.000292 232
0.534582 0.656244 0.283316 217
0.235061 0.604864 0.569817 186
0.219168 0.730672 0.406130 187
0.072414 0.628453 0.698343 169
0.447782 0.737755 0.254392 218
0.535827 0.844328 0.000292 232
0.425779 0.904827 0.000280 216
0.534582 0.656244 0.283316 217
0.447782 0.737755 0.254392 218
0.382682 0.674543 0.401904 202
0.534582 0.656244 0.283316 217
0.535827 0.844328 0.000292 232
0.447782 0.737755 0.254392 218
-0.135539 0.372907 0.885702 116
-0.250954 0.479057 -6.830255 114
-0.266847 0.353249 13.871225 98
0.060580 0.300829 0.763355 136
-0.004231 0.392564 0.390376 135
-0.042554 0.274619 2.696557 117
0.040329 0.180264 0.385870 129
0.060580 0.300829 0.763355 136
-0.042554 0.274619 2.696557 117
0.163714 0.327039 0.829963 153
0.123361 0.435810 0.898617 154
0.060580 0.300829 0.763355 136
-0.080876 0.156675 0.016964 110
0.020079 0.059698 3.739199 118
0.040329 0.180264 0.385870 129
0.266847 0.353249 0.793435 172
0.250954 0.479057 0.692945 171
0.123361 0.435810 0.898617 154
-0.108431 0.494783 1.771973 133
-0.250954 0.479057 -6.830255 114
-0.135539 0.372907 0.885702 116
-0.004231 0.392564 0.390376 135
-0.108431 0.494783 1.771973 133
-0.135539 0.372907 0.885702 116
0.034091 0.510509 0.698064 151
0.072414 0.628453 0.698343 169
-0.081324 0.616659 0.079999 152
0.034091 0.510509 0.698064 151
0.123361 0.435810 0.898617 154
0.134576 0.557687 0.643849 168
0.381154 0.273894 0.779941 173
0.266847 0.353249 0.793435 172
0.282741 0.227442 0.884637 155
0.413450 0.155828 0.796501 174
0.445745 0.037763 0.798662 170
0.571666 0.141635 0.654827 188
0.282741 0.227442 0.884637 155
0.413450 0.155828 0.796501 174
0.381154 0.273894 0.779941 173
0.298634 0.101634 0.934563 156
0.445745 0.037763 0.798662 170
0.413450 0.155828 0.796501 174
0.577982 0.366799 0.531172 208
0.512882 0.469380 0.515772 207
0.422415 0.360024 0.692929 190
0.134576 0.557687 0.643849 168
0.235061 0.604864 0.569817 186
0.072414 0.628453 0.698343 169
0.034091 0.510509 0.698064 151
0.134576 0.557687 0.643849 168
0.072414 0.628453 0.698343 169
0.123361 0.435810 0.898617 154
0.250954 0.479057 0.692945 171
0.134576 0.557687 0.643849 168
0.422415 0.360024 0.692929 190
0.349368 0.525509 0.605906 189
0.266847 0.353249 0.793435 172
0.349368 0.525509 0.605906 189
0.235061 0.604864 0.569817 186
0.250954 0.479057 0.692945 171
0.266847 0.353249 0.793435 172
0.349368 0.525509 0.605906 189
0.250954 0.479057 0.692945 171
0.447782 0.571962 0.471131 205
0.382682 0.674543 0.401904 202
0.349368 0.525509 0.605906 189
0.023973 0.872212 0.238290 184
0.062791 0.998027 -0.001215 198
-0.062791 0.998027 0.007442 182
-0.089651 0.864346 0.203070 166
0.023973 0.872212 0.238290 184
-0.062791 0.998027 0.007442 182
-0.187381 0.982287 0.039163 165
-0.089651 0.864346 0.203070 166
-0.062791 0.998027 0.007442 182
-0.203275 0.856480 0.217052 149
-0.109200 0.735914 0.598281 150
-0.089651 0.864346 0.203070 166
0.000768 0.741156 0.516896 167
0.110736 0.746398 0.402163 183
0.023973 0.872212 0.238290 184
0.219168 0.730672 0.406130 187
0.110736 0.746398 0.402163 183
0.072414 0.628453 0.698343 169
0.203275 0.856480 0.231945 200
0.187381 0.982287 -0.001685 199
0.023973 0.872212 0.238290 184
0.187381 0.982287 -0.001685 199
0.203275 0.856480 0.231945 200
0.309017 0.951057 -0.002625 214
-0.235061 0.604864 2.935703 132
-0.250954 0.479057 -6.830255 114
-0.108431 0.494783 1.771973 133
-0.109200 0.735914 0.598281 150
-0.203275 0.856480 0.217052 149
-0.219168 0.730672 0.154714 134
0.072414 0.628453 0.698343 169
0.000768 0.741156 0.516896 167
-0.081324 0.616659 0.079999 152
0.000768 0.741156 0.516896 167
0.023973 0.872212 0.238290 184
-0.089651 0.864346 0.203070 166
-0.219168 0.730672 0.154714 134
-0.317582 0.777124 0.581674 131
-0.382682 0.674543 -0.733714 115
-0.108431 0.494783 1.771973 133
-0.081324 0.616659 0.079999 152
-0.235061 0.604864 2.935703 132
-0.203275 0.856480 0.217052 149
-0.317582 0.777124 0.581674 131
-0.219168 0.730672 0.154714 134
0.809017 0.587785 -0.000084 235
0.708183 0.493222 0.255133 238
0.876307 0.481754 0.000055 242
0.469331 -0.217723 0.719803 178
0.443723 -0.339315 0.662244 177
0.569181 -0.223917 0.631245 195
0.992115 -0.125333 0.000038 243
0.903483 -0.146108 0.162273 239
0.968583 -0.248690 -0.000004 241
0.992115 -0.125333 0.000038 243
1.000000 -0.000000 0.000049 240
0.903483 -0.146108 0.162273 239
-0.616669 -0.529062 -4487.624530 25
-0.518255 -0.575515 756.714024 36
-0.486789 -0.444362 207.263606 38
-0.728969 -0.684547 -1274.999245 14
-0.658410 -0.623625 -169.996235 24
-0.735953 -0.529892 5847.267083 15
-0.433694 -0.622226 -92.313344 37
-0.409886 -0.779019 35.410610 45
-0.349134 -0.668938 31.226626 51
-0.637424 -0.770513 274.047723 19
-0.534148 -0.701322 -117.501804 31
-0.658410 -0.623625 -169.996235 24
-0.637424 -0.770513 274.047723 19
-0.535827 -0.844328 -12.743400 30
-0.534148 -0.701322 -117.501804 31
0.664439 -0.453191 0.352186 197
0.736206 -0.299972 0.366187 212
0.592925 -0.376490 0.512145 194
0.736206 -0.299972 0.366187 212
0.792049 -0.172045 0.343480 224
0.680615 -0.197981 0.496763 209
0.929776 -0.368125 -0.000216 226
0.847640 -0.274036 0.206600 227
0.791796 -0.401964 0.211985 213
0.929776 -0.368125 -0.000216 226
0.968583 -0.248690 -0.000004 241
0.847640 -0.274036 0.206600 227
0.715365 -0.101593 0.478014 210
0.584401 -0.096754 0.648849 192
0.680615 -0.197981 0.496763 209
0.773283 0.059054 0.398568 215
0.715365 -0.101593 0.478014 210
0.838383 -0.043527 0.295148 225
0.662567 0.006795 0.561084 201
0.708183 0.161636 0.472056 204
0.571666 0.141635 0.654827 188
-0.592925 -0.376490 4117.938354 33
-0.486789 -0.444362 207.263606 38
-0.443723 -0.339315 -1891.396743 48
-0.791796 -0.401964 -48809.330432 10
-0.664439 -0.453191 22113.327056 20
-0.680489 -0.312940 -45803.005359 21
-0.616669 -0.529062 -4487.624530 25
-0.486789 -0.444362 207.263606 38
-0.592925 -0.376490 4117.938354 33
-0.584401 -0.096754 4055.738210 35
-0.569181 -0.223917 5340.160611 34
-0.469331 -0.217723 -1282.129938 49
-0.680489 -0.312940 -45803.005359 21
-0.847640 -0.274036 228829.267428 11
-0.791796 -0.401964 -48809.330432 10
-0.035536 -0.096906 1.538691 104
-0.119199 0.038730 -13.158202 100
-0.157522 -0.079215 2.192995 85
-0.195844 -0.197159 -103.803514 84
-0.064278 -0.185365 14.987420 103
-0.157522 -0.079215 2.192995 85
0.196515 -0.037934 1.078847 140
0.314527 -0.024174 0.873590 157
0.298634 0.101634 0.934563 156
0.125317 0.034143 0.384316 128
0.196515 -0.037934 1.078847 140
0.172130 0.119981 0.667256 137
-0.035536 -0.096906 1.538691 104
0.078503 -0.051694 0.714044 122
0.020079 0.059698 3.739199 118
-0.035536 -0.096906 1.538691 104
0.067288 -0.173570 -0.273651 121
0.078503 -0.051694 0.714044 122
0.198854 -0.161776 1.035010 141
0.330420 -0.149981 0.844496 160
0.196515 -0.037934 1.078847 140
0.078503 -0.051694 0.714044 122
0.198854 -0.161776 1.035010 141
0.196515 -0.037934 1.078847 140
-0.001975 -0.299378 -6.142820 107
0.114121 -0.291515 2.115307 124
0.067288 -0.173570 -0.273651 121
-0.065162 -0.389016 -4.021530 106
-0.001975 -0.299378 -6.142820 107
-0.118071 -0.307241 37.702810 89
-0.145550 -0.426758 11.085689 87
-0.065162 -0.389016 -4.021530 106
-0.118071 -0.307241 37.702810 89
-0.012254 -0.470791 1.418905 105
0.108328 -0.414177 2.308429 123
-0.065162 -0.389016 -4.021530 106
-0.065162 -0.389016 -4.021530 106
0.108328 -0.414177 2.308429 123
-0.001975 -0.299378 -6.142820 107
0.441136 -0.097722 0.806965 175
0.314527 -0.024174 0.873590 157
0.330420 -0.149981 0.844496 160
-0.035536 -0.096906 1.538691 104
0.020079 0.059698 3.739199 118
-0.119199 0.038730 -13.158202 100
0.522968 0.251959 0.664133 191
0.643082 0.264217 0.516212 206
0.577982 0.366799 0.531172 208
0.381154 0.273894 0.779941 173
0.522968 0.251959 0.664133 191
0.422415 0.360024 0.692929 190
0.266847 0.353249 0.793435 172
0.381154 0.273894 0.779941 173
0.422415 0.360024 0.692929 190
0.282741 0.227442 0.884637 155
0.298634 0.101634 0.934563 156
0.413450 0.155828 0.796501 174
0.584401 -0.096754 0.648849 192
0.441136 -0.097722 0.806965 175
0.469331 -0.217723 0.719803 178
0.381154 0.273894 0.779941 173
0.413450 0.155828 0.796501 174
0.522968 0.251959 0.664133 191
0.298634 0.101634 0.934563 156
0.314527 -0.024174 0.873590 157
0.445745 0.037763 0.798662 170
0.571666 0.141635 0.654827 188
0.708183 0.161636 0.472056 204
0.643082 0.264217 0.516212 206
0.413450 0.155828 0.796501 174
0.571666 0.141635 0.654827 188
0.522968 0.251959 0.664133 191
0.662567 0.006795 0.561084 201
0.715365 -0.101593 0.478014 210
0.773283 0.059054 0.398568 215
0.708183 0.161636 0.472056 204
0.662567 0.006795 0.561084 201
0.773283 0.059054 0.398568 215
0.543905 0.017440 0.701446 185
0.584401 -0.096754 0.648849 192
0.662567 0.006795 0.561084 201
0.445745 0.037763 0.798662 170
0.543905 0.017440 0.701446 185
0.571666 0.141635 0.654827 188
0.445745 0.037763 0.798662 170
0.441136 -0.097722 0.806965 175
0.543905 0.017440 0.701446 185
0.794983 0.245918 0.307615 220
0.968583 0.248690 -0.000037 230
0.929776 0.368125 -0.000025 237
0.773283 0.059054 0.398568 215
0.870933 0.153872 0.217840 219
0.708183 0.161636 0.472056 204
0.773283 0.059054 0.398568 215
0.915249 0.040903 0.160640 228
0.870933 0.153872 0.217840 219
0.838383 -0.043527 0.295148 225
0.903483 -0.146108 0.162273 239
1.000000 -0.000000 0.000049 240
0.584401 -0.096754 0.648849 192
0.569181 -0.223917 0.631245 195
0.680615 -0.197981 0.496763 209
0.662567 0.006795 0.561084 201
0.584401 -0.096754 0.648849 192
0.715365 -0.101593 0.478014 210
0.543905 0.017440 0.701446 185
0.441136 -0.097722 0.806965 175
0.584401 -0.096754 0.648849 192
0.662567 0.006795 0.561084 201
0.571666 0.141635 0.654827 188
0.543905 0.017440 0.701446 185
0.330420 -0.149981 0.844496 160
0.346313 -0.275789 0.907831 161
0.469331 -0.217723 0.719803 178
0.664439 -0.453191 0.352186 197
0.592925 -0.376490 0.512145 194
0.616669 -0.529062 0.341396 181
0.735953 -0.529892 0.177511 196
0.664439 -0.453191 0.352186 197
0.616669 -0.529062 0.341396 181
0.735953 -0.529892 0.177511 196
0.791796 -0.401964 0.211985 213
0.664439 -0.453191 0.352186 197
0.838383 -0.043527 0.295148 225
0.715365 -0.101593 0.478014 210
0.792049 -0.172045 0.343480 224
0.443723 -0.339315 0.662244 177
0.346313 -0.275789 0.907831 161
0.362206 -0.401597 0.797254 159
0.584401 -0.096754 0.648849 192
0.469331 -0.217723 0.719803 178
0.569181 -0.223917 0.631245 195
0.441136 -0.097722 0.806965 175
0.330420 -0.149981 0.844496 160
0.469331 -0.217723 0.719803 178
0.915249 0.040903 0.160640 228
0.992115 0.125333 -0.000013 233
0.870933 0.153872 0.217840 219
0.219168 0.730672 0.406130 187
0.360982 0.819266 0.199642 203
0.203275 0.856480 0.231945 200
0.110736 0.746398 0.402163 183
0.219168 0.730672 0.406130 187
0.203275 0.856480 0.231945 200
0.235061 0.604864 0.569817 186
0.382682 0.674543 0.401904 202
0.219168 0.730672 0.406130 187
0.123361 0.435810 0.898617 154
-0.004231 0.392564 0.390376 135
0.060580 0.300829 0.763355 136
-0.081324 0.616659 0.079999 152
-0.108431 0.494783 1.771973 133
0.034091 0.510509 0.698064 151
0.000768 0.741156 0.516896 167
-0.109200 0.735914 0.598281 150
-0.081324 0.616659 0.079999 152
0.110736 0.746398 0.402163 183
0.000768 0.741156 0.516896 167
0.072414 0.628453 0.698343 169
0.110736 0.746398 0.402163 183
0.203275 0.856480 0.231945 200
0.023973 0.872212 0.238290 184
-0.219168 0.730672 0.154714 134
-0.235061 0.604864 2.935703 132
-0.081324 0.616659 0.079999 152
0.123361 0.435810 0.898617 154
0.163714 0.327039 0.829963 153
0.266847 0.353249 0.793435 172
0.235061 0.604864 0.569817 186
0.134576 0.557687 0.643849 168
0.250954 0.479057 0.692945 171
0.034091 0.510509 0.698064 151
-0.004231 0.392564 0.390376 135
0.123361 0.435810 0.898617 154
0.382682 0.674543 0.401904 202
0.360982 0.819266 0.199642 203
0.219168 0.730672 0.406130 187
0.349368 0.525509 0.605906 189
0.382682 0.674543 0.401904 202
0.235061 0.604864 0.569817 186
0.447782 0.571962 0.471131 205
0.534582 0.656244 0.283316 217
0.382682 0.674543 0.401904 202
-0.876307 0.481754 -61.124353 40
-0.708183 0.493222 265.543070 56
-0.809017 0.587785 -66.026745 55
-0.389865 0.411315 36.715232 95
-0.250954 0.479057 -6.830255 114
-0.349368 0.525509 -6.652786 113
-0.162647 0.251030 -7.322400 99
-0.135539 0.372907 0.885702 116
-0.266847 0.353249 13.871225 98
-0.298634 0.101634 -211.732248 73
-0.189755 0.129154 27.300909 93
-0.282741 0.227442 10.062831 79
-0.042554 0.274619 2.696557 117
-0.135539 0.372907 0.885702 116
-0.162647 0.251030 -7.322400 99
-0.108431 0.494783 1.771973 133
-0.004231 0.392564 0.390376 135
0.034091 0.510509 0.698064 151
-0.282741 0.227442 10.062831 79
-0.162647 0.251030 -7.322400 99
-0.266847 0.353249 13.871225 98
-0.042554 0.274619 2.696557 117
-0.004231 0.392564 0.390376 135
-0.135539 0.372907 0.885702 116
0.167922 0.223510 1.142058 147
0.172130 0.119981 0.667256 137
0.282741 0.227442 0.884637 155
0.060580 0.300829 0.763355 136
0.167922 0.223510 1.142058 147
0.163714 0.327039 0.829963 153
0.040329 0.180264 0.385870 129
0.172130 0.119981 0.667256 137
0.167922 0.223510 1.142058 147
-0.080876 0.156675 0.016964 110
0.040329 0.180264 0.385870 129
-0.042554 0.274619 2.696557 117
0.020079 0.059698 3.739199 118
0.172130 0.119981 0.667256 137
0.040329 0.180264 0.385870 129
0.282741 0.227442 0.884637 155
0.266847 0.353249 0.793435 172
0.163714 0.327039 0.829963 153
-0.534582 0.656244 5.126484 96
-0.535827 0.844328 -0.243597 111
-0.637424 0.770513 -6.501840 94
0.847640 -0.274036 0.206600 227
0.903483 -0.146108 0.162273 239
0.792049 -0.172045 0.343480 224
0.968583 -0.248690 -0.000004 241
0.903483 -0.146108 0.162273 239
0.847640 -0.274036 0.206600 227
0.791796 -0.401964 0.211985 213
0.735953 -0.529892 0.177511 196
0.876307 -0.481754 -0.000126 211
0.929776 -0.368125 -0.000216 226
0.791796 -0.401964 0.211985 213
0.876307 -0.481754 -0.000126 211
0.592925 -0.376490 0.512145 194
0.569181 -0.223917 0.631245 195
0.443723 -0.339315 0.662244 177
0.616669 -0.529062 0.341396 181
0.592925 -0.376490 0.512145 194
0.486789 -0.444362 0.553478 176
0.736206 -0.299972 0.366187 212
0.569181 -0.223917 0.631245 195
0.592925 -0.376490 0.512145 194
0.847640 -0.274036 0.206600 227
0.736206 -0.299972 0.366187 212
0.791796 -0.401964 0.211985 213
0.680615 -0.197981 0.496763 209
0.569181 -0.223917 0.631245 195
0.736206 -0.299972 0.366187 212
0.378100 -0.527404 0.584655 158
0.486789 -0.444362 0.553478 176
0.362206 -0.401597 0.797254 159
0.518255 -0.575515 0.401837 164
0.393993 -0.653212 0.414253 146
0.515708 -0.711863 0.226559 162
0.486789 -0.444362 0.553478 176
0.518255 -0.575515 0.401837 164
0.616669 -0.529062 0.341396 181
0.378100 -0.527404 0.584655 158
0.393993 -0.653212 0.414253 146
0.518255 -0.575515 0.401837 164
0.658410 -0.623625 0.177098 179
0.728969 -0.684547 0.000037 180
0.735953 -0.529892 0.177511 196
0.196515 -0.037934 1.078847 140
0.330420 -0.149981 0.844496 160
0.314527 -0.024174 0.873590 157
-0.195844 -0.197159 -103.803514 84
-0.118071 -0.307241 37.702810 89
-0.064278 -0.185365 14.987420 103
-0.118071 -0.307241 37.702810 89
-0.234167 -0.315104 -104.948670 70
-0.145550 -0.426758 11.085689 87
0.210774 -0.256132 0.748787 142
0.346313 -0.275789 0.907831 161
0.330420 -0.149981 0.844496 160
0.210774 -0.256132 0.748787 142
0.235267 -0.407887 0.364166 143
0.346313 -0.275789 0.907831 161
0.067288 -0.173570 -0.273651 121
0.114121 -0.291515 2.115307 124
0.198854 -0.161776 1.035010 141
0.108328 -0.414177 2.308429 123
0.114121 -0.291515 2.115307 124
-0.001975 -0.299378 -6.142820 107
0.247982 -0.508533 0.509056 139
0.362206 -0.401597 0.797254 159
0.235267 -0.407887 0.364166 143
0.443723 -0.339315 0.662244 177
0.486789 -0.444362 0.553478 176
0.592925 -0.376490 0.512145 194
0.346313 -0.275789 0.907831 161
0.443723 -0.339315 0.662244 177
0.469331 -0.217723 0.719803 178
0.362206 -0.401597 0.797254 159
0.486789 -0.444362 0.553478 176
0.443723 -0.339315 0.662244 177
0.518255 -0.575515 0.401837 164
0.658410 -0.623625 0.177098 179
0.616669 -0.529062 0.341396 181
0.735953 -0.529892 0.177511 196
0.809017 -0.587785 0.000061 193
0.876307 -0.481754 -0.000126 211
0.616669 -0.529062 0.341396 181
0.658410 -0.623625 0.177098 179
0.735953 -0.529892 0.177511 196
0.791796 -0.401964 0.211985 213
0.736206 -0.299972 0.366187 212
0.664439 -0.453191 0.352186 197
0.486789 -0.444362 0.553478 176
0.378100 -0.527404 0.584655 158
0.518255 -0.575515 0.401837 164
0.728969 -0.684547 0.000037 180
0.809017 -0.587785 0.000061 193
0.735953 -0.529892 0.177511 196
0.847640 -0.274036 0.206600 227
0.792049 -0.172045 0.343480 224
0.736206 -0.299972 0.366187 212
0.838383 -0.043527 0.295148 225
0.792049 -0.172045 0.343480 224
0.903483 -0.146108 0.162273 239
0.715365 -0.101593 0.478014 210
0.680615 -0.197981 0.496763 209
0.792049 -0.172045 0.343480 224
1.000000 -0.000000 0.000049 240
0.992115 0.125333 -0.000013 233
0.915249 0.040903 0.160640 228
0.295977 -0.844070 0.204401 125
0.177179 -0.862891 0.253362 109
0.309017 -0.951057 -0.008211 108
0.425779 -0.904827 -0.002992 126
0.295977 -0.844070 0.204401 125
0.309017 -0.951057 -0.008211 108
0.282937 -0.737084 0.325797 127
0.177179 -0.862891 0.253362 109
0.295977 -0.844070 0.204401 125
0.062791 -0.998027 -0.112419 72
0.060826 -0.904827 0.246516 91
-0.062791 -0.998027 0.325805 71
-0.272489 -0.433048 10.500134 67
-0.234167 -0.315104 -104.948670 70
-0.362206 -0.401597 213.403843 53
-0.349134 -0.668938 31.226626 51
-0.166657 -0.668938 -7.380241 68
-0.219573 -0.550993 24.239880 69
-0.005837 -0.810471 -0.022383 101
-0.060826 -0.904827 -0.099747 82
0.060826 -0.904827 0.246516 91
0.177179 -0.862891 0.253362 109
-0.005837 -0.810471 -0.022383 101
0.060826 -0.904827 0.246516 91
-0.072500 -0.716116 1.241075 83
-0.156928 -0.826197 2.805935 81
-0.005837 -0.810471 -0.022383 101
-0.272489 -0.433048 10.500134 67
-0.219573 -0.550993 24.239880 69
-0.145550 -0.426758 11.085689 87
-0.321429 -0.833823 -3.960739 46
-0.409886 -0.779019 35.410610 45
-0.425779 -0.904827 -8.577874 32
-0.232973 -0.888627 2.552440 62
-0.321429 -0.833823 -3.960739 46
-0.309017 -0.951057 2.661179 47
-0.232973 -0.888627 2.552440 62
-0.253031 -0.747568 -10.132163 61
-0.321429 -0.833823 -3.960739 46
-0.166657 -0.668938 -7.380241 68
-0.253031 -0.747568 -10.132163 61
-0.156928 -0.826197 2.805935 81
-0.349134 -0.668938 31.226626 51
-0.409886 -0.779019 35.410610 45
-0.253031 -0.747568 -10.132163 61
0.187381 -0.982287 -0.014880 90
0.060826 -0.904827 0.246516 91
0.062791 -0.998027 -0.112419 72
0.235267 -0.407887 0.364166 143
0.362206 -0.401597 0.797254 159
0.346313 -0.275789 0.907831 161
0.298781 -0.621760 0.591904 138
0.378100 -0.527404 0.584655 158
0.247982 -0.508533 0.509056 139
0.518255 -0.575515 0.401837 164
0.515708 -0.711863 0.226559 162
0.658410 -0.623625 0.177098 179
0.298781 -0.621760 0.591904 138
0.393993 -0.653212 0.414253 146
0.378100 -0.527404 0.584655 158
0.141155 -0.577727 0.316029 120
0.164458 -0.730094 0.628144 119
0.298781 -0.621760 0.591904 138
0.108328 -0.414177 2.308429 123
0.141155 -0.577727 0.316029 120
0.247982 -0.508533 0.509056 139
0.034327 -0.646921 0.212433 102
0.164458 -0.730094 0.628144 119
0.141155 -0.577727 0.316029 120
0.108328 -0.414177 2.308429 123
-0.012254 -0.470791 1.418905 105
0.141155 -0.577727 0.316029 120
-0.072500 -0.716116 1.241075 83
-0.005837 -0.810471 -0.022383 101
0.034327 -0.646921 0.212433 102
0.282937 -0.737084 0.325797 127
0.393993 -0.653212 0.414253 146
0.298781 -0.621760 0.591904 138
-0.005837 -0.810471 -0.022383 101
0.177179 -0.862891 0.253362 109
0.164458 -0.730094 0.628144 119
0.187381 -0.982287 -0.014880 90
0.177179 -0.862891 0.253362 109
0.060826 -0.904827 0.246516 91
0.187381 -0.982287 -0.014880 90
0.309017 -0.951057 -0.008211 108
0.177179 -0.862891 0.253362 109
0.409886 -0.779019 0.234270 144
0.393993 -0.653212 0.414253 146
0.282937 -0.737084 0.325797 127
0.515708 -0.711863 0.226559 162
0.637424 -0.770513 0.000837 163
0.658410 -0.623625 0.177098 179
0.409886 -0.779019 0.234270 144
0.515708 -0.711863 0.226559 162
0.393993 -0.653212 0.414253 146
0.409886 -0.779019 0.234270 144
0.535827 -0.844328 -0.002459 145
0.515708 -0.711863 0.226559 162
0.425779 -0.904827 -0.002992 126
0.409886 -0.779019 0.234270 144
0.295977 -0.844070 0.204401 125
-0.065162 -0.389016 -4.021530 106
-0.145550 -0.426758 11.085689 87
-0.115913 -0.510892 -2.895293 88
-0.272489 -0.433048 10.500134 67
-0.145550 -0.426758 11.085689 87
-0.234167 -0.315104 -104.948670 70
-0.219573 -0.550993 24.239880 69
-0.378100 -0.527404 -159.420357 52
-0.349134 -0.668938 31.226626 51
-0.072500 -0.716116 1.241075 83
-0.042377 -0.593453 3.067906 86
-0.166657 -0.668938 -7.380241 68
-0.272489 -0.433048 10.500134 67
-0.378100 -0.527404 -159.420357 52
-0.219573 -0.550993 24.239880 69
0.535827 -0.844328 -0.002459 145
0.409886 -0.779019 0.234270 144
0.425779 -0.904827 -0.002992 126
0.535827 -0.844328 -0.002459 145
0.637424 -0.770513 0.000837 163
0.515708 -0.711863 0.226559 162
0.409886 -0.779019 0.234270 144
0.282937 -0.737084 0.325797 127
0.295977 -0.844070 0.204401 125
0.637424 -0.770513 0.000837 163
0.728969 -0.684547 0.000037 180
0.658410 -0.623625 0.177098 179
-0.309017 0.951057 -0.145697 148
-0.203275 0.856480 0.217052 149
-0.187381 0.982287 0.039163 165
-0.109200 0.735914 0.598281 150
-0.219168 0.730672 0.154714 134
-0.081324 0.616659 0.079999 152
-0.187381 0.982287 0.039163 165
-0.203275 0.856480 0.217052 149
-0.089651 0.864346 0.203070 166
-0.219168 0.730672 0.154714 134
-0.382682 0.674543 -0.733714 115
-0.235061 0.604864 2.935703 132
-0.089651 0.864346 0.203070 166
-0.109200 0.735914 0.598281 150
0.000768 0.741156 0.516896 167
-0.253031 -0.747568 -10.132163 61
-0.166657 -0.668938 -7.380241 68
-0.349134 -0.668938 31.226626 51
-0.060826 -0.904827 -0.099747 82
-0.156928 -0.826197 2.805935 81
-0.187381 -0.982287 -1.417197 63
-0.060826 -0.904827 -0.099747 82
-0.005837 -0.810471 -0.022383 101
-0.156928 -0.826197 2.805935 81
-0.232973 -0.888627 2.552440 62
-0.156928 -0.826197 2.805935 81
-0.253031 -0.747568 -10.132163 61
-0.187381 -0.982287 -1.417197 63
-0.232973 -0.888627 2.552440 62
-0.309017 -0.951057 2.661179 47
-0.187381 -0.982287 -1.417197 63
-0.156928 -0.826197 2.805935 81
-0.232973 -0.888627 2.552440 62
-0.062791 -0.998027 0.325805 71
-0.060826 -0.904827 -0.099747 82
-0.187381 -0.982287 -1.417197 63
-0.042377 -0.593453 3.067906 86
-0.072500 -0.716116 1.241075 83
0.034327 -0.646921 0.212433 102
-0.012254 -0.470791 1.418905 105
-0.042377 -0.593453 3.067906 86
0.034327 -0.646921 0.212433 102
-0.115913 -0.510892 -2.895293 88
-0.166657 -0.668938 -7.380241 68
-0.042377 -0.593453 3.067906 86
-0.518255 -0.575515 756.714024 36
-0.616669 -0.529062 -4487.624530 25
-0.658410 -0.623625 -169.996235 24
-0.433694 -0.622226 -92.313344 37
-0.518255 -0.575515 756.714024 36
-0.534148 -0.701322 -117.501804 31
-0.409886 -0.779019 35.410610 45
-0.433694 -0.622226 -92.313344 37
-0.534148 -0.701322 -117.501804 31
-0.349134 -0.668938 31.226626 51
-0.378100 -0.527404 -159.420357 52
-0.433694 -0.622226 -92.313344 37
-0.378100 -0.527404 -159.420357 52
-0.486789 -0.444362 207.263606 38
-0.518255 -0.575515 756.714024 36
0.060826 -0.904827 0.246516 91
-0.060826 -0.904827 -0.099747 82
-0.062791 -0.998027 0.325805 71
-0.534148 -0.701322 -117.501804 31
-0.535827 -0.844328 -12.743400 30
-0.409886 -0.779019 35.410610 45
-0.486789 -0.444362 207.263606 38
-0.378100 -0.527404 -159.420357 52
-0.362206 -0.401597 213.403843 53
-0.728969 -0.684547 -1274.999245 14
-0.637424 -0.770513 274.047723 19
-0.658410 -0.623625 -169.996235 24
-0.321429 -0.833823 -3.960739 46
-0.253031 -0.747568 -10.132163 61
-0.409886 -0.779019 35.410610 45
-0.346313 -0.275789 453.078617 64
-0.362206 -0.401597 213.403843 53
-0.234167 -0.315104 -104.948670 70
-0.195844 -0.197159 -103.803514 84
-0.346313 -0.275789 453.078617 64
-0.234167 -0.315104 -104.948670 70
-0.658594 0.038247 15395.774022 29
-0.584401 -0.096754 4055.738210 35
-0.515073 -0.029496 -4021.739577 39
-0.330420 -0.149981 183.742831 66
-0.441136 -0.097722 -94.725742 50
-0.469331 -0.217723 -1282.129938 49
-0.330420 -0.149981 183.742831 66
-0.314527 -0.024174 -175.357224 65
-0.441136 -0.097722 -94.725742 50
-0.321429 -0.833823 -3.960739 46
-0.425779 -0.904827 -8.577874 32
-0.309017 -0.951057 2.661179 47
-0.378100 -0.527404 -159.420357 52
-0.518255 -0.575515 756.714024 36
-0.433694 -0.622226 -92.313344 37
-0.535827 -0.844328 -12.743400 30
-0.425779 -0.904827 -8.577874 32
-0.409886 -0.779019 35.410610 45
0.298634 0.101634 0.934563 156
0.172130 0.119981 0.667256 137
0.196515 -0.037934 1.078847 140
-0.216863 0.007278 78.828933 80
-0.157522 -0.079215 2.192995 85
-0.119199 0.038730 -13.158202 100
0.198854 -0.161776 1.035010 141
0.210774 -0.256132 0.748787 142
0.330420 -0.149981 0.844496 160
-0.118071 -0.307241 37.702810 89
-0.195844 -0.197159 -103.803514 84
-0.234167 -0.315104 -104.948670 70
0.114121 -0.291515 2.115307 124
0.235267 -0.407887 0.364166 143
0.210774 -0.256132 0.748787 142
0.114121 -0.291515 2.115307 124
0.108328 -0.414177 2.308429 123
0.235267 -0.407887 0.364166 143
0.198854 -0.161776 1.035010 141
0.114121 -0.291515 2.115307 124
0.210774 -0.256132 0.748787 142
0.067288 -0.173570 -0.273651 121
-0.064278 -0.185365 14.987420 103
-0.001975 -0.299378 -6.142820 107
-0.012254 -0.470791 1.418905 105
0.034327 -0.646921 0.212433 102
0.141155 -0.577727 0.316029 120
-0.064278 -0.185365 14.987420 103
-0.035536 -0.096906 1.538691 104
-0.157522 -0.079215 2.192995 85
-0.001975 -0.299378 -6.142820 107
-0.064278 -0.185365 14.987420 103
-0.118071 -0.307241 37.702810 89
0.067288 -0.173570 -0.273651 121
-0.035536 -0.096906 1.538691 104
-0.064278 -0.185365 14.987420 103
-0.330420 -0.149981 183.742831 66
-0.195844 -0.197159 -103.803514 84
-0.157522 -0.079215 2.192995 85
-0.330420 -0.149981 183.742831 66
-0.346313 -0.275789 453.078617 64
-0.195844 -0.197159 -103.803514 84
-0.658594 0.038247 15395.774022 29
-0.576964 0.099699 -2435.816351 44
-0.708183 0.161636 5576.424049 28
-0.838383 -0.043527 256126.025297 12
-0.715365 -0.101593 -47483.786974 23
-0.773283 0.059054 -39494.753985 18
-0.584401 -0.096754 4055.738210 35
-0.469331 -0.217723 -1282.129938 49
-0.441136 -0.097722 -94.725742 50
-0.715365 -0.101593 -47483.786974 23
-0.584401 -0.096754 4055.738210 35
-0.658594 0.038247 15395.774022 29
-0.773283 0.059054 -39494.753985 18
-0.715365 -0.101593 -47483.786974 23
-0.658594 0.038247 15395.774022 29
-0.680615 -0.197981 6063.878866 22
-0.569181 -0.223917 5340.160611 34
-0.584401 -0.096754 4055.738210 35
-0.792049 -0.172045 55021.984622 13
-0.680615 -0.197981 6063.878866 22
-0.715365 -0.101593 -47483.786974 23
-0.792049 -0.172045 55021.984622 13
-0.847640 -0.274036 228829.267428 11
-0.680489 -0.312940 -45803.005359 21
-0.715365 -0.101593 -47483.786974 23
-0.680615 -0.197981 6063.878866 22
-0.584401 -0.096754 4055.738210 35
-0.838383 -0.043527 256126.025297 12
-0.792049 -0.172045 55021.984622 13
-0.715365 -0.101593 -47483.786974 23
-0.314527 -0.024174 -175.357224 65
-0.298634 0.101634 -211.732248 73
-0.445745 0.037763 963.326588 54
-0.680489 -0.312940 -45803.005359 21
-0.592925 -0.376490 4117.938354 33
-0.569181 -0.223917 5340.160611 34
-0.569181 -0.223917 5340.160611 34
-0.592925 -0.376490 4117.938354 33
-0.443723 -0.339315 -1891.396743 48
-0.658410 -0.623625 -169.996235 24
-0.616669 -0.529062 -4487.624530 25
-0.735953 -0.529892 5847.267083 15
-0.658410 -0.623625 -169.996235 24
-0.534148 -0.701322 -117.501804 31
-0.518255 -0.575515 756.714024 36
-0.443723 -0.339315 -1891.396743 48
-0.469331 -0.217723 -1282.129938 49
-0.569181 -0.223917 5340.160611 34
-0.362206 -0.401597 213.403843 53
-0.443723 -0.339315 -1891.396743 48
-0.486789 -0.444362 207.263606 38
-0.362206 -0.401597 213.403843 53
-0.346313 -0.275789 453.078617 64
-0.443723 -0.339315 -1891.396743 48
0.247982 -0.508533 0.509056 139
0.141155 -0.577727 0.316029 120
0.298781 -0.621760 0.591904 138
-0.156928 -0.826197 2.805935 81
-0.072500 -0.716116 1.241075 83
-0.166657 -0.668938 -7.380241 68
0.164458 -0.730094 0.628144 119
0.177179 -0.862891 0.253362 109
0.282937 -0.737084 0.325797 127
0.298781 -0.621760 0.591904 138
0.164458 -0.730094 0.628144 119
0.282937 -0.737084 0.325797 127
0.034327 -0.646921 0.212433 102
-0.005837 -0.810471 -0.022383 101
0.164458 -0.730094 0.628144 119
0.108328 -0.414177 2.308429 123
0.247982 -0.508533 0.509056 139
0.235267 -0.407887 0.364166 143
-0.115913 -0.510892 -2.895293 88
-0.012254 -0.470791 1.418905 105
-0.065162 -0.389016 -4.021530 106
-0.219573 -0.550993 24.239880 69
-0.115913 -0.510892 -2.895293 88
-0.145550 -0.426758 11.085689 87
-0.219573 -0.550993 24.239880 69
-0.166657 -0.668938 -7.380241 68
-0.115913 -0.510892 -2.895293 88
-0.115913 -0.510892 -2.895293 88
-0.042377 -0.593453 3.067906 86
-0.012254 -0.470791 1.418905 105
0.378100 -0.527404 0.584655 158
0.362206 -0.401597 0.797254 159
0.247982 -0.508533 0.509056 139
