-0.903483 -0.146108 -6895914762402876800652593545428860928.000000 5
-0.992115 -0.125333 61155834911542908904095183537570840576.000000 1
-0.968583 -0.248690 -7008623098033624387184519315470680064.000000 2
-0.929776 -0.368125 557891940528495039001262485644771328.000000 3
-0.847640 -0.274036 1992727469157303899918473242173505536.000000 11
-0.968583 -0.248690 -7008623098033624387184519315470680064.000000 2
-0.838383 -0.043527 2230436884266874797327619119197978624.000000 12
-1.000000 -0.000000 -5293464304979780476470155201782743040.000000 4
-0.903483 -0.146108 -6895914762402876800652593545428860928.000000 5
-0.791796 -0.401964 -425051409551652194976007743875317760.000000 10
-0.876307 -0.481754 45015192170160755409083778788753408.000000 6
-0.735953 -0.529892 50918601855771630962534871656824832.000000 15
-0.664439 -0.453191 192567894796203962252311628632555520.000000 20
-0.592925 -0.376490 35856106441042336646998303149391872.000000 33
-0.680489 -0.312940 -398873208484359104082356065160658944.000000 21
-0.616669 -0.529062 -39082841078247131903829463902715904.000000 25
-0.664439 -0.453191 192567894796203962252311628632555520.000000 20
-0.735953 -0.529892 50918601855771630962534871656824832.000000 15
-0.616669 -0.529062 -39082841078247131903829463902715904.000000 25
-0.592925 -0.376490 35856106441042336646998303149391872.000000 33
-0.664439 -0.453191 192567894796203962252311628632555520.000000 20
-0.847640 -0.274036 1992727469157303899918473242173505536.000000 11
-0.929776 -0.368125 557891940528495039001262485644771328.000000 3
-0.791796 -0.401964 -425051409551652194976007743875317760.000000 10
-0.577982 0.366799 1813685018547665706117234218237952.000000 58
-0.479568 0.320346 -944933843513458632308026119290880.000000 75
-0.512882 0.469380 -347970676990427839842560426115072.000000 77
-0.381154 0.273894 -990627348563601284063213532479488.000000 78
-0.528266 0.210023 4176266567899232001988496214458368.000000 59
-0.413450 0.155828 2045573177044987016460198104530944.000000 60
-0.389865 0.411315 313818256235573749558621960667136.000000 95
-0.479568 0.320346 -944933843513458632308026119290880.000000 75
-0.381154 0.273894 -990627348563601284063213532479488.000000 78
-0.250954 0.479057 -65641769235412639611681352187904.000000 114
-0.389865 0.411315 313818256235573749558621960667136.000000 95
-0.266847 0.353249 113794125675598741746244611211264.000000 98
-0.349368 0.525509 -63175446178168663729258721443840.000000 113
-0.447782 0.571962 85958597768612390441028876763136.000000 97
-0.389865 0.411315 313818256235573749558621960667136.000000 95
-0.577982 0.366799 1813685018547665706117234218237952.000000 58
-0.528266 0.210023 4176266567899232001988496214458368.000000 59
-0.479568 0.320346 -944933843513458632308026119290880.000000 75
-0.080876 0.156675 -8289910149072030910055578599424.000000 110
-0.042554 0.274619 15446755384103811238653933387776.000000 117
-0.162647 0.251030 -71695377275914830944653537181696.000000 99
-0.189755 0.129154 229496792523059996590346187309056.000000 93
-0.080876 0.156675 -8289910149072030910055578599424.000000 110
-0.162647 0.251030 -71695377275914830944653537181696.000000 99
-0.282741 0.227442 80069104061184202130445393985536.000000 79
-0.189755 0.129154 229496792523059996590346187309056.000000 93
-0.162647 0.251030 -71695377275914830944653537181696.000000 99
-0.298634 0.101634 -1851683926378640840209311144607744.000000 73
-0.216863 0.007278 678172934445858793947048037056512.000000 80
-0.189755 0.129154 229496792523059996590346187309056.000000 93
0.198854 -0.161776 877148603872748038384668114944.000000 141
0.078503 -0.051694 -2413273937137444705312324976640.000000 122
0.067288 -0.173570 -10789638010841177825113465159680.000000 121
0.125317 0.034143 -5214694412898821923067712765952.000000 128
0.020079 0.059698 23888492361019458338713684148224.000000 118
0.078503 -0.051694 -2413273937137444705312324976640.000000 122
0.196515 -0.037934 1035462210821404543798657155072.000000 140
0.125317 0.034143 -5214694412898821923067712765952.000000 128
0.078503 -0.051694 -2413273937137444705312324976640.000000 122
0.172130 0.119981 -2514281440490553196284263530496.000000 137
0.020079 0.059698 23888492361019458338713684148224.000000 118
0.125317 0.034143 -5214694412898821923067712765952.000000 128
0.282741 0.227442 142024206679575576977302618112.000000 155
0.172130 0.119981 -2514281440490553196284263530496.000000 137
0.298634 0.101634 296732993666260828576595050496.000000 156
0.282741 0.227442 142024206679575576977302618112.000000 155
0.163714 0.327039 -315944067052184842771990839296.000000 153
0.167922 0.223510 1917691439604159741797112741888.000000 147
-0.080876 0.156675 -8289910149072030910055578599424.000000 110
-0.119199 0.038730 -123158024897572701779625456435200.000000 100
0.020079 0.059698 23888492361019458338713684148224.000000 118
-0.838383 -0.043527 2230436884266874797327619119197978624.000000 12
-0.915249 0.040903 382403329183022267642562069756116992.000000 9
-1.000000 -0.000000 -5293464304979780476470155201782743040.000000 4
-0.903483 -0.146108 -6895914762402876800652593545428860928.000000 5
-1.000000 -0.000000 -5293464304979780476470155201782743040.000000 4
-0.992115 -0.125333 61155834911542908904095183537570840576.000000 1
-0.362206 -0.401597 1852237603269924717303660126666752.000000 53
-0.378100 -0.527404 -1393332143012837119664210774589440.000000 52
-0.272489 -0.433048 85010341911444388087569842176000.000000 67
-0.847640 -0.274036 1992727469157303899918473242173505536.000000 11
-0.903483 -0.146108 -6895914762402876800652593545428860928.000000 5
-0.968583 -0.248690 -7008623098033624387184519315470680064.000000 2
-0.847640 -0.274036 1992727469157303899918473242173505536.000000 11
-0.792049 -0.172045 479148653816610288088717906367479808.000000 13
-0.903483 -0.146108 -6895914762402876800652593545428860928.000000 5
-0.876307 -0.481754 45015192170160755409083778788753408.000000 6
-0.791796 -0.401964 -425051409551652194976007743875317760.000000 10
-0.929776 -0.368125 557891940528495039001262485644771328.000000 3
-0.664439 -0.453191 192567894796203962252311628632555520.000000 20
-0.791796 -0.401964 -425051409551652194976007743875317760.000000 10
-0.735953 -0.529892 50918601855771630962534871656824832.000000 15
-0.680615 -0.197981 52802150289492061550051660104990720.000000 22
-0.680489 -0.312940 -398873208484359104082356065160658944.000000 21
-0.569181 -0.223917 46498628518951859910850163802898432.000000 34
-0.680615 -0.197981 52802150289492061550051660104990720.000000 22
-0.792049 -0.172045 479148653816610288088717906367479808.000000 13
-0.680489 -0.312940 -398873208484359104082356065160658944.000000 21
-0.515073 -0.029496 -35029175122752336783070178853257216.000000 39
-0.441136 -0.097722 -831837084083780779453644267323392.000000 50
-0.445745 0.037763 8382035882165151356290815336906752.000000 54
-0.330420 -0.149981 1592538308684487757885575989821440.000000 66
-0.469331 -0.217723 -11171635540015205679008152033427456.000000 49
-0.346313 -0.275789 3938573333320326241708975532802048.000000 64
-0.838383 -0.043527 2230436884266874797327619119197978624.000000 12
-0.903483 -0.146108 -6895914762402876800652593545428860928.000000 5
-0.792049 -0.172045 479148653816610288088717906367479808.000000 13
-0.735953 -0.529892 50918601855771630962534871656824832.000000 15
-0.809017 -0.587785 -33900433868258132434532931062464512.000000 7
-0.728969 -0.684547 -11103161493067794613876475245363200.000000 14
-0.346313 -0.275789 3938573333320326241708975532802048.000000 64
-0.469331 -0.217723 -11171635540015205679008152033427456.000000 49
-0.443723 -0.339315 -16476968334241354770801389492764672.000000 48
-0.876307 -0.481754 45015192170160755409083778788753408.000000 6
-0.809017 -0.587785 -33900433868258132434532931062464512.000000 7
-0.735953 -0.529892 50918601855771630962534871656824832.000000 15
-0.309017 0.951057 -1268783675121354231719800078336.000000 148
-0.317582 0.777124 2494546060361889247737994543104.000000 131
-0.203275 0.856480 -70274821436737186770160975872.000000 149
-0.915249 0.040903 382403329183022267642562069756116992.000000 9
-0.992115 0.125333 517861740826818403224672122026590208.000000 8
-1.000000 -0.000000 -5293464304979780476470155201782743040.000000 4
-0.773283 0.059054 -343938287379148726195776105417277440.000000 18
-0.915249 0.040903 382403329183022267642562069756116992.000000 9
-0.838383 -0.043527 2230436884266874797327619119197978624.000000 12
-0.773283 0.059054 -343938287379148726195776105417277440.000000 18
-0.838383 0.205163 -103415378348434553096686374551027712.000000 17
-0.915249 0.040903 382403329183022267642562069756116992.000000 9
-0.317582 0.777124 2494546060361889247737994543104.000000 131
-0.309017 0.951057 -1268783675121354231719800078336.000000 148
-0.425779 0.904827 1837770580256022799753083355136.000000 130
-0.447782 0.737755 -6667589556213360677046198468608.000000 112
-0.425779 0.904827 1837770580256022799753083355136.000000 130
-0.535827 0.844328 -2121333161868122498458112229376.000000 111
-0.992115 0.125333 517861740826818403224672122026590208.000000 8
-0.915249 0.040903 382403329183022267642562069756116992.000000 9
-0.838383 0.205163 -103415378348434553096686374551027712.000000 17
-0.382682 0.674543 -9860140964260898706324545601536.000000 115
-0.447782 0.571962 85958597768612390441028876763136.000000 97
-0.349368 0.525509 -63175446178168663729258721443840.000000 113
-0.425779 0.904827 1837770580256022799753083355136.000000 130
-0.447782 0.737755 -6667589556213360677046198468608.000000 112
-0.317582 0.777124 2494546060361889247737994543104.000000 131
-0.382682 0.674543 -9860140964260898706324545601536.000000 115
-0.349368 0.525509 -63175446178168663729258721443840.000000 113
-0.235061 0.604864 20524036673653017519812612456448.000000 132
-0.816683 0.308437 21466287760382988893933100685328384.000000 27
-0.968583 0.248690 -67077030485864221529211098439352320.000000 16
-0.838383 0.205163 -103415378348434553096686374551027712.000000 17
-0.816683 0.308437 21466287760382988893933100685328384.000000 27
-0.929776 0.368125 6582102550821000178262545459576832.000000 26
-0.968583 0.248690 -67077030485864221529211098439352320.000000 16
-0.708183 0.161636 48557434378565836617029358683422720.000000 28
-0.816683 0.308437 21466287760382988893933100685328384.000000 27
-0.838383 0.205163 -103415378348434553096686374551027712.000000 17
-0.794983 0.411712 -3849789500756719340336531525074944.000000 41
-0.929776 0.368125 6582102550821000178262545459576832.000000 26
-0.816683 0.308437 21466287760382988893933100685328384.000000 27
-0.314527 -0.024174 -1534916866222018074518657177747456.000000 65
-0.330420 -0.149981 1592538308684487757885575989821440.000000 66
-0.157522 -0.079215 10659765860077517770148496277504.000000 85
-0.080876 0.156675 -8289910149072030910055578599424.000000 110
-0.189755 0.129154 229496792523059996590346187309056.000000 93
-0.119199 0.038730 -123158024897572701779625456435200.000000 100
-0.576964 0.099699 -21217705900717762725285733035147264.000000 44
-0.528266 0.210023 4176266567899232001988496214458368.000000 59
-0.643082 0.264217 -4646572387741125211299693362937856.000000 43
-0.773283 0.059054 -343938287379148726195776105417277440.000000 18
-0.658594 0.038247 134067133743776868317070789703630848.000000 29
-0.708183 0.161636 48557434378565836617029358683422720.000000 28
-0.445745 0.037763 8382035882165151356290815336906752.000000 54
-0.413450 0.155828 2045573177044987016460198104530944.000000 60
-0.576964 0.099699 -21217705900717762725285733035147264.000000 44
-0.216863 0.007278 678172934445858793947048037056512.000000 80
-0.298634 0.101634 -1851683926378640840209311144607744.000000 73
-0.314527 -0.024174 -1534916866222018074518657177747456.000000 65
-0.157522 -0.079215 10659765860077517770148496277504.000000 85
-0.216863 0.007278 678172934445858793947048037056512.000000 80
-0.314527 -0.024174 -1534916866222018074518657177747456.000000 65
-0.119199 0.038730 -123158024897572701779625456435200.000000 100
-0.189755 0.129154 229496792523059996590346187309056.000000 93
-0.216863 0.007278 678172934445858793947048037056512.000000 80
-0.576964 0.099699 -21217705900717762725285733035147264.000000 44
-0.643082 0.264217 -4646572387741125211299693362937856.000000 43
-0.708183 0.161636 48557434378565836617029358683422720.000000 28
-0.413450 0.155828 2045573177044987016460198104530944.000000 60
-0.528266 0.210023 4176266567899232001988496214458368.000000 59
-0.576964 0.099699 -21217705900717762725285733035147264.000000 44
-0.298634 0.101634 -1851683926378640840209311144607744.000000 73
-0.413450 0.155828 2045573177044987016460198104530944.000000 60
-0.445745 0.037763 8382035882165151356290815336906752.000000 54
-0.298634 0.101634 -1851683926378640840209311144607744.000000 73
-0.282741 0.227442 80069104061184202130445393985536.000000 79
-0.413450 0.155828 2045573177044987016460198104530944.000000 60
-0.381154 0.273894 -990627348563601284063213532479488.000000 78
-0.266847 0.353249 113794125675598741746244611211264.000000 98
-0.389865 0.411315 313818256235573749558621960667136.000000 95
-0.381154 0.273894 -990627348563601284063213532479488.000000 78
-0.282741 0.227442 80069104061184202130445393985536.000000 79
-0.266847 0.353249 113794125675598741746244611211264.000000 98
-0.528266 0.210023 4176266567899232001988496214458368.000000 59
-0.381154 0.273894 -990627348563601284063213532479488.000000 78
-0.479568 0.320346 -944933843513458632308026119290880.000000 75
-0.413450 0.155828 2045573177044987016460198104530944.000000 60
-0.282741 0.227442 80069104061184202130445393985536.000000 79
-0.381154 0.273894 -990627348563601284063213532479488.000000 78
-0.577982 0.366799 1813685018547665706117234218237952.000000 58
-0.643082 0.264217 -4646572387741125211299693362937856.000000 43
-0.528266 0.210023 4176266567899232001988496214458368.000000 59
-0.577982 0.366799 1813685018547665706117234218237952.000000 58
-0.610532 0.481301 1995304752755825052747544771166208.000000 57
-0.719033 0.337964 -10414529883615047824679854002929664.000000 42
-0.621382 0.574733 -369164933336896071639553244397568.000000 76
-0.708183 0.493222 2310224079281651059501818850574336.000000 56
-0.610532 0.481301 1995304752755825052747544771166208.000000 57
-0.719033 0.337964 -10414529883615047824679854002929664.000000 42
-0.816683 0.308437 21466287760382988893933100685328384.000000 27
-0.708183 0.161636 48557434378565836617029358683422720.000000 28
-0.577982 0.366799 1813685018547665706117234218237952.000000 58
-0.719033 0.337964 -10414529883615047824679854002929664.000000 42
-0.643082 0.264217 -4646572387741125211299693362937856.000000 43
-0.794983 0.411712 -3849789500756719340336531525074944.000000 41
-0.816683 0.308437 21466287760382988893933100685328384.000000 27
-0.719033 0.337964 -10414529883615047824679854002929664.000000 42
-0.708183 0.493222 2310224079281651059501818850574336.000000 56
-0.794983 0.411712 -3849789500756719340336531525074944.000000 41
-0.719033 0.337964 -10414529883615047824679854002929664.000000 42
-0.610532 0.481301 1995304752755825052747544771166208.000000 57
-0.708183 0.493222 2310224079281651059501818850574336.000000 56
-0.719033 0.337964 -10414529883615047824679854002929664.000000 42
-0.512882 0.469380 -347970676990427839842560426115072.000000 77
-0.610532 0.481301 1995304752755825052747544771166208.000000 57
-0.577982 0.366799 1813685018547665706117234218237952.000000 58
-0.512882 0.469380 -347970676990427839842560426115072.000000 77
-0.621382 0.574733 -369164933336896071639553244397568.000000 76
-0.610532 0.481301 1995304752755825052747544771166208.000000 57
-0.621382 0.574733 -369164933336896071639553244397568.000000 76
-0.809017 0.587785 -574985138071391357029076342669312.000000 55
-0.708183 0.493222 2310224079281651059501818850574336.000000 56
-0.876307 0.481754 -532293304677179816041494874161152.000000 40
-0.929776 0.368125 6582102550821000178262545459576832.000000 26
-0.794983 0.411712 -3849789500756719340336531525074944.000000 41
-0.445745 0.037763 8382035882165151356290815336906752.000000 54
-0.441136 -0.097722 -831837084083780779453644267323392.000000 50
-0.314527 -0.024174 -1534916866222018074518657177747456.000000 65
-0.838383 0.205163 -103415378348434553096686374551027712.000000 17
-0.773283 0.059054 -343938287379148726195776105417277440.000000 18
-0.708183 0.161636 48557434378565836617029358683422720.000000 28
-0.643082 0.264217 -4646572387741125211299693362937856.000000 43
-0.719033 0.337964 -10414529883615047824679854002929664.000000 42
-0.708183 0.161636 48557434378565836617029358683422720.000000 28
-0.968583 0.248690 -67077030485864221529211098439352320.000000 16
-0.992115 0.125333 517861740826818403224672122026590208.000000 8
-0.838383 0.205163 -103415378348434553096686374551027712.000000 17
-0.515073 -0.029496 -35029175122752336783070178853257216.000000 39
-0.576964 0.099699 -21217705900717762725285733035147264.000000 44
-0.658594 0.038247 134067133743776868317070789703630848.000000 29
-0.441136 -0.097722 -831837084083780779453644267323392.000000 50
-0.515073 -0.029496 -35029175122752336783070178853257216.000000 39
-0.584401 -0.096754 35313204525546451887974219123785728.000000 35
-0.445745 0.037763 8382035882165151356290815336906752.000000 54
-0.576964 0.099699 -21217705900717762725285733035147264.000000 44
-0.515073 -0.029496 -35029175122752336783070178853257216.000000 39
-0.794983 0.411712 -3849789500756719340336531525074944.000000 41
-0.708183 0.493222 2310224079281651059501818850574336.000000 56
-0.876307 0.481754 -532293304677179816041494874161152.000000 40
-0.447782 0.571962 85958597768612390441028876763136.000000 97
-0.534582 0.656244 42173906884797478561164866617344.000000 96
-0.621382 0.574733 -369164933336896071639553244397568.000000 76
-0.389865 0.411315 313818256235573749558621960667136.000000 95
-0.447782 0.571962 85958597768612390441028876763136.000000 97
-0.512882 0.469380 -347970676990427839842560426115072.000000 77
-0.479568 0.320346 -944933843513458632308026119290880.000000 75
-0.389865 0.411315 313818256235573749558621960667136.000000 95
-0.512882 0.469380 -347970676990427839842560426115072.000000 77
-0.250954 0.479057 -65641769235412639611681352187904.000000 114
-0.235061 0.604864 20524036673653017519812612456448.000000 132
-0.349368 0.525509 -63175446178168663729258721443840.000000 113
-0.382682 0.674543 -9860140964260898706324545601536.000000 115
-0.534582 0.656244 42173906884797478561164866617344.000000 96
-0.447782 0.571962 85958597768612390441028876763136.000000 97
-0.728969 0.684547 284539908399053139482352226926592.000000 74
-0.809017 0.587785 -574985138071391357029076342669312.000000 55
-0.621382 0.574733 -369164933336896071639553244397568.000000 76
-0.447782 0.737755 -6667589556213360677046198468608.000000 112
-0.382682 0.674543 -9860140964260898706324545601536.000000 115
-0.317582 0.777124 2494546060361889247737994543104.000000 131
-0.534582 0.656244 42173906884797478561164866617344.000000 96
-0.447782 0.737755 -6667589556213360677046198468608.000000 112
-0.535827 0.844328 -2121333161868122498458112229376.000000 111
-0.534582 0.656244 42173906884797478561164866617344.000000 96
-0.382682 0.674543 -9860140964260898706324545601536.000000 115
-0.447782 0.737755 -6667589556213360677046198468608.000000 112
-0.728969 0.684547 284539908399053139482352226926592.000000 74
-0.631775 0.670396 22689259048421564087931573895168.000000 92
-0.637424 0.770513 -56620408988723063087222367453184.000000 94
-0.621382 0.574733 -369164933336896071639553244397568.000000 76
-0.512882 0.469380 -347970676990427839842560426115072.000000 77
-0.447782 0.571962 85958597768612390441028876763136.000000 97
-0.631775 0.670396 22689259048421564087931573895168.000000 92
-0.534582 0.656244 42173906884797478561164866617344.000000 96
-0.637424 0.770513 -56620408988723063087222367453184.000000 94
-0.621382 0.574733 -369164933336896071639553244397568.000000 76
-0.631775 0.670396 22689259048421564087931573895168.000000 92
-0.728969 0.684547 284539908399053139482352226926592.000000 74
-0.621382 0.574733 -369164933336896071639553244397568.000000 76
-0.534582 0.656244 42173906884797478561164866617344.000000 96
-0.631775 0.670396 22689259048421564087931573895168.000000 92
0.794983 0.411712 -221121698483397467014430720.000000 236
0.929776 0.368125 -220234768290007350046097408.000000 237
0.876307 0.481754 478965375952408323534356480.000000 242
0.708183 0.493222 -667525242167667962924761088.000000 238
0.794983 0.411712 -221121698483397467014430720.000000 236
0.876307 0.481754 478965375952408323534356480.000000 242
0.610532 0.481301 1142888028450209128855371776.000000 223
0.577982 0.366799 -1944249042374612211852115968.000000 208
0.719033 0.337964 714549818782706841373638656.000000 222
0.349368 0.525509 35911972512957396950800400384.000000 189
0.512882 0.469380 -7507105602305884237326188544.000000 207
0.447782 0.571962 -10623700302004031187241140224.000000 205
0.349368 0.525509 35911972512957396950800400384.000000 189
0.422415 0.360024 8540272293579868130324250624.000000 190
0.512882 0.469380 -7507105602305884237326188544.000000 207
0.445745 0.037763 -10649581264187827213012303872.000000 170
0.314527 -0.024174 -234239160869985772614264553472.000000 157
0.441136 -0.097722 96793701494393281641191571456.000000 175
0.643082 0.264217 -3679103047716073899611389952.000000 206
0.522968 0.251959 9682396815606647597740064768.000000 191
0.571666 0.141635 14711770173921806503037108224.000000 188
0.794983 0.245918 765666346458564314385088512.000000 220
0.719033 0.337964 714549818782706841373638656.000000 222
0.643082 0.264217 -3679103047716073899611389952.000000 206
0.870933 0.153872 359178950545581102466072576.000000 219
0.794983 0.245918 765666346458564314385088512.000000 220
0.708183 0.161636 -2573714157128952477133045760.000000 204
0.870933 0.153872 359178950545581102466072576.000000 219
0.968583 0.248690 -323003922124763179497029632.000000 230
0.794983 0.245918 765666346458564314385088512.000000 220
0.577982 0.366799 -1944249042374612211852115968.000000 208
0.422415 0.360024 8540272293579868130324250624.000000 190
0.522968 0.251959 9682396815606647597740064768.000000 191
0.040329 0.180264 -5050930833215399682963167772672.000000 129
0.167922 0.223510 1917691439604159741797112741888.000000 147
0.060580 0.300829 -1240740273661814426083556065280.000000 136
0.794983 0.245918 765666346458564314385088512.000000 220
0.643082 0.264217 -3679103047716073899611389952.000000 206
0.708183 0.161636 -2573714157128952477133045760.000000 204
0.708183 0.493222 -667525242167667962924761088.000000 238
0.719033 0.337964 714549818782706841373638656.000000 222
0.794983 0.411712 -221121698483397467014430720.000000 236
0.577982 0.366799 -1944249042374612211852115968.000000 208
0.643082 0.264217 -3679103047716073899611389952.000000 206
0.719033 0.337964 714549818782706841373638656.000000 222
0.915249 0.040903 -54754869689606147225419776.000000 228
0.773283 0.059054 185965596781406098007523328.000000 215
0.838383 -0.043527 -622180888303885453136756736.000000 225
1.000000 -0.000000 422976000488904063732154368.000000 240
0.915249 0.040903 -54754869689606147225419776.000000 228
0.838383 -0.043527 -622180888303885453136756736.000000 225
0.992115 0.125333 -109339530058773174696280064.000000 233
0.968583 0.248690 -323003922124763179497029632.000000 230
0.870933 0.153872 359178950545581102466072576.000000 219
0.794983 0.245918 765666346458564314385088512.000000 220
0.929776 0.368125 -220234768290007350046097408.000000 237
0.794983 0.411712 -221121698483397467014430720.000000 236
0.062791 0.998027 -10577373021523303750072008704.000000 198
0.023973 0.872212 -3313176480168785877600829440.000000 184
0.187381 0.982287 -14670043341043201141498707968.000000 199
0.425779 0.904827 2440922803843402313939025920.000000 216
0.309017 0.951057 -22856074713434292396268453888.000000 214
0.360982 0.819266 9980797103327362961664638976.000000 203
0.309017 0.951057 -22856074713434292396268453888.000000 214
0.203275 0.856480 59420258805109062493934714880.000000 200
0.360982 0.819266 9980797103327362961664638976.000000 203
0.382682 0.674543 29235582084361339291754823680.000000 202
0.447782 0.737755 -7113152849104464768422379520.000000 218
0.360982 0.819266 9980797103327362961664638976.000000 203
0.512882 0.469380 -7507105602305884237326188544.000000 207
0.621382 0.574733 3114732902531304562345639936.000000 221
0.447782 0.571962 -10623700302004031187241140224.000000 205
0.719033 0.337964 714549818782706841373638656.000000 222
0.708183 0.493222 -667525242167667962924761088.000000 238
0.610532 0.481301 1142888028450209128855371776.000000 223
0.809017 0.587785 -735365310003794086662766592.000000 235
0.728969 0.684547 -1005586594353804102653181952.000000 234
0.621382 0.574733 3114732902531304562345639936.000000 221
0.621382 0.574733 3114732902531304562345639936.000000 221
0.534582 0.656244 -2176314749374358505050341376.000000 217
0.447782 0.571962 -10623700302004031187241140224.000000 205
0.809017 0.587785 -735365310003794086662766592.000000 235
0.621382 0.574733 3114732902531304562345639936.000000 221
0.708183 0.493222 -667525242167667962924761088.000000 238
0.631775 0.670396 -44210723473319612181905408.000000 229
0.534582 0.656244 -2176314749374358505050341376.000000 217
0.621382 0.574733 3114732902531304562345639936.000000 221
0.728969 0.684547 -1005586594353804102653181952.000000 234
0.631775 0.670396 -44210723473319612181905408.000000 229
0.621382 0.574733 3114732902531304562345639936.000000 221
0.728969 0.684547 -1005586594353804102653181952.000000 234
0.637424 0.770513 318400981945868440056102912.000000 231
0.631775 0.670396 -44210723473319612181905408.000000 229
0.447782 0.737755 -7113152849104464768422379520.000000 218
0.425779 0.904827 2440922803843402313939025920.000000 216
0.360982 0.819266 9980797103327362961664638976.000000 203
0.794983 0.245918 765666346458564314385088512.000000 220
0.794983 0.411712 -221121698483397467014430720.000000 236
0.719033 0.337964 714549818782706841373638656.000000 222
0.610532 0.481301 1142888028450209128855371776.000000 223
0.621382 0.574733 3114732902531304562345639936.000000 221
0.512882 0.469380 -7507105602305884237326188544.000000 207
0.577982 0.366799 -1944249042374612211852115968.000000 208
0.610532 0.481301 1142888028450209128855371776.000000 223
0.512882 0.469380 -7507105602305884237326188544.000000 207
0.708183 0.493222 -667525242167667962924761088.000000 238
0.621382 0.574733 3114732902531304562345639936.000000 221
0.610532 0.481301 1142888028450209128855371776.000000 223
0.637424 0.770513 318400981945868440056102912.000000 231
0.534582 0.656244 -2176314749374358505050341376.000000 217
0.631775 0.670396 -44210723473319612181905408.000000 229
0.637424 0.770513 318400981945868440056102912.000000 231
0.535827 0.844328 2543122769078379819273551872.000000 232
0.534582 0.656244 -2176314749374358505050341376.000000 217
0.235061 0.604864 -78973336455153013817776013312.000000 186
0.219168 0.730672 -104100246727124066807161290752.000000 187
0.072414 0.628453 858122478944648198048190562304.000000 169
0.447782 0.737755 -7113152849104464768422379520.000000 218
0.535827 0.844328 2543122769078379819273551872.000000 232
0.425779 0.904827 2440922803843402313939025920.000000 216
0.534582 0.656244 -2176314749374358505050341376.000000 217
0.447782 0.737755 -7113152849104464768422379520.000000 218
0.382682 0.674543 29235582084361339291754823680.000000 202
0.534582 0.656244 -2176314749374358505050341376.000000 217
0.535827 0.844328 2543122769078379819273551872.000000 232
0.447782 0.737755 -7113152849104464768422379520.000000 218
-0.135539 0.372907 375607372664092563304385347584.000000 116
-0.250954 0.479057 -65641769235412639611681352187904.000000 114
-0.266847 0.353249 113794125675598741746244611211264.000000 98
0.060580 0.300829 -1240740273661814426083556065280.000000 136
-0.004231 0.392564 -3966656373320726660236749832192.000000 135
-0.042554 0.274619 15446755384103811238653933387776.000000 117
0.040329 0.180264 -5050930833215399682963167772672.000000 129
0.060580 0.300829 -1240740273661814426083556065280.000000 136
-0.042554 0.274619 15446755384103811238653933387776.000000 117
0.163714 0.327039 -315944067052184842771990839296.000000 153
0.123361 0.435810 903627004864223748124785508352.000000 154
0.060580 0.300829 -1240740273661814426083556065280.000000 136
-0.080876 0.156675 -8289910149072030910055578599424.000000 110
0.020079 0.059698 23888492361019458338713684148224.000000 118
0.040329 0.180264 -5050930833215399682963167772672.000000 129
0.266847 0.353249 -92065852398089069167428763648.000000 172
0.250954 0.479057 -126981817273792366743342022656.000000 171
0.123361 0.435810 903627004864223748124785508352.000000 154
-0.108431 0.494783 8956902406469782308044847185920.000000 133
-0.250954 0.479057 -65641769235412639611681352187904.000000 114
-0.135539 0.372907 375607372664092563304385347584.000000 116
-0.004231 0.392564 -3966656373320726660236749832192.000000 135
-0.108431 0.494783 8956902406469782308044847185920.000000 133
-0.135539 0.372907 375607372664092563304385347584.000000 116
0.034091 0.510509 -349677738030481004535268507648.000000 151
0.072414 0.628453 858122478944648198048190562304.000000 169
-0.081324 0.616659 -4642598106407967588880314531840.000000 152
0.034091 0.510509 -349677738030481004535268507648.000000 151
0.123361 0.435810 903627004864223748124785508352.000000 154
0.134576 0.557687 -235352411468528051725916962816.000000 168
0.381154 0.273894 2070744454393322669500006400.000000 173
0.266847 0.353249 -92065852398089069167428763648.000000 172
0.282741 0.227442 142024206679575576977302618112.000000 155
0.413450 0.155828 -72063660206368936391398653952.000000 174
0.445745 0.037763 -10649581264187827213012303872.000000 170
0.571666 0.141635 14711770173921806503037108224.000000 188
0.282741 0.227442 142024206679575576977302618112.000000 155
0.413450 0.155828 -72063660206368936391398653952.000000 174
0.381154 0.273894 2070744454393322669500006400.000000 173
0.298634 0.101634 296732993666260828576595050496.000000 156
0.445745 0.037763 -10649581264187827213012303872.000000 170
0.413450 0.155828 -72063660206368936391398653952.000000 174
0.577982 0.366799 -1944249042374612211852115968.000000 208
0.512882 0.469380 -7507105602305884237326188544.000000 207
0.422415 0.360024 8540272293579868130324250624.000000 190
0.134576 0.557687 -235352411468528051725916962816.000000 168
0.235061 0.604864 -78973336455153013817776013312.000000 186
0.072414 0.628453 858122478944648198048190562304.000000 169
0.034091 0.510509 -349677738030481004535268507648.000000 151
0.134576 0.557687 -235352411468528051725916962816.000000 168
0.072414 0.628453 858122478944648198048190562304.000000 169
0.123361 0.435810 903627004864223748124785508352.000000 154
0.250954 0.479057 -126981817273792366743342022656.000000 171
0.134576 0.557687 -235352411468528051725916962816.000000 168
0.422415 0.360024 8540272293579868130324250624.000000 190
0.349368 0.525509 35911972512957396950800400384.000000 189
0.266847 0.353249 -92065852398089069167428763648.000000 172
0.349368 0.525509 35911972512957396950800400384.000000 189
0.235061 0.604864 -78973336455153013817776013312.000000 186
0.250954 0.479057 -126981817273792366743342022656.000000 171
0.266847 0.353249 -92065852398089069167428763648.000000 172
0.349368 0.525509 35911972512957396950800400384.000000 189
0.250954 0.479057 -126981817273792366743342022656.000000 171
0.447782 0.571962 -10623700302004031187241140224.000000 205
0.382682 0.674543 29235582084361339291754823680.000000 202
0.349368 0.525509 35911972512957396950800400384.000000 189
0.023973 0.872212 -3313176480168785877600829440.000000 184
0.062791 0.998027 -10577373021523303750072008704.000000 198
-0.062791 0.998027 64810708074202848610308063232.000000 182
-0.089651 0.864346 -363997119089292246614378807296.000000 166
0.023973 0.872212 -3313176480168785877600829440.000000 184
-0.062791 0.998027 64810708074202848610308063232.000000 182
-0.187381 0.982287 341047879855151067206600622080.000000 165
-0.089651 0.864346 -363997119089292246614378807296.000000 166
-0.062791 0.998027 64810708074202848610308063232.000000 182
-0.203275 0.856480 -70274821436737186770160975872.000000 149
-0.109200 0.735914 1321710436983082588524888719360.000000 150
-0.089651 0.864346 -363997119089292246614378807296.000000 166
0.000768 0.741156 576570252756487537251412082688.000000 167
0.110736 0.746398 -247881667174379664450034597888.000000 183
0.023973 0.872212 -3313176480168785877600829440.000000 184
0.219168 0.730672 -104100246727124066807161290752.000000 187
0.110736 0.746398 -247881667174379664450034597888.000000 183
0.072414 0.628453 858122478944648198048190562304.000000 169
0.203275 0.856480 59420258805109062493934714880.000000 200
0.187381 0.982287 -14670043341043201141498707968.000000 199
0.023973 0.872212 -3313176480168785877600829440.000000 184
0.187381 0.982287 -14670043341043201141498707968.000000 199
0.203275 0.856480 59420258805109062493934714880.000000 200
0.309017 0.951057 -22856074713434292396268453888.000000 214
-0.235061 0.604864 20524036673653017519812612456448.000000 132
-0.250954 0.479057 -65641769235412639611681352187904.000000 114
-0.108431 0.494783 8956902406469782308044847185920.000000 133
-0.109200 0.735914 1321710436983082588524888719360.000000 150
-0.203275 0.856480 -70274821436737186770160975872.000000 149
-0.219168 0.730672 -2293524242265806288419557474304.000000 134
0.072414 0.628453 858122478944648198048190562304.000000 169
0.000768 0.741156 576570252756487537251412082688.000000 167
-0.081324 0.616659 -4642598106407967588880314531840.000000 152
0.000768 0.741156 576570252756487537251412082688.000000 167
0.023973 0.872212 -3313176480168785877600829440.000000 184
-0.089651 0.864346 -363997119089292246614378807296.000000 166
-0.219168 0.730672 -2293524242265806288419557474304.000000 134
-0.317582 0.777124 2494546060361889247737994543104.000000 131
-0.382682 0.674543 -9860140964260898706324545601536.000000 115
-0.108431 0.494783 8956902406469782308044847185920.000000 133
-0.081324 0.616659 -4642598106407967588880314531840.000000 152
-0.235061 0.604864 20524036673653017519812612456448.000000 132
-0.203275 0.856480 -70274821436737186770160975872.000000 149
-0.317582 0.777124 2494546060361889247737994543104.000000 131
-0.219168 0.730672 -2293524242265806288419557474304.000000 134
0.809017 0.587785 -735365310003794086662766592.000000 235
0.708183 0.493222 -667525242167667962924761088.000000 238
0.876307 0.481754 478965375952408323534356480.000000 242
0.469331 -0.217723 -109046664733911092437146664960.000000 178
0.443723 -0.339315 -224075848177448793633913307136.000000 177
0.569181 -0.223917 46602075414530323873391443968.000000 195
0.992115 -0.125333 326788497434974065898029056.000000 243
0.903483 -0.146108 -854587748147346680011816960.000000 239
0.968583 -0.248690 -31585637902343535880830976.000000 241
0.992115 -0.125333 326788497434974065898029056.000000 243
1.000000 -0.000000 422976000488904063732154368.000000 240
0.903483 -0.146108 -854587748147346680011816960.000000 239
-0.616669 -0.529062 -39082841078247131903829463902715904.000000 25
-0.518255 -0.575515 6586258478506618464112297465872384.000000 36
-0.486789 -0.444362 1800002292809800991726163265060864.000000 38
-0.728969 -0.684547 -11103161493067794613876475245363200.000000 14
-0.658410 -0.623625 -1481936123527956109011891014074368.000000 24
-0.735953 -0.529892 50918601855771630962534871656824832.000000 15
-0.433694 -0.622226 -807597315950766857727144364081152.000000 37
-0.409886 -0.779019 306408149611847989590108313485312.000000 45
-0.349134 -0.668938 268182860242809638299926676897792.000000 51
-0.637424 -0.770513 2386508178737865341988740899274752.000000 19
-0.534148 -0.701322 -1025189359578442760422181792907264.000000 31
-0.658410 -0.623625 -1481936123527956109011891014074368.000000 24
-0.637424 -0.770513 2386508178737865341988740899274752.000000 19
-0.535827 -0.844328 -110974205221836896248022979051520.000000 30
-0.534148 -0.701322 -1025189359578442760422181792907264.000000 31
0.664439 -0.453191 -8299037948992929010693439488.000000 197
0.736206 -0.299972 -15944332680661873407006081024.000000 212
0.592925 -0.376490 47451262850070761455103246336.000000 194
0.736206 -0.299972 -15944332680661873407006081024.000000 212
0.792049 -0.172045 3669725092176459916363431936.000000 224
0.680615 -0.197981 -7003278617683905778364186624.000000 209
0.929776 -0.368125 -1877052727904564165841256448.000000 226
0.847640 -0.274036 1642234446440952791289561088.000000 227
0.791796 -0.401964 4366292396040174743257612288.000000 213
0.929776 -0.368125 -1877052727904564165841256448.000000 226
0.968583 -0.248690 -31585637902343535880830976.000000 241
0.847640 -0.274036 1642234446440952791289561088.000000 227
0.715365 -0.101593 724419909825595312168763392.000000 210
0.584401 -0.096754 -2303805804659144395505795072.000000 192
0.680615 -0.197981 -7003278617683905778364186624.000000 209
0.773283 0.059054 185965596781406098007523328.000000 215
0.715365 -0.101593 724419909825595312168763392.000000 210
0.838383 -0.043527 -622180888303885453136756736.000000 225
0.662567 0.006795 1089099086890605959511539712.000000 201
0.708183 0.161636 -2573714157128952477133045760.000000 204
0.571666 0.141635 14711770173921806503037108224.000000 188
-0.592925 -0.376490 35856106441042336646998303149391872.000000 33
-0.486789 -0.444362 1800002292809800991726163265060864.000000 38
-0.443723 -0.339315 -16476968334241354770801389492764672.000000 48
-0.791796 -0.401964 -425051409551652194976007743875317760.000000 10
-0.664439 -0.453191 192567894796203962252311628632555520.000000 20
-0.680489 -0.312940 -398873208484359104082356065160658944.000000 21
-0.616669 -0.529062 -39082841078247131903829463902715904.000000 25
-0.486789 -0.444362 1800002292809800991726163265060864.000000 38
-0.592925 -0.376490 35856106441042336646998303149391872.000000 33
-0.584401 -0.096754 35313204525546451887974219123785728.000000 35
-0.569181 -0.223917 46498628518951859910850163802898432.000000 34
-0.469331 -0.217723 -11171635540015205679008152033427456.000000 49
-0.680489 -0.312940 -398873208484359104082356065160658944.000000 21
-0.847640 -0.274036 1992727469157303899918473242173505536.000000 11
-0.791796 -0.401964 -425051409551652194976007743875317760.000000 10
-0.035536 -0.096906 4783891479320650850622075043840.000000 104
-0.119199 0.038730 -123158024897572701779625456435200.000000 100
-0.157522 -0.079215 10659765860077517770148496277504.000000 85
-0.195844 -0.197159 -911994960099429739317361249353728.000000 84
-0.064278 -0.185365 122142790952386171528829149904896.000000 103
-0.157522 -0.079215 10659765860077517770148496277504.000000 85
0.196515 -0.037934 1035462210821404543798657155072.000000 140
0.314527 -0.024174 -234239160869985772614264553472.000000 157
0.298634 0.101634 296732993666260828576595050496.000000 156
0.125317 0.034143 -5214694412898821923067712765952.000000 128
0.196515 -0.037934 1035462210821404543798657155072.000000 140
0.172130 0.119981 -2514281440490553196284263530496.000000 137
-0.035536 -0.096906 4783891479320650850622075043840.000000 104
0.078503 -0.051694 -2413273937137444705312324976640.000000 122
0.020079 0.059698 23888492361019458338713684148224.000000 118
-0.035536 -0.096906 4783891479320650850622075043840.000000 104
0.067288 -0.173570 -10789638010841177825113465159680.000000 121
0.078503 -0.051694 -2413273937137444705312324976640.000000 122
0.198854 -0.161776 877148603872748038384668114944.000000 141
0.330420 -0.149981 -207536811565088524836265787392.000000 160
0.196515 -0.037934 1035462210821404543798657155072.000000 140
0.078503 -0.051694 -2413273937137444705312324976640.000000 122
0.198854 -0.161776 877148603872748038384668114944.000000 141
0.196515 -0.037934 1035462210821404543798657155072.000000 140
-0.001975 -0.299378 -61421761464152236944011575689216.000000 107
0.114121 -0.291515 10565958718828321021271109271552.000000 124
0.067288 -0.173570 -10789638010841177825113465159680.000000 121
-0.065162 -0.389016 -42374482507507613275154743820288.000000 106
-0.001975 -0.299378 -61421761464152236944011575689216.000000 107
-0.118071 -0.307241 320564989041081803821551714304000.000000 89
-0.145550 -0.426758 89600360860454041875256207998976.000000 87
-0.065162 -0.389016 -42374482507507613275154743820288.000000 106
-0.118071 -0.307241 320564989041081803821551714304000.000000 89
-0.012254 -0.470791 5579443152624018065054331043840.000000 105
0.108328 -0.414177 12990332608634095132433516068864.000000 123
-0.065162 -0.389016 -42374482507507613275154743820288.000000 106
-0.065162 -0.389016 -42374482507507613275154743820288.000000 106
0.108328 -0.414177 12990332608634095132433516068864.000000 123
-0.001975 -0.299378 -61421761464152236944011575689216.000000 107
0.441136 -0.097722 96793701494393281641191571456.000000 175
0.314527 -0.024174 -234239160869985772614264553472.000000 157
0.330420 -0.149981 -207536811565088524836265787392.000000 160
-0.035536 -0.096906 4783891479320650850622075043840.000000 104
0.020079 0.059698 23888492361019458338713684148224.000000 118
-0.119199 0.038730 -123158024897572701779625456435200.000000 100
0.522968 0.251959 9682396815606647597740064768.000000 191
0.643082 0.264217 -3679103047716073899611389952.000000 206
0.577982 0.366799 -1944249042374612211852115968.000000 208
0.381154 0.273894 2070744454393322669500006400.000000 173
0.522968 0.251959 9682396815606647597740064768.000000 191
0.422415 0.360024 8540272293579868130324250624.000000 190
0.266847 0.353249 -92065852398089069167428763648.000000 172
0.381154 0.273894 2070744454393322669500006400.000000 173
0.422415 0.360024 8540272293579868130324250624.000000 190
0.282741 0.227442 142024206679575576977302618112.000000 155
0.298634 0.101634 296732993666260828576595050496.000000 156
0.413450 0.155828 -72063660206368936391398653952.000000 174
0.584401 -0.096754 -2303805804659144395505795072.000000 192
0.441136 -0.097722 96793701494393281641191571456.000000 175
0.469331 -0.217723 -109046664733911092437146664960.000000 178
0.381154 0.273894 2070744454393322669500006400.000000 173
0.413450 0.155828 -72063660206368936391398653952.000000 174
0.522968 0.251959 9682396815606647597740064768.000000 191
0.298634 0.101634 296732993666260828576595050496.000000 156
0.314527 -0.024174 -234239160869985772614264553472.000000 157
0.445745 0.037763 -10649581264187827213012303872.000000 170
0.571666 0.141635 14711770173921806503037108224.000000 188
0.708183 0.161636 -2573714157128952477133045760.000000 204
0.643082 0.264217 -3679103047716073899611389952.000000 206
0.413450 0.155828 -72063660206368936391398653952.000000 174
0.571666 0.141635 14711770173921806503037108224.000000 188
0.522968 0.251959 9682396815606647597740064768.000000 191
0.662567 0.006795 1089099086890605959511539712.000000 201
0.715365 -0.101593 724419909825595312168763392.000000 210
0.773283 0.059054 185965596781406098007523328.000000 215
0.708183 0.161636 -2573714157128952477133045760.000000 204
0.662567 0.006795 1089099086890605959511539712.000000 201
0.773283 0.059054 185965596781406098007523328.000000 215
0.543905 0.017440 -21051739173463411234990718976.000000 185
0.584401 -0.096754 -2303805804659144395505795072.000000 192
0.662567 0.006795 1089099086890605959511539712.000000 201
0.445745 0.037763 -10649581264187827213012303872.000000 170
0.543905 0.017440 -21051739173463411234990718976.000000 185
0.571666 0.141635 14711770173921806503037108224.000000 188
0.445745 0.037763 -10649581264187827213012303872.000000 170
0.441136 -0.097722 96793701494393281641191571456.000000 175
0.543905 0.017440 -21051739173463411234990718976.000000 185
0.794983 0.245918 765666346458564314385088512.000000 220
0.968583 0.248690 -323003922124763179497029632.000000 230
0.929776 0.368125 -220234768290007350046097408.000000 237
0.773283 0.059054 185965596781406098007523328.000000 215
0.870933 0.153872 359178950545581102466072576.000000 219
0.708183 0.161636 -2573714157128952477133045760.000000 204
0.773283 0.059054 185965596781406098007523328.000000 215
0.915249 0.040903 -54754869689606147225419776.000000 228
0.870933 0.153872 359178950545581102466072576.000000 219
0.838383 -0.043527 -622180888303885453136756736.000000 225
0.903483 -0.146108 -854587748147346680011816960.000000 239
1.000000 -0.000000 422976000488904063732154368.000000 240
0.584401 -0.096754 -2303805804659144395505795072.000000 192
0.569181 -0.223917 46602075414530323873391443968.000000 195
0.680615 -0.197981 -7003278617683905778364186624.000000 209
0.662567 0.006795 1089099086890605959511539712.000000 201
0.584401 -0.096754 -2303805804659144395505795072.000000 192
0.715365 -0.101593 724419909825595312168763392.000000 210
0.543905 0.017440 -21051739173463411234990718976.000000 185
0.441136 -0.097722 96793701494393281641191571456.000000 175
0.584401 -0.096754 -2303805804659144395505795072.000000 192
0.662567 0.006795 1089099086890605959511539712.000000 201
0.571666 0.141635 14711770173921806503037108224.000000 188
0.543905 0.017440 -21051739173463411234990718976.000000 185
0.330420 -0.149981 -207536811565088524836265787392.000000 160
0.346313 -0.275789 904132301364863254397330653184.000000 161
0.469331 -0.217723 -109046664733911092437146664960.000000 178
0.664439 -0.453191 -8299037948992929010693439488.000000 197
0.592925 -0.376490 47451262850070761455103246336.000000 194
0.616669 -0.529062 13788808910284340651729354752.000000 181
0.735953 -0.529892 -673137834789148770953068544.000000 196
0.664439 -0.453191 -8299037948992929010693439488.000000 197
0.616669 -0.529062 13788808910284340651729354752.000000 181
0.735953 -0.529892 -673137834789148770953068544.000000 196
0.791796 -0.401964 4366292396040174743257612288.000000 213
0.664439 -0.453191 -8299037948992929010693439488.000000 197
0.838383 -0.043527 -622180888303885453136756736.000000 225
0.715365 -0.101593 724419909825595312168763392.000000 210
0.792049 -0.172045 3669725092176459916363431936.000000 224
0.443723 -0.339315 -224075848177448793633913307136.000000 177
0.346313 -0.275789 904132301364863254397330653184.000000 161
0.362206 -0.401597 781375734543880262090091397120.000000 159
0.584401 -0.096754 -2303805804659144395505795072.000000 192
0.469331 -0.217723 -109046664733911092437146664960.000000 178
0.569181 -0.223917 46602075414530323873391443968.000000 195
0.441136 -0.097722 96793701494393281641191571456.000000 175
0.330420 -0.149981 -207536811565088524836265787392.000000 160
0.469331 -0.217723 -109046664733911092437146664960.000000 178
0.915249 0.040903 -54754869689606147225419776.000000 228
0.992115 0.125333 -109339530058773174696280064.000000 233
0.870933 0.153872 359178950545581102466072576.000000 219
0.219168 0.730672 -104100246727124066807161290752.000000 187
0.360982 0.819266 9980797103327362961664638976.000000 203
0.203275 0.856480 59420258805109062493934714880.000000 200
0.110736 0.746398 -247881667174379664450034597888.000000 183
0.219168 0.730672 -104100246727124066807161290752.000000 187
0.203275 0.856480 59420258805109062493934714880.000000 200
0.235061 0.604864 -78973336455153013817776013312.000000 186
0.382682 0.674543 29235582084361339291754823680.000000 202
0.219168 0.730672 -104100246727124066807161290752.000000 187
0.123361 0.435810 903627004864223748124785508352.000000 154
-0.004231 0.392564 -3966656373320726660236749832192.000000 135
0.060580 0.300829 -1240740273661814426083556065280.000000 136
-0.081324 0.616659 -4642598106407967588880314531840.000000 152
-0.108431 0.494783 8956902406469782308044847185920.000000 133
0.034091 0.510509 -349677738030481004535268507648.000000 151
0.000768 0.741156 576570252756487537251412082688.000000 167
-0.109200 0.735914 1321710436983082588524888719360.000000 150
-0.081324 0.616659 -4642598106407967588880314531840.000000 152
0.110736 0.746398 -247881667174379664450034597888.000000 183
0.000768 0.741156 576570252756487537251412082688.000000 167
0.072414 0.628453 858122478944648198048190562304.000000 169
0.110736 0.746398 -247881667174379664450034597888.000000 183
0.203275 0.856480 59420258805109062493934714880.000000 200
0.023973 0.872212 -3313176480168785877600829440.000000 184
-0.219168 0.730672 -2293524242265806288419557474304.000000 134
-0.235061 0.604864 20524036673653017519812612456448.000000 132
-0.081324 0.616659 -4642598106407967588880314531840.000000 152
0.123361 0.435810 903627004864223748124785508352.000000 154
0.163714 0.327039 -315944067052184842771990839296.000000 153
0.266847 0.353249 -92065852398089069167428763648.000000 172
0.235061 0.604864 -78973336455153013817776013312.000000 186
0.134576 0.557687 -235352411468528051725916962816.000000 168
0.250954 0.479057 -126981817273792366743342022656.000000 171
0.034091 0.510509 -349677738030481004535268507648.000000 151
-0.004231 0.392564 -3966656373320726660236749832192.000000 135
0.123361 0.435810 903627004864223748124785508352.000000 154
0.382682 0.674543 29235582084361339291754823680.000000 202
0.360982 0.819266 9980797103327362961664638976.000000 203
0.219168 0.730672 -104100246727124066807161290752.000000 187
0.349368 0.525509 35911972512957396950800400384.000000 189
0.382682 0.674543 29235582084361339291754823680.000000 202
0.235061 0.604864 -78973336455153013817776013312.000000 186
0.447782 0.571962 -10623700302004031187241140224.000000 205
0.534582 0.656244 -2176314749374358505050341376.000000 217
0.382682 0.674543 29235582084361339291754823680.000000 202
-0.876307 0.481754 -532293304677179816041494874161152.000000 40
-0.708183 0.493222 2310224079281651059501818850574336.000000 56
-0.809017 0.587785 -574985138071391357029076342669312.000000 55
-0.389865 0.411315 313818256235573749558621960667136.000000 95
-0.250954 0.479057 -65641769235412639611681352187904.000000 114
-0.349368 0.525509 -63175446178168663729258721443840.000000 113
-0.162647 0.251030 -71695377275914830944653537181696.000000 99
-0.135539 0.372907 375607372664092563304385347584.000000 116
-0.266847 0.353249 113794125675598741746244611211264.000000 98
-0.298634 0.101634 -1851683926378640840209311144607744.000000 73
-0.189755 0.129154 229496792523059996590346187309056.000000 93
-0.282741 0.227442 80069104061184202130445393985536.000000 79
-0.042554 0.274619 15446755384103811238653933387776.000000 117
-0.135539 0.372907 375607372664092563304385347584.000000 116
-0.162647 0.251030 -71695377275914830944653537181696.000000 99
-0.108431 0.494783 8956902406469782308044847185920.000000 133
-0.004231 0.392564 -3966656373320726660236749832192.000000 135
0.034091 0.510509 -349677738030481004535268507648.000000 151
-0.282741 0.227442 80069104061184202130445393985536.000000 79
-0.162647 0.251030 -71695377275914830944653537181696.000000 99
-0.266847 0.353249 113794125675598741746244611211264.000000 98
-0.042554 0.274619 15446755384103811238653933387776.000000 117
-0.004231 0.392564 -3966656373320726660236749832192.000000 135
-0.135539 0.372907 375607372664092563304385347584.000000 116
0.167922 0.223510 1917691439604159741797112741888.000000 147
0.172130 0.119981 -2514281440490553196284263530496.000000 137
0.282741 0.227442 142024206679575576977302618112.000000 155
0.060580 0.300829 -1240740273661814426083556065280.000000 136
0.167922 0.223510 1917691439604159741797112741888.000000 147
0.163714 0.327039 -315944067052184842771990839296.000000 153
0.040329 0.180264 -5050930833215399682963167772672.000000 129
0.172130 0.119981 -2514281440490553196284263530496.000000 137
0.167922 0.223510 1917691439604159741797112741888.000000 147
-0.080876 0.156675 -8289910149072030910055578599424.000000 110
0.040329 0.180264 -5050930833215399682963167772672.000000 129
-0.042554 0.274619 15446755384103811238653933387776.000000 117
0.020079 0.059698 23888492361019458338713684148224.000000 118
0.172130 0.119981 -2514281440490553196284263530496.000000 137
0.040329 0.180264 -5050930833215399682963167772672.000000 129
0.282741 0.227442 142024206679575576977302618112.000000 155
0.266847 0.353249 -92065852398089069167428763648.000000 172
0.163714 0.327039 -315944067052184842771990839296.000000 153
-0.534582 0.656244 42173906884797478561164866617344.000000 96
-0.535827 0.844328 -2121333161868122498458112229376.000000 111
-0.637424 0.770513 -56620408988723063087222367453184.000000 94
0.847640 -0.274036 1642234446440952791289561088.000000 227
0.903483 -0.146108 -854587748147346680011816960.000000 239
0.792049 -0.172045 3669725092176459916363431936.000000 224
0.968583 -0.248690 -31585637902343535880830976.000000 241
0.903483 -0.146108 -854587748147346680011816960.000000 239
0.847640 -0.274036 1642234446440952791289561088.000000 227
0.791796 -0.401964 4366292396040174743257612288.000000 213
0.735953 -0.529892 -673137834789148770953068544.000000 196
0.876307 -0.481754 -1093838796724125972983447552.000000 211
0.929776 -0.368125 -1877052727904564165841256448.000000 226
0.791796 -0.401964 4366292396040174743257612288.000000 213
0.876307 -0.481754 -1093838796724125972983447552.000000 211
0.592925 -0.376490 47451262850070761455103246336.000000 194
0.569181 -0.223917 46602075414530323873391443968.000000 195
0.443723 -0.339315 -224075848177448793633913307136.000000 177
0.616669 -0.529062 13788808910284340651729354752.000000 181
0.592925 -0.376490 47451262850070761455103246336.000000 194
0.486789 -0.444362 -105386121365339784329746710528.000000 176
0.736206 -0.299972 -15944332680661873407006081024.000000 212
0.569181 -0.223917 46602075414530323873391443968.000000 195
0.592925 -0.376490 47451262850070761455103246336.000000 194
0.847640 -0.274036 1642234446440952791289561088.000000 227
0.736206 -0.299972 -15944332680661873407006081024.000000 212
0.791796 -0.401964 4366292396040174743257612288.000000 213
0.680615 -0.197981 -7003278617683905778364186624.000000 209
0.569181 -0.223917 46602075414530323873391443968.000000 195
0.736206 -0.299972 -15944332680661873407006081024.000000 212
0.378100 -0.527404 50240863429222765706164043776.000000 158
0.486789 -0.444362 -105386121365339784329746710528.000000 176
0.362206 -0.401597 781375734543880262090091397120.000000 159
0.518255 -0.575515 14299695964549061397335506944.000000 164
0.393993 -0.653212 -33356899063858210191223816192.000000 146
0.515708 -0.711863 -6421683785027978153762488320.000000 162
0.486789 -0.444362 -105386121365339784329746710528.000000 176
0.518255 -0.575515 14299695964549061397335506944.000000 164
0.616669 -0.529062 13788808910284340651729354752.000000 181
0.378100 -0.527404 50240863429222765706164043776.000000 158
0.393993 -0.653212 -33356899063858210191223816192.000000 146
0.518255 -0.575515 14299695964549061397335506944.000000 164
0.658410 -0.623625 -4272686907604116582250315776.000000 179
0.728969 -0.684547 326470818919966676311080960.000000 180
0.735953 -0.529892 -673137834789148770953068544.000000 196
0.196515 -0.037934 1035462210821404543798657155072.000000 140
0.330420 -0.149981 -207536811565088524836265787392.000000 160
0.314527 -0.024174 -234239160869985772614264553472.000000 157
-0.195844 -0.197159 -911994960099429739317361249353728.000000 84
-0.118071 -0.307241 320564989041081803821551714304000.000000 89
-0.064278 -0.185365 122142790952386171528829149904896.000000 103
-0.118071 -0.307241 320564989041081803821551714304000.000000 89
-0.234167 -0.315104 -921297744679940891980451167600640.000000 70
-0.145550 -0.426758 89600360860454041875256207998976.000000 87
0.210774 -0.256132 -1229482862484634999047688552448.000000 142
0.346313 -0.275789 904132301364863254397330653184.000000 161
0.330420 -0.149981 -207536811565088524836265787392.000000 160
0.210774 -0.256132 -1229482862484634999047688552448.000000 142
0.235267 -0.407887 -3606233260421572572209794252800.000000 143
0.346313 -0.275789 904132301364863254397330653184.000000 161
0.067288 -0.173570 -10789638010841177825113465159680.000000 121
0.114121 -0.291515 10565958718828321021271109271552.000000 124
0.198854 -0.161776 877148603872748038384668114944.000000 141
0.108328 -0.414177 12990332608634095132433516068864.000000 123
0.114121 -0.291515 10565958718828321021271109271552.000000 124
-0.001975 -0.299378 -61421761464152236944011575689216.000000 107
0.247982 -0.508533 -1487768573478611713292219973632.000000 139
0.362206 -0.401597 781375734543880262090091397120.000000 159
0.235267 -0.407887 -3606233260421572572209794252800.000000 143
0.443723 -0.339315 -224075848177448793633913307136.000000 177
0.486789 -0.444362 -105386121365339784329746710528.000000 176
0.592925 -0.376490 47451262850070761455103246336.000000 194
0.346313 -0.275789 904132301364863254397330653184.000000 161
0.443723 -0.339315 -224075848177448793633913307136.000000 177
0.469331 -0.217723 -109046664733911092437146664960.000000 178
0.362206 -0.401597 781375734543880262090091397120.000000 159
0.486789 -0.444362 -105386121365339784329746710528.000000 176
0.443723 -0.339315 -224075848177448793633913307136.000000 177
0.518255 -0.575515 14299695964549061397335506944.000000 164
0.658410 -0.623625 -4272686907604116582250315776.000000 179
0.616669 -0.529062 13788808910284340651729354752.000000 181
0.735953 -0.529892 -673137834789148770953068544.000000 196
0.809017 -0.587785 527477642933208810315055104.000000 193
0.876307 -0.481754 -1093838796724125972983447552.000000 211
0.616669 -0.529062 13788808910284340651729354752.000000 181
0.658410 -0.623625 -4272686907604116582250315776.000000 179
0.735953 -0.529892 -673137834789148770953068544.000000 196
0.791796 -0.401964 4366292396040174743257612288.000000 213
0.736206 -0.299972 -15944332680661873407006081024.000000 212
0.664439 -0.453191 -8299037948992929010693439488.000000 197
0.486789 -0.444362 -105386121365339784329746710528.000000 176
0.378100 -0.527404 50240863429222765706164043776.000000 158
0.518255 -0.575515 14299695964549061397335506944.000000 164
0.728969 -0.684547 326470818919966676311080960.000000 180
0.809017 -0.587785 527477642933208810315055104.000000 193
0.735953 -0.529892 -673137834789148770953068544.000000 196
0.847640 -0.274036 1642234446440952791289561088.000000 227
0.792049 -0.172045 3669725092176459916363431936.000000 224
0.736206 -0.299972 -15944332680661873407006081024.000000 212
0.838383 -0.043527 -622180888303885453136756736.000000 225
0.792049 -0.172045 3669725092176459916363431936.000000 224
0.903483 -0.146108 -854587748147346680011816960.000000 239
0.715365 -0.101593 724419909825595312168763392.000000 210
0.680615 -0.197981 -7003278617683905778364186624.000000 209
0.792049 -0.172045 3669725092176459916363431936.000000 224
1.000000 -0.000000 422976000488904063732154368.000000 240
0.992115 0.125333 -109339530058773174696280064.000000 233
0.915249 0.040903 -54754869689606147225419776.000000 228
0.295977 -0.844070 38820154114035246792546713600.000000 125
0.177179 -0.862891 255465179551030163639153721344.000000 109
0.309017 -0.951057 -71506438103846868698592706560.000000 108
0.425779 -0.904827 -26058737824385892371579011072.000000 126
0.295977 -0.844070 38820154114035246792546713600.000000 125
0.309017 -0.951057 -71506438103846868698592706560.000000 108
0.282937 -0.737084 -442881975095152691148413206528.000000 127
0.177179 -0.862891 255465179551030163639153721344.000000 109
0.295977 -0.844070 38820154114035246792546713600.000000 125
0.062791 -0.998027 -978989222654255003950850768896.000000 72
0.060826 -0.904827 600251466175434471215355396096.000000 91
-0.062791 -0.998027 2837232532567439486431296225280.000000 71
-0.272489 -0.433048 85010341911444388087569842176000.000000 67
-0.234167 -0.315104 -921297744679940891980451167600640.000000 70
-0.362206 -0.401597 1852237603269924717303660126666752.000000 53
-0.349134 -0.668938 268182860242809638299926676897792.000000 51
-0.166657 -0.668938 -68839542970490665551378551668736.000000 68
-0.219573 -0.550993 205445064233143298960171219288064.000000 69
-0.005837 -0.810471 -3182777401784427653485532545024.000000 101
-0.060826 -0.904827 -2415136295145510780791810949120.000000 82
0.060826 -0.904827 600251466175434471215355396096.000000 91
0.177179 -0.862891 255465179551030163639153721344.000000 109
-0.005837 -0.810471 -3182777401784427653485532545024.000000 101
0.060826 -0.904827 600251466175434471215355396096.000000 91
-0.072500 -0.716116 6610978290604723968532845428736.000000 83
-0.156928 -0.826197 21885552201332291862607154905088.000000 81
-0.005837 -0.810471 -3182777401784427653485532545024.000000 101
-0.272489 -0.433048 85010341911444388087569842176000.000000 67
-0.219573 -0.550993 205445064233143298960171219288064.000000 69
-0.145550 -0.426758 89600360860454041875256207998976.000000 87
-0.321429 -0.833823 -36245627374437682338240229539840.000000 46
-0.409886 -0.779019 306408149611847989590108313485312.000000 45
-0.425779 -0.904827 -74699271716603196405593105498112.000000 32
-0.232973 -0.888627 20868507313060642457331844513792.000000 62
-0.321429 -0.833823 -36245627374437682338240229539840.000000 46
-0.309017 -0.951057 23174527494169142330624990773248.000000 47
-0.232973 -0.888627 20868507313060642457331844513792.000000 62
-0.253031 -0.747568 -91518674930965818085936633741312.000000 61
-0.321429 -0.833823 -36245627374437682338240229539840.000000 46
-0.166657 -0.668938 -68839542970490665551378551668736.000000 68
-0.253031 -0.747568 -91518674930965818085936633741312.000000 61
-0.156928 -0.826197 21885552201332291862607154905088.000000 81
-0.349134 -0.668938 268182860242809638299926676897792.000000 51
-0.409886 -0.779019 306408149611847989590108313485312.000000 45
-0.253031 -0.747568 -91518674930965818085936633741312.000000 61
0.187381 -0.982287 -129576395695524291789883179008.000000 90
0.060826 -0.904827 600251466175434471215355396096.000000 91
0.062791 -0.998027 -978989222654255003950850768896.000000 72
0.235267 -0.407887 -3606233260421572572209794252800.000000 143
0.362206 -0.401597 781375734543880262090091397120.000000 159
0.346313 -0.275789 904132301364863254397330653184.000000 161
0.298781 -0.621760 590078032547740112749158465536.000000 138
0.378100 -0.527404 50240863429222765706164043776.000000 158
0.247982 -0.508533 -1487768573478611713292219973632.000000 139
0.518255 -0.575515 14299695964549061397335506944.000000 164
0.515708 -0.711863 -6421683785027978153762488320.000000 162
0.658410 -0.623625 -4272686907604116582250315776.000000 179
0.298781 -0.621760 590078032547740112749158465536.000000 138
0.393993 -0.653212 -33356899063858210191223816192.000000 146
0.378100 -0.527404 50240863429222765706164043776.000000 158
0.141155 -0.577727 -2876175510950888069425203773440.000000 120
0.164458 -0.730094 1639162145363560361554111102976.000000 119
0.298781 -0.621760 590078032547740112749158465536.000000 138
0.108328 -0.414177 12990332608634095132433516068864.000000 123
0.141155 -0.577727 -2876175510950888069425203773440.000000 120
0.247982 -0.508533 -1487768573478611713292219973632.000000 139
0.034327 -0.646921 -3203646519331043030354949570560.000000 102
0.164458 -0.730094 1639162145363560361554111102976.000000 119
0.141155 -0.577727 -2876175510950888069425203773440.000000 120
0.108328 -0.414177 12990332608634095132433516068864.000000 123
-0.012254 -0.470791 5579443152624018065054331043840.000000 105
0.141155 -0.577727 -2876175510950888069425203773440.000000 120
-0.072500 -0.716116 6610978290604723968532845428736.000000 83
-0.005837 -0.810471 -3182777401784427653485532545024.000000 101
0.034327 -0.646921 -3203646519331043030354949570560.000000 102
0.282937 -0.737084 -442881975095152691148413206528.000000 127
0.393993 -0.653212 -33356899063858210191223816192.000000 146
0.298781 -0.621760 590078032547740112749158465536.000000 138
-0.005837 -0.810471 -3182777401784427653485532545024.000000 101
0.177179 -0.862891 255465179551030163639153721344.000000 109
0.164458 -0.730094 1639162145363560361554111102976.000000 119
0.187381 -0.982287 -129576395695524291789883179008.000000 90
0.177179 -0.862891 255465179551030163639153721344.000000 109
0.060826 -0.904827 600251466175434471215355396096.000000 91
0.187381 -0.982287 -129576395695524291789883179008.000000 90
0.309017 -0.951057 -71506438103846868698592706560.000000 108
0.177179 -0.862891 255465179551030163639153721344.000000 109
0.409886 -0.779019 79663980558233778958351990784.000000 144
0.393993 -0.653212 -33356899063858210191223816192.000000 146
0.282937 -0.737084 -442881975095152691148413206528.000000 127
0.515708 -0.711863 -6421683785027978153762488320.000000 162
0.637424 -0.770513 7290253756618728238135377920.000000 163
0.658410 -0.623625 -4272686907604116582250315776.000000 179
0.409886 -0.779019 79663980558233778958351990784.000000 144
0.515708 -0.711863 -6421683785027978153762488320.000000 162
0.393993 -0.653212 -33356899063858210191223816192.000000 146
0.409886 -0.779019 79663980558233778958351990784.000000 144
0.535827 -0.844328 -21413995740696752014856552448.000000 145
0.515708 -0.711863 -6421683785027978153762488320.000000 162
0.425779 -0.904827 -26058737824385892371579011072.000000 126
0.409886 -0.779019 79663980558233778958351990784.000000 144
0.295977 -0.844070 38820154114035246792546713600.000000 125
-0.065162 -0.389016 -42374482507507613275154743820288.000000 106
-0.145550 -0.426758 89600360860454041875256207998976.000000 87
-0.115913 -0.510892 -31531661693043879318943340429312.000000 88
-0.272489 -0.433048 85010341911444388087569842176000.000000 67
-0.145550 -0.426758 89600360860454041875256207998976.000000 87
-0.234167 -0.315104 -921297744679940891980451167600640.000000 70
-0.219573 -0.550993 205445064233143298960171219288064.000000 69
-0.378100 -0.527404 -1393332143012837119664210774589440.000000 52
-0.349134 -0.668938 268182860242809638299926676897792.000000 51
-0.072500 -0.716116 6610978290604723968532845428736.000000 83
-0.042377 -0.593453 21090692040598597718109614768128.000000 86
-0.166657 -0.668938 -68839542970490665551378551668736.000000 68
-0.272489 -0.433048 85010341911444388087569842176000.000000 67
-0.378100 -0.527404 -1393332143012837119664210774589440.000000 52
-0.219573 -0.550993 205445064233143298960171219288064.000000 69
0.535827 -0.844328 -21413995740696752014856552448.000000 145
0.409886 -0.779019 79663980558233778958351990784.000000 144
0.425779 -0.904827 -26058737824385892371579011072.000000 126
0.535827 -0.844328 -21413995740696752014856552448.000000 145
0.637424 -0.770513 7290253756618728238135377920.000000 163
0.515708 -0.711863 -6421683785027978153762488320.000000 162
0.409886 -0.779019 79663980558233778958351990784.000000 144
0.282937 -0.737084 -442881975095152691148413206528.000000 127
0.295977 -0.844070 38820154114035246792546713600.000000 125
0.637424 -0.770513 7290253756618728238135377920.000000 163
0.728969 -0.684547 326470818919966676311080960.000000 180
0.658410 -0.623625 -4272686907604116582250315776.000000 179
-0.309017 0.951057 -1268783675121354231719800078336.000000 148
-0.203275 0.856480 -70274821436737186770160975872.000000 149
-0.187381 0.982287 341047879855151067206600622080.000000 165
-0.109200 0.735914 1321710436983082588524888719360.000000 150
-0.219168 0.730672 -2293524242265806288419557474304.000000 134
-0.081324 0.616659 -4642598106407967588880314531840.000000 152
-0.187381 0.982287 341047879855151067206600622080.000000 165
-0.203275 0.856480 -70274821436737186770160975872.000000 149
-0.089651 0.864346 -363997119089292246614378807296.000000 166
-0.219168 0.730672 -2293524242265806288419557474304.000000 134
-0.382682 0.674543 -9860140964260898706324545601536.000000 115
-0.235061 0.604864 20524036673653017519812612456448.000000 132
-0.089651 0.864346 -363997119089292246614378807296.000000 166
-0.109200 0.735914 1321710436983082588524888719360.000000 150
0.000768 0.741156 576570252756487537251412082688.000000 167
-0.253031 -0.747568 -91518674930965818085936633741312.000000 61
-0.166657 -0.668938 -68839542970490665551378551668736.000000 68
-0.349134 -0.668938 268182860242809638299926676897792.000000 51
-0.060826 -0.904827 -2415136295145510780791810949120.000000 82
-0.156928 -0.826197 21885552201332291862607154905088.000000 81
-0.187381 -0.982287 -12341475311031863441909358788608.000000 63
-0.060826 -0.904827 -2415136295145510780791810949120.000000 82
-0.005837 -0.810471 -3182777401784427653485532545024.000000 101
-0.156928 -0.826197 21885552201332291862607154905088.000000 81
-0.232973 -0.888627 20868507313060642457331844513792.000000 62
-0.156928 -0.826197 21885552201332291862607154905088.000000 81
-0.253031 -0.747568 -91518674930965818085936633741312.000000 61
-0.187381 -0.982287 -12341475311031863441909358788608.000000 63
-0.232973 -0.888627 20868507313060642457331844513792.000000 62
-0.309017 -0.951057 23174527494169142330624990773248.000000 47
-0.187381 -0.982287 -12341475311031863441909358788608.000000 63
-0.156928 -0.826197 21885552201332291862607154905088.000000 81
-0.232973 -0.888627 20868507313060642457331844513792.000000 62
-0.062791 -0.998027 2837232532567439486431296225280.000000 71
-0.060826 -0.904827 -2415136295145510780791810949120.000000 82
-0.187381 -0.982287 -12341475311031863441909358788608.000000 63
-0.042377 -0.593453 21090692040598597718109614768128.000000 86
-0.072500 -0.716116 6610978290604723968532845428736.000000 83
0.034327 -0.646921 -3203646519331043030354949570560.000000 102
-0.012254 -0.470791 5579443152624018065054331043840.000000 105
-0.042377 -0.593453 21090692040598597718109614768128.000000 86
0.034327 -0.646921 -3203646519331043030354949570560.000000 102
-0.115913 -0.510892 -31531661693043879318943340429312.000000 88
-0.166657 -0.668938 -68839542970490665551378551668736.000000 68
-0.042377 -0.593453 21090692040598597718109614768128.000000 86
-0.518255 -0.575515 6586258478506618464112297465872384.000000 36
-0.616669 -0.529062 -39082841078247131903829463902715904.000000 25
-0.658410 -0.623625 -1481936123527956109011891014074368.000000 24
-0.433694 -0.622226 -807597315950766857727144364081152.000000 37
-0.518255 -0.575515 6586258478506618464112297465872384.000000 36
-0.534148 -0.701322 -1025189359578442760422181792907264.000000 31
-0.409886 -0.779019 306408149611847989590108313485312.000000 45
-0.433694 -0.622226 -807597315950766857727144364081152.000000 37
-0.534148 -0.701322 -1025189359578442760422181792907264.000000 31
-0.349134 -0.668938 268182860242809638299926676897792.000000 51
-0.378100 -0.527404 -1393332143012837119664210774589440.000000 52
-0.433694 -0.622226 -807597315950766857727144364081152.000000 37
-0.378100 -0.527404 -1393332143012837119664210774589440.000000 52
-0.486789 -0.444362 1800002292809800991726163265060864.000000 38
-0.518255 -0.575515 6586258478506618464112297465872384.000000 36
0.060826 -0.904827 600251466175434471215355396096.000000 91
-0.060826 -0.904827 -2415136295145510780791810949120.000000 82
-0.062791 -0.998027 2837232532567439486431296225280.000000 71
-0.534148 -0.701322 -1025189359578442760422181792907264.000000 31
-0.535827 -0.844328 -110974205221836896248022979051520.000000 30
-0.409886 -0.779019 306408149611847989590108313485312.000000 45
-0.486789 -0.444362 1800002292809800991726163265060864.000000 38
-0.378100 -0.527404 -1393332143012837119664210774589440.000000 52
-0.362206 -0.401597 1852237603269924717303660126666752.000000 53
-0.728969 -0.684547 -11103161493067794613876475245363200.000000 14
-0.637424 -0.770513 2386508178737865341988740899274752.000000 19
-0.658410 -0.623625 -1481936123527956109011891014074368.000000 24
-0.321429 -0.833823 -36245627374437682338240229539840.000000 46
-0.253031 -0.747568 -91518674930965818085936633741312.000000 61
-0.409886 -0.779019 306408149611847989590108313485312.000000 45
-0.346313 -0.275789 3938573333320326241708975532802048.000000 64
-0.362206 -0.401597 1852237603269924717303660126666752.000000 53
-0.234167 -0.315104 -921297744679940891980451167600640.000000 70
-0.195844 -0.197159 -911994960099429739317361249353728.000000 84
-0.346313 -0.275789 3938573333320326241708975532802048.000000 64
-0.234167 -0.315104 -921297744679940891980451167600640.000000 70
-0.658594 0.038247 134067133743776868317070789703630848.000000 29
-0.584401 -0.096754 35313204525546451887974219123785728.000000 35
-0.515073 -0.029496 -35029175122752336783070178853257216.000000 39
-0.330420 -0.149981 1592538308684487757885575989821440.000000 66
-0.441136 -0.097722 -831837084083780779453644267323392.000000 50
-0.469331 -0.217723 -11171635540015205679008152033427456.000000 49
-0.330420 -0.149981 1592538308684487757885575989821440.000000 66
-0.314527 -0.024174 -1534916866222018074518657177747456.000000 65
-0.441136 -0.097722 -831837084083780779453644267323392.000000 50
-0.321429 -0.833823 -36245627374437682338240229539840.000000 46
-0.425779 -0.904827 -74699271716603196405593105498112.000000 32
-0.309017 -0.951057 23174527494169142330624990773248.000000 47
-0.378100 -0.527404 -1393332143012837119664210774589440.000000 52
-0.518255 -0.575515 6586258478506618464112297465872384.000000 36
-0.433694 -0.622226 -807597315950766857727144364081152.000000 37
-0.535827 -0.844328 -110974205221836896248022979051520.000000 30
-0.425779 -0.904827 -74699271716603196405593105498112.000000 32
-0.409886 -0.779019 306408149611847989590108313485312.000000 45
0.298634 0.101634 296732993666260828576595050496.000000 156
0.172130 0.119981 -2514281440490553196284263530496.000000 137
0.196515 -0.037934 1035462210821404543798657155072.000000 140
-0.216863 0.007278 678172934445858793947048037056512.000000 80
-0.157522 -0.079215 10659765860077517770148496277504.000000 85
-0.119199 0.038730 -123158024897572701779625456435200.000000 100
0.198854 -0.161776 877148603872748038384668114944.000000 141
0.210774 -0.256132 -1229482862484634999047688552448.000000 142
0.330420 -0.149981 -207536811565088524836265787392.000000 160
-0.118071 -0.307241 320564989041081803821551714304000.000000 89
-0.195844 -0.197159 -911994960099429739317361249353728.000000 84
-0.234167 -0.315104 -921297744679940891980451167600640.000000 70
0.114121 -0.291515 10565958718828321021271109271552.000000 124
0.235267 -0.407887 -3606233260421572572209794252800.000000 143
0.210774 -0.256132 -1229482862484634999047688552448.000000 142
0.114121 -0.291515 10565958718828321021271109271552.000000 124
0.108328 -0.414177 12990332608634095132433516068864.000000 123
0.235267 -0.407887 -3606233260421572572209794252800.000000 143
0.198854 -0.161776 877148603872748038384668114944.000000 141
0.114121 -0.291515 10565958718828321021271109271552.000000 124
0.210774 -0.256132 -1229482862484634999047688552448.000000 142
0.067288 -0.173570 -10789638010841177825113465159680.000000 121
-0.064278 -0.185365 122142790952386171528829149904896.000000 103
-0.001975 -0.299378 -61421761464152236944011575689216.000000 107
-0.012254 -0.470791 5579443152624018065054331043840.000000 105
0.034327 -0.646921 -3203646519331043030354949570560.000000 102
0.141155 -0.577727 -2876175510950888069425203773440.000000 120
-0.064278 -0.185365 122142790952386171528829149904896.000000 103
-0.035536 -0.096906 4783891479320650850622075043840.000000 104
-0.157522 -0.079215 10659765860077517770148496277504.000000 85
-0.001975 -0.299378 -61421761464152236944011575689216.000000 107
-0.064278 -0.185365 122142790952386171528829149904896.000000 103
-0.118071 -0.307241 320564989041081803821551714304000.000000 89
0.067288 -0.173570 -10789638010841177825113465159680.000000 121
-0.035536 -0.096906 4783891479320650850622075043840.000000 104
-0.064278 -0.185365 122142790952386171528829149904896.000000 103
-0.330420 -0.149981 1592538308684487757885575989821440.000000 66
-0.195844 -0.197159 -911994960099429739317361249353728.000000 84
-0.157522 -0.079215 10659765860077517770148496277504.000000 85
-0.330420 -0.149981 1592538308684487757885575989821440.000000 66
-0.346313 -0.275789 3938573333320326241708975532802048.000000 64
-0.195844 -0.197159 -911994960099429739317361249353728.000000 84
-0.658594 0.038247 134067133743776868317070789703630848.000000 29
-0.576964 0.099699 -21217705900717762725285733035147264.000000 44
-0.708183 0.161636 48557434378565836617029358683422720.000000 28
-0.838383 -0.043527 2230436884266874797327619119197978624.000000 12
-0.715365 -0.101593 -413510410821562661505061008382623744.000000 23
-0.773283 0.059054 -343938287379148726195776105417277440.000000 18
-0.584401 -0.096754 35313204525546451887974219123785728.000000 35
-0.469331 -0.217723 -11171635540015205679008152033427456.000000 49
-0.441136 -0.097722 -831837084083780779453644267323392.000000 50
-0.715365 -0.101593 -413510410821562661505061008382623744.000000 23
-0.584401 -0.096754 35313204525546451887974219123785728.000000 35
-0.658594 0.038247 134067133743776868317070789703630848.000000 29
-0.773283 0.059054 -343938287379148726195776105417277440.000000 18
-0.715365 -0.101593 -413510410821562661505061008382623744.000000 23
-0.658594 0.038247 134067133743776868317070789703630848.000000 29
-0.680615 -0.197981 52802150289492061550051660104990720.000000 22
-0.569181 -0.223917 46498628518951859910850163802898432.000000 34
-0.584401 -0.096754 35313204525546451887974219123785728.000000 35
-0.792049 -0.172045 479148653816610288088717906367479808.000000 13
-0.680615 -0.197981 52802150289492061550051660104990720.000000 22
-0.715365 -0.101593 -413510410821562661505061008382623744.000000 23
-0.792049 -0.172045 479148653816610288088717906367479808.000000 13
-0.847640 -0.274036 1992727469157303899918473242173505536.000000 11
-0.680489 -0.312940 -398873208484359104082356065160658944.000000 21
-0.715365 -0.101593 -413510410821562661505061008382623744.000000 23
-0.680615 -0.197981 52802150289492061550051660104990720.000000 22
-0.584401 -0.096754 35313204525546451887974219123785728.000000 35
-0.838383 -0.043527 2230436884266874797327619119197978624.000000 12
-0.792049 -0.172045 479148653816610288088717906367479808.000000 13
-0.715365 -0.101593 -413510410821562661505061008382623744.000000 23
-0.314527 -0.024174 -1534916866222018074518657177747456.000000 65
-0.298634 0.101634 -1851683926378640840209311144607744.000000 73
-0.445745 0.037763 8382035882165151356290815336906752.000000 54
-0.680489 -0.312940 -398873208484359104082356065160658944.000000 21
-0.592925 -0.376490 35856106441042336646998303149391872.000000 33
-0.569181 -0.223917 46498628518951859910850163802898432.000000 34
-0.569181 -0.223917 46498628518951859910850163802898432.000000 34
-0.592925 -0.376490 35856106441042336646998303149391872.000000 33
-0.443723 -0.339315 -16476968334241354770801389492764672.000000 48
-0.658410 -0.623625 -1481936123527956109011891014074368.000000 24
-0.616669 -0.529062 -39082841078247131903829463902715904.000000 25
-0.735953 -0.529892 50918601855771630962534871656824832.000000 15
-0.658410 -0.623625 -1481936123527956109011891014074368.000000 24
-0.534148 -0.701322 -1025189359578442760422181792907264.000000 31
-0.518255 -0.575515 6586258478506618464112297465872384.000000 36
-0.443723 -0.339315 -16476968334241354770801389492764672.000000 48
-0.469331 -0.217723 -11171635540015205679008152033427456.000000 49
-0.569181 -0.223917 46498628518951859910850163802898432.000000 34
-0.362206 -0.401597 1852237603269924717303660126666752.000000 53
-0.443723 -0.339315 -16476968334241354770801389492764672.000000 48
-0.486789 -0.444362 1800002292809800991726163265060864.000000 38
-0.362206 -0.401597 1852237603269924717303660126666752.000000 53
-0.346313 -0.275789 3938573333320326241708975532802048.000000 64
-0.443723 -0.339315 -16476968334241354770801389492764672.000000 48
0.247982 -0.508533 -1487768573478611713292219973632.000000 139
0.141155 -0.577727 -2876175510950888069425203773440.000000 120
0.298781 -0.621760 590078032547740112749158465536.000000 138
-0.156928 -0.826197 21885552201332291862607154905088.000000 81
-0.072500 -0.716116 6610978290604723968532845428736.000000 83
-0.166657 -0.668938 -68839542970490665551378551668736.000000 68
0.164458 -0.730094 1639162145363560361554111102976.000000 119
0.177179 -0.862891 255465179551030163639153721344.000000 109
0.282937 -0.737084 -442881975095152691148413206528.000000 127
0.298781 -0.621760 590078032547740112749158465536.000000 138
0.164458 -0.730094 1639162145363560361554111102976.000000 119
0.282937 -0.737084 -442881975095152691148413206528.000000 127
0.034327 -0.646921 -3203646519331043030354949570560.000000 102
-0.005837 -0.810471 -3182777401784427653485532545024.000000 101
0.164458 -0.730094 1639162145363560361554111102976.000000 119
0.108328 -0.414177 12990332608634095132433516068864.000000 123
0.247982 -0.508533 -1487768573478611713292219973632.000000 139
0.235267 -0.407887 -3606233260421572572209794252800.000000 143
-0.115913 -0.510892 -31531661693043879318943340429312.000000 88
-0.012254 -0.470791 5579443152624018065054331043840.000000 105
-0.065162 -0.389016 -42374482507507613275154743820288.000000 106
-0.219573 -0.550993 205445064233143298960171219288064.000000 69
-0.115913 -0.510892 -31531661693043879318943340429312.000000 88
-0.145550 -0.426758 89600360860454041875256207998976.000000 87
-0.219573 -0.550993 205445064233143298960171219288064.000000 69
-0.166657 -0.668938 -68839542970490665551378551668736.000000 68
-0.115913 -0.510892 -31531661693043879318943340429312.000000 88
-0.115913 -0.510892 -31531661693043879318943340429312.000000 88
-0.042377 -0.593453 21090692040598597718109614768128.000000 86
-0.012254 -0.470791 5579443152624018065054331043840.000000 105
0.378100 -0.527404 50240863429222765706164043776.000000 158
0.362206 -0.401597 781375734543880262090091397120.000000 159
0.247982 -0.508533 -1487768573478611713292219973632.000000 139
