-0.903483 -0.146108 -25339914.006647 5
-0.992115 -0.125333 224724878.567545 1
-0.968583 -0.248690 -25754075.255606 2
-0.929776 -0.368125 2050044.754853 3
-0.847640 -0.274036 7322530.250720 11
-0.968583 -0.248690 -25754075.255606 2
-0.838383 -0.043527 8196023.760428 12
-1.000000 -0.000000 -19451506.546495 4
-0.903483 -0.146108 -25339914.006647 5
-0.791796 -0.401964 -1561905.149380 10
-0.876307 -0.481754 165414.037904 6
-0.735953 -0.529892 187107.043767 15
-0.664439 -0.453191 707615.527336 20
-0.592925 -0.376490 131758.321425 33
-0.680489 -0.312940 -1465709.798951 21
-0.616669 -0.529062 -143614.520945 25
-0.664439 -0.453191 707615.527336 20
-0.735953 -0.529892 187107.043767 15
-0.616669 -0.529062 -143614.520945 25
-0.592925 -0.376490 131758.321425 33
-0.664439 -0.453191 707615.527336 20
-0.847640 -0.274036 7322530.250720 11
-0.929776 -0.368125 2050044.754853 3
-0.791796 -0.401964 -1561905.149380 10
-0.577982 0.366799 6665.147227 58
-0.479568 0.320346 -3471.611966 75
-0.512882 0.469380 -1278.145790 77
-0.381154 0.273894 -3639.406240 78
-0.528266 0.210023 15346.898469 59
-0.413450 0.155828 7517.523083 60
-0.389865 0.411315 1153.843845 95
-0.479568 0.320346 -3471.611966 75
-0.381154 0.273894 -3639.406240 78
-0.250954 0.479057 -240.501487 114
-0.389865 0.411315 1153.843845 95
-0.266847 0.353249 418.954967 98
-0.349368 0.525509 -231.544414 113
-0.447782 0.571962 316.338131 97
-0.389865 0.411315 1153.843845 95
-0.577982 0.366799 6665.147227 58
-0.528266 0.210023 15346.898469 59
-0.479568 0.320346 -3471.611966 75
-0.080876 0.156675 -29.493415 110
-0.042554 0.274619 57.683837 117
-0.162647 0.251030 -262.543235 99
-0.189755 0.129154 844.262409 93
-0.080876 0.156675 -29.493415 110
-0.162647 0.251030 -262.543235 99
-0.282741 0.227442 295.092415 79
-0.189755 0.129154 844.262409 93
-0.162647 0.251030 -262.543235 99
-0.298634 0.101634 -6803.347154 73
-0.216863 0.007278 2492.985453 80
-0.189755 0.129154 844.262409 93
0.198854 -0.161776 4.157480 141
0.078503 -0.051694 -7.876716 122
0.067288 -0.173570 -38.682549 121
0.125317 0.034143 -18.178927 128
0.020079 0.059698 88.777331 118
0.078503 -0.051694 -7.876716 122
0.196515 -0.037934 4.764880 140
0.125317 0.034143 -18.178927 128
0.078503 -0.051694 -7.876716 122
0.172130 0.119981 -8.283071 137
0.020079 0.059698 88.777331 118
0.125317 0.034143 -18.178927 128
0.282741 0.227442 1.390214 155
0.172130 0.119981 -8.283071 137
0.298634 0.101634 1.990872 156
0.282741 0.227442 1.390214 155
0.163714 0.327039 -0.294733 153
0.167922 0.223510 7.968646 147
-0.080876 0.156675 -29.493415 110
-0.119199 0.038730 -451.575505 100
0.020079 0.059698 88.777331 118
-0.838383 -0.043527 8196023.760428 12
-0.915249 0.040903 1405189.736405 9
-1.000000 -0.000000 -19451506.546495 4
-0.903483 -0.146108 -25339914.006647 5
-1.000000 -0.000000 -19451506.546495 4
-0.992115 -0.125333 224724878.567545 1
-0.362206 -0.401597 6806.989725 53
-0.378100 -0.527404 -5119.396945 52
-0.272489 -0.433048 313.119511 67
-0.847640 -0.274036 7322530.250720 11
-0.903483 -0.146108 -25339914.006647 5
-0.968583 -0.248690 -25754075.255606 2
-0.847640 -0.274036 7322530.250720 11
-0.792049 -0.172045 1760692.895135 13
-0.903483 -0.146108 -25339914.006647 5
-0.876307 -0.481754 165414.037904 6
-0.791796 -0.401964 -1561905.149380 10
-0.929776 -0.368125 2050044.754853 3
-0.664439 -0.453191 707615.527336 20
-0.791796 -0.401964 -1561905.149380 10
-0.735953 -0.529892 187107.043767 15
-0.680615 -0.197981 194028.701565 22
-0.680489 -0.312940 -1465709.798951 21
-0.569181 -0.223917 170865.738971 34
-0.680615 -0.197981 194028.701565 22
-0.792049 -0.172045 1760692.895135 13
-0.680489 -0.312940 -1465709.798951 21
-0.515073 -0.029496 -128718.416799 39
-0.441136 -0.097722 -3055.895110 50
-0.445745 0.037763 30801.654758 54
-0.330420 -0.149981 5852.852502 66
-0.469331 -0.217723 -41050.860606 49
-0.346313 -0.275789 14473.591687 64
-0.838383 -0.043527 8196023.760428 12
-0.903483 -0.146108 -25339914.006647 5
-0.792049 -0.172045 1760692.895135 13
-0.735953 -0.529892 187107.043767 15
-0.809017 -0.587785 -124571.447605 7
-0.728969 -0.684547 -40799.976353 14
-0.346313 -0.275789 14473.591687 64
-0.469331 -0.217723 -41050.860606 49
-0.443723 -0.339315 -60546.023772 48
-0.876307 -0.481754 165414.037904 6
-0.809017 -0.587785 -124571.447605 7
-0.735953 -0.529892 187107.043767 15
-0.309017 0.951057 -4.662307 148
-0.317582 0.777124 9.461746 131
-0.203275 0.856480 -0.033112 149
-0.915249 0.040903 1405189.736405 9
-0.992115 0.125333 1902948.704574 8
-1.000000 -0.000000 -19451506.546495 4
-0.773283 0.059054 -1263844.498311 18
-0.915249 0.040903 1405189.736405 9
-0.838383 -0.043527 8196023.760428 12
-0.773283 0.059054 -1263844.498311 18
-0.838383 0.205163 -380012.680374 17
-0.915249 0.040903 1405189.736405 9
-0.317582 0.777124 9.461746 131
-0.309017 0.951057 -4.662307 148
-0.425779 0.904827 6.753121 130
-0.447782 0.737755 -24.245695 112
-0.425779 0.904827 6.753121 130
-0.535827 0.844328 -7.795108 111
-0.992115 0.125333 1902948.704574 8
-0.915249 0.040903 1405189.736405 9
-0.838383 0.205163 -380012.680374 17
-0.382682 0.674543 -35.833793 115
-0.447782 0.571962 316.338131 97
-0.349368 0.525509 -231.544414 113
-0.425779 0.904827 6.753121 130
-0.447782 0.737755 -24.245695 112
-0.317582 0.777124 9.461746 131
-0.382682 0.674543 -35.833793 115
-0.349368 0.525509 -231.544414 113
-0.235061 0.604864 75.997064 132
-0.816683 0.308437 78880.837224 27
-0.968583 0.248690 -246483.063348 16
-0.838383 0.205163 -380012.680374 17
-0.816683 0.308437 78880.837224 27
-0.929776 0.368125 24186.771362 26
-0.968583 0.248690 -246483.063348 16
-0.708183 0.161636 178430.928906 28
-0.816683 0.308437 78880.837224 27
-0.838383 0.205163 -380012.680374 17
-0.794983 0.411712 -14146.341721 41
-0.929776 0.368125 24186.771362 26
-0.816683 0.308437 78880.837224 27
-0.314527 -0.024174 -5639.346380 65
-0.330420 -0.149981 5852.852502 66
-0.157522 -0.079215 40.139575 85
-0.080876 0.156675 -29.493415 110
-0.189755 0.129154 844.262409 93
-0.119199 0.038730 -451.575505 100
-0.576964 0.099699 -77966.496557 44
-0.528266 0.210023 15346.898469 59
-0.643082 0.264217 -17073.903445 43
-0.773283 0.059054 -1263844.498311 18
-0.658594 0.038247 492647.266354 29
-0.708183 0.161636 178430.928906 28
-0.445745 0.037763 30801.654758 54
-0.413450 0.155828 7517.523083 60
-0.576964 0.099699 -77966.496557 44
-0.216863 0.007278 2492.985453 80
-0.298634 0.101634 -6803.347154 73
-0.314527 -0.024174 -5639.346380 65
-0.157522 -0.079215 40.139575 85
-0.216863 0.007278 2492.985453 80
-0.314527 -0.024174 -5639.346380 65
-0.119199 0.038730 -451.575505 100
-0.189755 0.129154 844.262409 93
-0.216863 0.007278 2492.985453 80
-0.576964 0.099699 -77966.496557 44
-0.643082 0.264217 -17073.903445 43
-0.708183 0.161636 178430.928906 28
-0.413450 0.155828 7517.523083 60
-0.528266 0.210023 15346.898469 59
-0.576964 0.099699 -77966.496557 44
-0.298634 0.101634 -6803.347154 73
-0.413450 0.155828 7517.523083 60
-0.445745 0.037763 30801.654758 54
-0.298634 0.101634 -6803.347154 73
-0.282741 0.227442 295.092415 79
-0.413450 0.155828 7517.523083 60
-0.381154 0.273894 -3639.406240 78
-0.266847 0.353249 418.954967 98
-0.389865 0.411315 1153.843845 95
-0.381154 0.273894 -3639.406240 78
-0.282741 0.227442 295.092415 79
-0.266847 0.353249 418.954967 98
-0.528266 0.210023 15346.898469 59
-0.381154 0.273894 -3639.406240 78
-0.479568 0.320346 -3471.611966 75
-0.413450 0.155828 7517.523083 60
-0.282741 0.227442 295.092415 79
-0.381154 0.273894 -3639.406240 78
-0.577982 0.366799 6665.147227 58
-0.643082 0.264217 -17073.903445 43
-0.528266 0.210023 15346.898469 59
-0.577982 0.366799 6665.147227 58
-0.610532 0.481301 7332.396199 57
-0.719033 0.337964 -38269.143316 42
-0.621382 0.574733 -1356.259844 76
-0.708183 0.493222 8489.466851 56
-0.610532 0.481301 7332.396199 57
-0.719033 0.337964 -38269.143316 42
-0.816683 0.308437 78880.837224 27
-0.708183 0.161636 178430.928906 28
-0.577982 0.366799 6665.147227 58
-0.719033 0.337964 -38269.143316 42
-0.643082 0.264217 -17073.903445 43
-0.794983 0.411712 -14146.341721 41
-0.816683 0.308437 78880.837224 27
-0.719033 0.337964 -38269.143316 42
-0.708183 0.493222 8489.466851 56
-0.794983 0.411712 -14146.341721 41
-0.719033 0.337964 -38269.143316 42
-0.610532 0.481301 7332.396199 57
-0.708183 0.493222 8489.466851 56
-0.719033 0.337964 -38269.143316 42
-0.512882 0.469380 -1278.145790 77
-0.610532 0.481301 7332.396199 57
-0.577982 0.366799 6665.147227 58
-0.512882 0.469380 -1278.145790 77
-0.621382 0.574733 -1356.259844 76
-0.610532 0.481301 7332.396199 57
-0.621382 0.574733 -1356.259844 76
-0.809017 0.587785 -2112.855879 55
-0.708183 0.493222 8489.466851 56
-0.876307 0.481754 -1955.979318 40
-0.929776 0.368125 24186.771362 26
-0.794983 0.411712 -14146.341721 41
-0.445745 0.037763 30801.654758 54
-0.441136 -0.097722 -3055.895110 50
-0.314527 -0.024174 -5639.346380 65
-0.838383 0.205163 -380012.680374 17
-0.773283 0.059054 -1263844.498311 18
-0.708183 0.161636 178430.928906 28
-0.643082 0.264217 -17073.903445 43
-0.719033 0.337964 -38269.143316 42
-0.708183 0.161636 178430.928906 28
-0.968583 0.248690 -246483.063348 16
-0.992115 0.125333 1902948.704574 8
-0.838383 0.205163 -380012.680374 17
-0.515073 -0.029496 -128718.416799 39
-0.576964 0.099699 -77966.496557 44
-0.658594 0.038247 492647.266354 29
-0.441136 -0.097722 -3055.895110 50
-0.515073 -0.029496 -128718.416799 39
-0.584401 -0.096754 129763.501837 35
-0.445745 0.037763 30801.654758 54
-0.576964 0.099699 -77966.496557 44
-0.515073 -0.029496 -128718.416799 39
-0.794983 0.411712 -14146.341721 41
-0.708183 0.493222 8489.466851 56
-0.876307 0.481754 -1955.979318 40
-0.447782 0.571962 316.338131 97
-0.534582 0.656244 155.256940 96
-0.621382 0.574733 -1356.259844 76
-0.389865 0.411315 1153.843845 95
-0.447782 0.571962 316.338131 97
-0.512882 0.469380 -1278.145790 77
-0.479568 0.320346 -3471.611966 75
-0.389865 0.411315 1153.843845 95
-0.512882 0.469380 -1278.145790 77
-0.250954 0.479057 -240.501487 114
-0.235061 0.604864 75.997064 132
-0.349368 0.525509 -231.544414 113
-0.382682 0.674543 -35.833793 115
-0.534582 0.656244 155.256940 96
-0.447782 0.571962 316.338131 97
-0.728969 0.684547 1045.578013 74
-0.809017 0.587785 -2112.855879 55
-0.621382 0.574733 -1356.259844 76
-0.447782 0.737755 -24.245695 112
-0.382682 0.674543 -35.833793 115
-0.317582 0.777124 9.461746 131
-0.534582 0.656244 155.256940 96
-0.447782 0.737755 -24.245695 112
-0.535827 0.844328 -7.795108 111
-0.534582 0.656244 155.256940 96
-0.382682 0.674543 -35.833793 115
-0.447782 0.737755 -24.245695 112
-0.728969 0.684547 1045.578013 74
-0.631775 0.670396 83.525992 92
-0.637424 0.770513 -208.058880 94
-0.621382 0.574733 -1356.259844 76
-0.512882 0.469380 -1278.145790 77
-0.447782 0.571962 316.338131 97
-0.631775 0.670396 83.525992 92
-0.534582 0.656244 155.256940 96
-0.637424 0.770513 -208.058880 94
-0.621382 0.574733 -1356.259844 76
-0.631775 0.670396 83.525992 92
-0.728969 0.684547 1045.578013 74
-0.621382 0.574733 -1356.259844 76
-0.534582 0.656244 155.256940 96
-0.631775 0.670396 83.525992 92
0.794983 0.411712 0.197684 236
0.929776 0.368125 -0.000809 237
0.876307 0.481754 0.001760 242
0.708183 0.493222 0.252756 238
0.794983 0.411712 0.197684 236
0.876307 0.481754 0.001760 242
0.610532 0.481301 0.399799 223
0.577982 0.366799 0.524251 208
0.719033 0.337964 0.371398 222
0.349368 0.525509 0.733745 189
0.512882 0.469380 0.489048 207
0.447782 0.571962 0.433313 205
0.349368 0.525509 0.733745 189
0.422415 0.360024 0.723331 190
0.512882 0.469380 0.489048 207
0.445745 0.037763 0.760752 170
0.314527 -0.024174 0.039747 157
0.441136 -0.097722 1.151530 175
0.643082 0.264217 0.503115 206
0.522968 0.251959 0.698600 191
0.571666 0.141635 0.707197 188
0.794983 0.245918 0.310340 220
0.719033 0.337964 0.371398 222
0.643082 0.264217 0.503115 206
0.870933 0.153872 0.219119 219
0.794983 0.245918 0.310340 220
0.708183 0.161636 0.462894 204
0.870933 0.153872 0.219119 219
0.968583 0.248690 -0.001187 230
0.794983 0.245918 0.310340 220
0.577982 0.366799 0.524251 208
0.422415 0.360024 0.723331 190
0.522968 0.251959 0.698600 191
0.040329 0.180264 -17.594408 129
0.167922 0.223510 7.968646 147
0.060580 0.300829 -3.653426 136
0.794983 0.245918 0.310340 220
0.643082 0.264217 0.503115 206
0.708183 0.161636 0.462894 204
0.708183 0.493222 0.252756 238
0.719033 0.337964 0.371398 222
0.794983 0.411712 0.197684 236
0.577982 0.366799 0.524251 208
0.643082 0.264217 0.503115 206
0.719033 0.337964 0.371398 222
0.915249 0.040903 0.160445 228
0.773283 0.059054 0.399230 215
0.838383 -0.043527 0.292933 225
1.000000 -0.000000 0.001554 240
0.915249 0.040903 0.160445 228
0.838383 -0.043527 0.292933 225
0.992115 0.125333 -0.000402 233
0.968583 0.248690 -0.001187 230
0.870933 0.153872 0.219119 219
0.794983 0.245918 0.310340 220
0.929776 0.368125 -0.000809 237
0.794983 0.411712 0.197684 236
0.062791 0.998027 -0.038868 198
0.023973 0.872212 0.226496 184
0.187381 0.982287 -0.053907 199
0.425779 0.904827 0.008969 216
0.309017 0.951057 -0.083988 214
0.360982 0.819266 0.235172 203
0.309017 0.951057 -0.083988 214
0.203275 0.856480 0.443469 200
0.360982 0.819266 0.235172 203
0.382682 0.674543 0.505976 202
0.447782 0.737755 0.229071 218
0.360982 0.819266 0.235172 203
0.512882 0.469380 0.489048 207
0.621382 0.574733 0.295011 221
0.447782 0.571962 0.433313 205
0.719033 0.337964 0.371398 222
0.708183 0.493222 0.252756 238
0.610532 0.481301 0.399799 223
0.809017 0.587785 -0.002702 235
0.728969 0.684547 -0.003695 234
0.621382 0.574733 0.295011 221
0.621382 0.574733 0.295011 221
0.534582 0.656244 0.275569 217
0.447782 0.571962 0.433313 205
0.809017 0.587785 -0.002702 235
0.621382 0.574733 0.295011 221
0.708183 0.493222 0.252756 238
0.631775 0.670396 0.151267 229
0.534582 0.656244 0.275569 217
0.621382 0.574733 0.295011 221
0.728969 0.684547 -0.003695 234
0.631775 0.670396 0.151267 229
0.621382 0.574733 0.295011 221
0.728969 0.684547 -0.003695 234
0.637424 0.770513 0.001170 231
0.631775 0.670396 0.151267 229
0.447782 0.737755 0.229071 218
0.425779 0.904827 0.008969 216
0.360982 0.819266 0.235172 203
0.794983 0.245918 0.310340 220
0.794983 0.411712 0.197684 236
0.719033 0.337964 0.371398 222
0.610532 0.481301 0.399799 223
0.621382 0.574733 0.295011 221
0.512882 0.469380 0.489048 207
0.577982 0.366799 0.524251 208
0.610532 0.481301 0.399799 223
0.512882 0.469380 0.489048 207
0.708183 0.493222 0.252756 238
0.621382 0.574733 0.295011 221
0.610532 0.481301 0.399799 223
0.637424 0.770513 0.001170 231
0.534582 0.656244 0.275569 217
0.631775 0.670396 0.151267 229
0.637424 0.770513 0.001170 231
0.535827 0.844328 0.009345 232
0.534582 0.656244 0.275569 217
0.235061 0.604864 0.288688 186
0.219168 0.730672 0.035554 187
0.072414 0.628453 3.753083 169
0.447782 0.737755 0.229071 218
0.535827 0.844328 0.009345 232
0.425779 0.904827 0.008969 216
0.534582 0.656244 0.275569 217
0.447782 0.737755 0.229071 218
0.382682 0.674543 0.505976 202
0.534582 0.656244 0.275569 217
0.535827 0.844328 0.009345 232
0.447782 0.737755 0.229071 218
-0.135539 0.372907 2.222787 116
-0.250954 0.479057 -240.501487 114
-0.266847 0.353249 418.954967 98
0.060580 0.300829 -3.653426 136
-0.004231 0.392564 -13.730107 135
-0.042554 0.274619 57.683837 117
0.040329 0.180264 -17.594408 129
0.060580 0.300829 -3.653426 136
-0.042554 0.274619 57.683837 117
0.163714 0.327039 -0.294733 153
0.123361 0.435810 4.115343 154
0.060580 0.300829 -3.653426 136
-0.080876 0.156675 -29.493415 110
0.020079 0.059698 88.777331 118
0.040329 0.180264 -17.594408 129
0.266847 0.353249 0.465700 172
0.250954 0.479057 0.240916 171
0.123361 0.435810 4.115343 154
-0.108431 0.494783 33.656708 133
-0.250954 0.479057 -240.501487 114
-0.135539 0.372907 2.222787 116
-0.004231 0.392564 -13.730107 135
-0.108431 0.494783 33.656708 133
-0.135539 0.372907 2.222787 116
0.034091 0.510509 -0.546717 151
0.072414 0.628453 3.753083 169
-0.081324 0.616659 -16.446698 152
0.034091 0.510509 -0.546717 151
0.123361 0.435810 4.115343 154
0.134576 0.557687 -0.193957 168
0.381154 0.273894 0.787313 173
0.266847 0.353249 0.465700 172
0.282741 0.227442 1.390214 155
0.413450 0.155828 0.539970 174
0.445745 0.037763 0.760752 170
0.571666 0.141635 0.707197 188
0.282741 0.227442 1.390214 155
0.413450 0.155828 0.539970 174
0.381154 0.273894 0.787313 173
0.298634 0.101634 1.990872 156
0.445745 0.037763 0.760752 170
0.413450 0.155828 0.539970 174
0.577982 0.366799 0.524251 208
0.512882 0.469380 0.489048 207
0.422415 0.360024 0.723331 190
0.134576 0.557687 -0.193957 168
0.235061 0.604864 0.288688 186
0.072414 0.628453 3.753083 169
0.034091 0.510509 -0.546717 151
0.134576 0.557687 -0.193957 168
0.072414 0.628453 3.753083 169
0.123361 0.435810 4.115343 154
0.250954 0.479057 0.240916 171
0.134576 0.557687 -0.193957 168
0.422415 0.360024 0.723331 190
0.349368 0.525509 0.733745 189
0.266847 0.353249 0.465700 172
0.349368 0.525509 0.733745 189
0.235061 0.604864 0.288688 186
0.250954 0.479057 0.240916 171
0.266847 0.353249 0.465700 172
0.349368 0.525509 0.733745 189
0.250954 0.479057 0.240916 171
0.447782 0.571962 0.433313 205
0.382682 0.674543 0.505976 202
0.349368 0.525509 0.733745 189
0.023973 0.872212 0.226496 184
0.062791 0.998027 -0.038868 198
-0.062791 0.998027 0.238155 182
-0.089651 0.864346 -1.092685 166
0.023973 0.872212 0.226496 184
-0.062791 0.998027 0.238155 182
-0.187381 0.982287 1.253224 165
-0.089651 0.864346 -1.092685 166
-0.062791 0.998027 0.238155 182
-0.203275 0.856480 -0.033112 149
-0.109200 0.735914 5.303299 150
-0.089651 0.864346 -1.092685 166
0.000768 0.741156 2.569368 167
0.110736 0.746398 -0.480245 183
0.023973 0.872212 0.226496 184
0.219168 0.730672 0.035554 187
0.110736 0.746398 -0.480245 183
0.072414 0.628453 3.753083 169
0.203275 0.856480 0.443469 200
0.187381 0.982287 -0.053907 199
0.023973 0.872212 0.226496 184
0.187381 0.982287 -0.053907 199
0.203275 0.856480 0.443469 200
0.309017 0.951057 -0.083988 214
-0.235061 0.604864 75.997064 132
-0.250954 0.479057 -240.501487 114
-0.108431 0.494783 33.656708 133
-0.109200 0.735914 5.303299 150
-0.203275 0.856480 -0.033112 149
-0.219168 0.730672 -8.009762 134
0.072414 0.628453 3.753083 169
0.000768 0.741156 2.569368 167
-0.081324 0.616659 -16.446698 152
0.000768 0.741156 2.569368 167
0.023973 0.872212 0.226496 184
-0.089651 0.864346 -1.092685 166
-0.219168 0.730672 -8.009762 134
-0.317582 0.777124 9.461746 131
-0.382682 0.674543 -35.833793 115
-0.108431 0.494783 33.656708 133
-0.081324 0.616659 -16.446698 152
-0.235061 0.604864 75.997064 132
-0.203275 0.856480 -0.033112 149
-0.317582 0.777124 9.461746 131
-0.219168 0.730672 -8.009762 134
0.809017 0.587785 -0.002702 235
0.708183 0.493222 0.252756 238
0.876307 0.481754 0.001760 242
0.469331 -0.217723 0.331619 178
0.443723 -0.339315 -0.135420 177
0.569181 -0.223917 0.797139 195
0.992115 -0.125333 0.001201 243
0.903483 -0.146108 0.159230 239
0.968583 -0.248690 -0.000116 241
0.992115 -0.125333 0.001201 243
1.000000 -0.000000 0.001554 240
0.903483 -0.146108 0.159230 239
-0.616669 -0.529062 -143614.520945 25
-0.518255 -0.575515 24202.443041 36
-0.486789 -0.444362 6614.902499 38
-0.728969 -0.684547 -40799.976353 14
-0.658410 -0.623625 -5445.384816 24
-0.735953 -0.529892 187107.043767 15
-0.433694 -0.622226 -2967.194111 37
-0.409886 -0.779019 1126.160764 45
-0.349134 -0.668938 985.902591 51
-0.637424 -0.770513 8769.527249 19
-0.534148 -0.701322 -3766.965607 31
-0.658410 -0.623625 -5445.384816 24
-0.637424 -0.770513 8769.527249 19
-0.535827 -0.844328 -407.788804 30
-0.534148 -0.701322 -3766.965607 31
0.664439 -0.453191 0.322643 197
0.736206 -0.299972 0.309428 212
0.592925 -0.376490 0.681061 194
0.736206 -0.299972 0.309428 212
0.792049 -0.172045 0.356544 224
0.680615 -0.197981 0.471832 209
0.929776 -0.368125 -0.006897 226
0.847640 -0.274036 0.212446 227
0.791796 -0.401964 0.227528 213
0.929776 -0.368125 -0.006897 226
0.968583 -0.248690 -0.000116 241
0.847640 -0.274036 0.212446 227
0.715365 -0.101593 0.480593 210
0.584401 -0.096754 0.640648 192
0.680615 -0.197981 0.471832 209
0.773283 0.059054 0.399230 215
0.715365 -0.101593 0.480593 210
0.838383 -0.043527 0.292933 225
0.662567 0.006795 0.564961 201
0.708183 0.161636 0.462894 204
0.571666 0.141635 0.707197 188
-0.592925 -0.376490 131758.321425 33
-0.486789 -0.444362 6614.902499 38
-0.443723 -0.339315 -60546.023772 48
-0.791796 -0.401964 -1561905.149380 10
-0.664439 -0.453191 707615.527336 20
-0.680489 -0.312940 -1465709.798951 21
-0.616669 -0.529062 -143614.520945 25
-0.486789 -0.444362 6614.902499 38
-0.592925 -0.376490 131758.321425 33
-0.584401 -0.096754 129763.501837 35
-0.569181 -0.223917 170865.738971 34
-0.469331 -0.217723 -41050.860606 49
-0.680489 -0.312940 -1465709.798951 21
-0.847640 -0.274036 7322530.250720 11
-0.791796 -0.401964 -1561905.149380 10
-0.035536 -0.096906 18.568363 104
-0.119199 0.038730 -451.575505 100
-0.157522 -0.079215 40.139575 85
-0.195844 -0.197159 -3350.318477 84
-0.064278 -0.185365 449.790699 103
-0.157522 -0.079215 40.139575 85
0.196515 -0.037934 4.764880 140
0.314527 -0.024174 0.039747 157
0.298634 0.101634 1.990872 156
0.125317 0.034143 -18.178927 128
0.196515 -0.037934 4.764880 140
0.172130 0.119981 -8.283071 137
-0.035536 -0.096906 18.568363 104
0.078503 -0.051694 -7.876716 122
0.020079 0.059698 88.777331 118
-0.035536 -0.096906 18.568363 104
0.067288 -0.173570 -38.682549 121
0.078503 -0.051694 -7.876716 122
0.198854 -0.161776 4.157480 141
0.330420 -0.149981 0.105708 160
0.196515 -0.037934 4.764880 140
0.078503 -0.051694 -7.876716 122
0.198854 -0.161776 4.157480 141
0.196515 -0.037934 4.764880 140
-0.001975 -0.299378 -224.791690 107
0.114121 -0.291515 39.727952 124
0.067288 -0.173570 -38.682549 121
-0.065162 -0.389016 -154.865994 106
-0.001975 -0.299378 -224.791690 107
-0.118071 -0.307241 1178.848407 89
-0.145550 -0.426758 330.044593 87
-0.065162 -0.389016 -154.865994 106
-0.118071 -0.307241 1178.848407 89
-0.012254 -0.470791 21.280578 105
0.108328 -0.414177 48.551348 123
-0.065162 -0.389016 -154.865994 106
-0.065162 -0.389016 -154.865994 106
0.108328 -0.414177 48.551348 123
-0.001975 -0.299378 -224.791690 107
0.441136 -0.097722 1.151530 175
0.314527 -0.024174 0.039747 157
0.330420 -0.149981 0.105708 160
-0.035536 -0.096906 18.568363 104
0.020079 0.059698 88.777331 118
-0.119199 0.038730 -451.575505 100
0.522968 0.251959 0.698600 191
0.643082 0.264217 0.503115 206
0.577982 0.366799 0.524251 208
0.381154 0.273894 0.787313 173
0.522968 0.251959 0.698600 191
0.422415 0.360024 0.723331 190
0.266847 0.353249 0.465700 172
0.381154 0.273894 0.787313 173
0.422415 0.360024 0.723331 190
0.282741 0.227442 1.390214 155
0.298634 0.101634 1.990872 156
0.413450 0.155828 0.539970 174
0.584401 -0.096754 0.640648 192
0.441136 -0.097722 1.151530 175
0.469331 -0.217723 0.331619 178
0.381154 0.273894 0.787313 173
0.413450 0.155828 0.539970 174
0.522968 0.251959 0.698600 191
0.298634 0.101634 1.990872 156
0.314527 -0.024174 0.039747 157
0.445745 0.037763 0.760752 170
0.571666 0.141635 0.707197 188
0.708183 0.161636 0.462894 204
0.643082 0.264217 0.503115 206
0.413450 0.155828 0.539970 174
0.571666 0.141635 0.707197 188
0.522968 0.251959 0.698600 191
0.662567 0.006795 0.564961 201
0.715365 -0.101593 0.480593 210
0.773283 0.059054 0.399230 215
0.708183 0.161636 0.462894 204
0.662567 0.006795 0.564961 201
0.773283 0.059054 0.399230 215
0.543905 0.017440 0.626506 185
0.584401 -0.096754 0.640648 192
0.662567 0.006795 0.564961 201
0.445745 0.037763 0.760752 170
0.543905 0.017440 0.626506 185
0.571666 0.141635 0.707197 188
0.445745 0.037763 0.760752 170
0.441136 -0.097722 1.151530 175
0.543905 0.017440 0.626506 185
0.794983 0.245918 0.310340 220
0.968583 0.248690 -0.001187 230
0.929776 0.368125 -0.000809 237
0.773283 0.059054 0.399230 215
0.870933 0.153872 0.219119 219
0.708183 0.161636 0.462894 204
0.773283 0.059054 0.399230 215
0.915249 0.040903 0.160445 228
0.870933 0.153872 0.219119 219
0.838383 -0.043527 0.292933 225
0.903483 -0.146108 0.159230 239
1.000000 -0.000000 0.001554 240
0.584401 -0.096754 0.640648 192
0.569181 -0.223917 0.797139 195
0.680615 -0.197981 0.471832 209
0.662567 0.006795 0.564961 201
0.584401 -0.096754 0.640648 192
0.715365 -0.101593 0.480593 210
0.543905 0.017440 0.626506 185
0.441136 -0.097722 1.151530 175
0.584401 -0.096754 0.640648 192
0.662567 0.006795 0.564961 201
0.571666 0.141635 0.707197 188
0.543905 0.017440 0.626506 185
0.330420 -0.149981 0.105708 160
0.346313 -0.275789 4.126356 161
0.469331 -0.217723 0.331619 178
0.664439 -0.453191 0.322643 197
0.592925 -0.376490 0.681061 194
0.616669 -0.529062 0.390482 181
0.735953 -0.529892 0.175115 196
0.664439 -0.453191 0.322643 197
0.616669 -0.529062 0.390482 181
0.735953 -0.529892 0.175115 196
0.791796 -0.401964 0.227528 213
0.664439 -0.453191 0.322643 197
0.838383 -0.043527 0.292933 225
0.715365 -0.101593 0.480593 210
0.792049 -0.172045 0.356544 224
0.443723 -0.339315 -0.135420 177
0.346313 -0.275789 4.126356 161
0.362206 -0.401597 3.578791 159
0.584401 -0.096754 0.640648 192
0.469331 -0.217723 0.331619 178
0.569181 -0.223917 0.797139 195
0.441136 -0.097722 1.151530 175
0.330420 -0.149981 0.105708 160
0.469331 -0.217723 0.331619 178
0.915249 0.040903 0.160445 228
0.992115 0.125333 -0.000402 233
0.870933 0.153872 0.219119 219
0.219168 0.730672 0.035554 187
0.360982 0.819266 0.235172 203
0.203275 0.856480 0.443469 200
0.110736 0.746398 -0.480245 183
0.219168 0.730672 0.035554 187
0.203275 0.856480 0.443469 200
0.235061 0.604864 0.288688 186
0.382682 0.674543 0.505976 202
0.219168 0.730672 0.035554 187
0.123361 0.435810 4.115343 154
-0.004231 0.392564 -13.730107 135
0.060580 0.300829 -3.653426 136
-0.081324 0.616659 -16.446698 152
-0.108431 0.494783 33.656708 133
0.034091 0.510509 -0.546717 151
0.000768 0.741156 2.569368 167
-0.109200 0.735914 5.303299 150
-0.081324 0.616659 -16.446698 152
0.110736 0.746398 -0.480245 183
0.000768 0.741156 2.569368 167
0.072414 0.628453 3.753083 169
0.110736 0.746398 -0.480245 183
0.203275 0.856480 0.443469 200
0.023973 0.872212 0.226496 184
-0.219168 0.730672 -8.009762 134
-0.235061 0.604864 75.997064 132
-0.081324 0.616659 -16.446698 152
0.123361 0.435810 4.115343 154
0.163714 0.327039 -0.294733 153
0.266847 0.353249 0.465700 172
0.235061 0.604864 0.288688 186
0.134576 0.557687 -0.193957 168
0.250954 0.479057 0.240916 171
0.034091 0.510509 -0.546717 151
-0.004231 0.392564 -13.730107 135
0.123361 0.435810 4.115343 154
0.382682 0.674543 0.505976 202
0.360982 0.819266 0.235172 203
0.219168 0.730672 0.035554 187
0.349368 0.525509 0.733745 189
0.382682 0.674543 0.505976 202
0.235061 0.604864 0.288688 186
0.447782 0.571962 0.433313 205
0.534582 0.656244 0.275569 217
0.382682 0.674543 0.505976 202
-0.876307 0.481754 -1955.979318 40
-0.708183 0.493222 8489.466851 56
-0.809017 0.587785 -2112.855879 55
-0.389865 0.411315 1153.843845 95
-0.250954 0.479057 -240.501487 114
-0.349368 0.525509 -231.544414 113
-0.162647 0.251030 -262.543235 99
-0.135539 0.372907 2.222787 116
-0.266847 0.353249 418.954967 98
-0.298634 0.101634 -6803.347154 73
-0.189755 0.129154 844.262409 93
-0.282741 0.227442 295.092415 79
-0.042554 0.274619 57.683837 117
-0.135539 0.372907 2.222787 116
-0.162647 0.251030 -262.543235 99
-0.108431 0.494783 33.656708 133
-0.004231 0.392564 -13.730107 135
0.034091 0.510509 -0.546717 151
-0.282741 0.227442 295.092415 79
-0.162647 0.251030 -262.543235 99
-0.266847 0.353249 418.954967 98
-0.042554 0.274619 57.683837 117
-0.004231 0.392564 -13.730107 135
-0.135539 0.372907 2.222787 116
0.167922 0.223510 7.968646 147
0.172130 0.119981 -8.283071 137
0.282741 0.227442 1.390214 155
0.060580 0.300829 -3.653426 136
0.167922 0.223510 7.968646 147
0.163714 0.327039 -0.294733 153
0.040329 0.180264 -17.594408 129
0.172130 0.119981 -8.283071 137
0.167922 0.223510 7.968646 147
-0.080876 0.156675 -29.493415 110
0.040329 0.180264 -17.594408 129
-0.042554 0.274619 57.683837 117
0.020079 0.059698 88.777331 118
0.172130 0.119981 -8.283071 137
0.040329 0.180264 -17.594408 129
0.282741 0.227442 1.390214 155
0.266847 0.353249 0.465700 172
0.163714 0.327039 -0.294733 153
-0.534582 0.656244 155.256940 96
-0.535827 0.844328 -7.795108 111
-0.637424 0.770513 -208.058880 94
0.847640 -0.274036 0.212446 227
0.903483 -0.146108 0.159230 239
0.792049 -0.172045 0.356544 224
0.968583 -0.248690 -0.000116 241
0.903483 -0.146108 0.159230 239
0.847640 -0.274036 0.212446 227
0.791796 -0.401964 0.227528 213
0.735953 -0.529892 0.175115 196
0.876307 -0.481754 -0.004019 211
0.929776 -0.368125 -0.006897 226
0.791796 -0.401964 0.227528 213
0.876307 -0.481754 -0.004019 211
0.592925 -0.376490 0.681061 194
0.569181 -0.223917 0.797139 195
0.443723 -0.339315 -0.135420 177
0.616669 -0.529062 0.390482 181
0.592925 -0.376490 0.681061 194
0.486789 -0.444362 0.178325 176
0.736206 -0.299972 0.309428 212
0.569181 -0.223917 0.797139 195
0.592925 -0.376490 0.681061 194
0.847640 -0.274036 0.212446 227
0.736206 -0.299972 0.309428 212
0.791796 -0.401964 0.227528 213
0.680615 -0.197981 0.471832 209
0.569181 -0.223917 0.797139 195
0.736206 -0.299972 0.309428 212
0.378100 -0.527404 0.763502 158
0.486789 -0.444362 0.178325 176
0.362206 -0.401597 3.578791 159
0.518255 -0.575515 0.452741 164
0.393993 -0.653212 0.295510 146
0.515708 -0.711863 0.203699 162
0.486789 -0.444362 0.178325 176
0.518255 -0.575515 0.452741 164
0.616669 -0.529062 0.390482 181
0.378100 -0.527404 0.763502 158
0.393993 -0.653212 0.295510 146
0.518255 -0.575515 0.452741 164
0.658410 -0.623625 0.161888 179
0.728969 -0.684547 0.001200 180
0.735953 -0.529892 0.175115 196
0.196515 -0.037934 4.764880 140
0.330420 -0.149981 0.105708 160
0.314527 -0.024174 0.039747 157
-0.195844 -0.197159 -3350.318477 84
-0.118071 -0.307241 1178.848407 89
-0.064278 -0.185365 449.790699 103
-0.118071 -0.307241 1178.848407 89
-0.234167 -0.315104 -3384.579638 70
-0.145550 -0.426758 330.044593 87
0.210774 -0.256132 -3.627920 142
0.346313 -0.275789 4.126356 161
0.330420 -0.149981 0.105708 160
0.210774 -0.256132 -3.627920 142
0.235267 -0.407887 -12.473284 143
0.346313 -0.275789 4.126356 161
0.067288 -0.173570 -38.682549 121
0.114121 -0.291515 39.727952 124
0.198854 -0.161776 4.157480 141
0.108328 -0.414177 48.551348 123
0.114121 -0.291515 39.727952 124
-0.001975 -0.299378 -224.791690 107
0.247982 -0.508533 -4.787095 139
0.362206 -0.401597 3.578791 159
0.235267 -0.407887 -12.473284 143
0.443723 -0.339315 -0.135420 177
0.486789 -0.444362 0.178325 176
0.592925 -0.376490 0.681061 194
0.346313 -0.275789 4.126356 161
0.443723 -0.339315 -0.135420 177
0.469331 -0.217723 0.331619 178
0.362206 -0.401597 3.578791 159
0.486789 -0.444362 0.178325 176
0.443723 -0.339315 -0.135420 177
0.518255 -0.575515 0.452741 164
0.658410 -0.623625 0.161888 179
0.616669 -0.529062 0.390482 181
0.735953 -0.529892 0.175115 196
0.809017 -0.587785 0.001938 193
0.876307 -0.481754 -0.004019 211
0.616669 -0.529062 0.390482 181
0.658410 -0.623625 0.161888 179
0.735953 -0.529892 0.175115 196
0.791796 -0.401964 0.227528 213
0.736206 -0.299972 0.309428 212
0.664439 -0.453191 0.322643 197
0.486789 -0.444362 0.178325 176
0.378100 -0.527404 0.763502 158
0.518255 -0.575515 0.452741 164
0.728969 -0.684547 0.001200 180
0.809017 -0.587785 0.001938 193
0.735953 -0.529892 0.175115 196
0.847640 -0.274036 0.212446 227
0.792049 -0.172045 0.356544 224
0.736206 -0.299972 0.309428 212
0.838383 -0.043527 0.292933 225
0.792049 -0.172045 0.356544 224
0.903483 -0.146108 0.159230 239
0.715365 -0.101593 0.480593 210
0.680615 -0.197981 0.471832 209
0.792049 -0.172045 0.356544 224
1.000000 -0.000000 0.001554 240
0.992115 0.125333 -0.000402 233
0.915249 0.040903 0.160445 228
0.295977 -0.844070 0.342593 125
0.177179 -0.862891 1.162766 109
0.309017 -0.951057 -0.262759 108
0.425779 -0.904827 -0.095756 126
0.295977 -0.844070 0.342593 125
0.309017 -0.951057 -0.262759 108
0.282937 -0.737084 -1.250772 127
0.177179 -0.862891 1.162766 109
0.295977 -0.844070 0.342593 125
0.062791 -0.998027 -3.597420 72
0.060826 -0.904827 2.383288 91
-0.062791 -0.998027 10.425771 71
-0.272489 -0.433048 313.119511 67
-0.234167 -0.315104 -3384.579638 70
-0.362206 -0.401597 6806.989725 53
-0.349134 -0.668938 985.902591 51
-0.166657 -0.668938 -252.434892 68
-0.219573 -0.550993 755.582162 69
-0.005837 -0.810471 -11.352417 101
-0.060826 -0.904827 -8.697137 82
0.060826 -0.904827 2.383288 91
0.177179 -0.862891 1.162766 109
-0.005837 -0.810471 -11.352417 101
0.060826 -0.904827 2.383288 91
-0.072500 -0.716116 24.774801 83
-0.156928 -0.826197 80.714011 81
-0.005837 -0.810471 -11.352417 101
-0.272489 -0.433048 313.119511 67
-0.219573 -0.550993 755.582162 69
-0.145550 -0.426758 330.044593 87
-0.321429 -0.833823 -132.987737 46
-0.409886 -0.779019 1126.160764 45
-0.425779 -0.904827 -274.491956 32
-0.232973 -0.888627 76.840045 62
-0.321429 -0.833823 -132.987737 46
-0.309017 -0.951057 85.157743 47
-0.232973 -0.888627 76.840045 62
-0.253031 -0.747568 -335.919871 61
-0.321429 -0.833823 -132.987737 46
-0.166657 -0.668938 -252.434892 68
-0.253031 -0.747568 -335.919871 61
-0.156928 -0.826197 80.714011 81
-0.349134 -0.668938 985.902591 51
-0.409886 -0.779019 1126.160764 45
-0.253031 -0.747568 -335.919871 61
0.187381 -0.982287 -0.476145 90
0.060826 -0.904827 2.383288 91
0.062791 -0.998027 -3.597420 72
0.235267 -0.407887 -12.473284 143
0.362206 -0.401597 3.578791 159
0.346313 -0.275789 4.126356 161
0.298781 -0.621760 2.692461 138
0.378100 -0.527404 0.763502 158
0.247982 -0.508533 -4.787095 139
0.518255 -0.575515 0.452741 164
0.515708 -0.711863 0.203699 162
0.658410 -0.623625 0.161888 179
0.298781 -0.621760 2.692461 138
0.393993 -0.653212 0.295510 146
0.378100 -0.527404 0.763502 158
0.141155 -0.577727 -9.922565 120
0.164458 -0.730094 6.463225 119
0.298781 -0.621760 2.692461 138
0.108328 -0.414177 48.551348 123
0.141155 -0.577727 -9.922565 120
0.247982 -0.508533 -4.787095 139
0.034327 -0.646921 -11.191892 102
0.164458 -0.730094 6.463225 119
0.141155 -0.577727 -9.922565 120
0.108328 -0.414177 48.551348 123
-0.012254 -0.470791 21.280578 105
0.141155 -0.577727 -9.922565 120
-0.072500 -0.716116 24.774801 83
-0.005837 -0.810471 -11.352417 101
0.034327 -0.646921 -11.191892 102
0.282937 -0.737084 -1.250772 127
0.393993 -0.653212 0.295510 146
0.298781 -0.621760 2.692461 138
-0.005837 -0.810471 -11.352417 101
0.177179 -0.862891 1.162766 109
0.164458 -0.730094 6.463225 119
0.187381 -0.982287 -0.476145 90
0.177179 -0.862891 1.162766 109
0.060826 -0.904827 2.383288 91
0.187381 -0.982287 -0.476145 90
0.309017 -0.951057 -0.262759 108
0.177179 -0.862891 1.162766 109
0.409886 -0.779019 0.517858 144
0.393993 -0.653212 0.295510 146
0.282937 -0.737084 -1.250772 127
0.515708 -0.711863 0.203699 162
0.637424 -0.770513 0.026789 163
0.658410 -0.623625 0.161888 179
0.409886 -0.779019 0.517858 144
0.515708 -0.711863 0.203699 162
0.393993 -0.653212 0.295510 146
0.409886 -0.779019 0.517858 144
0.535827 -0.844328 -0.078688 145
0.515708 -0.711863 0.203699 162
0.425779 -0.904827 -0.095756 126
0.409886 -0.779019 0.517858 144
0.295977 -0.844070 0.342593 125
-0.065162 -0.389016 -154.865994 106
-0.145550 -0.426758 330.044593 87
-0.115913 -0.510892 -115.141540 88
-0.272489 -0.433048 313.119511 67
-0.145550 -0.426758 330.044593 87
-0.234167 -0.315104 -3384.579638 70
-0.219573 -0.550993 755.582162 69
-0.378100 -0.527404 -5119.396945 52
-0.349134 -0.668938 985.902591 51
-0.072500 -0.716116 24.774801 83
-0.042377 -0.593453 78.146443 86
-0.166657 -0.668938 -252.434892 68
-0.272489 -0.433048 313.119511 67
-0.378100 -0.527404 -5119.396945 52
-0.219573 -0.550993 755.582162 69
0.535827 -0.844328 -0.078688 145
0.409886 -0.779019 0.517858 144
0.425779 -0.904827 -0.095756 126
0.535827 -0.844328 -0.078688 145
0.637424 -0.770513 0.026789 163
0.515708 -0.711863 0.203699 162
0.409886 -0.779019 0.517858 144
0.282937 -0.737084 -1.250772 127
0.295977 -0.844070 0.342593 125
0.637424 -0.770513 0.026789 163
0.728969 -0.684547 0.001200 180
0.658410 -0.623625 0.161888 179
-0.309017 0.951057 -4.662307 148
-0.203275 0.856480 -0.033112 149
-0.187381 0.982287 1.253224 165
-0.109200 0.735914 5.303299 150
-0.219168 0.730672 -8.009762 134
-0.081324 0.616659 -16.446698 152
-0.187381 0.982287 1.253224 165
-0.203275 0.856480 -0.033112 149
-0.089651 0.864346 -1.092685 166
-0.219168 0.730672 -8.009762 134
-0.382682 0.674543 -35.833793 115
-0.235061 0.604864 75.997064 132
-0.089651 0.864346 -1.092685 166
-0.109200 0.735914 5.303299 150
0.000768 0.741156 2.569368 167
-0.253031 -0.747568 -335.919871 61
-0.166657 -0.668938 -252.434892 68
-0.349134 -0.668938 985.902591 51
-0.060826 -0.904827 -8.697137 82
-0.156928 -0.826197 80.714011 81
-0.187381 -0.982287 -45.350318 63
-0.060826 -0.904827 -8.697137 82
-0.005837 -0.810471 -11.352417 101
-0.156928 -0.826197 80.714011 81
-0.232973 -0.888627 76.840045 62
-0.156928 -0.826197 80.714011 81
-0.253031 -0.747568 -335.919871 61
-0.187381 -0.982287 -45.350318 63
-0.232973 -0.888627 76.840045 62
-0.309017 -0.951057 85.157743 47
-0.187381 -0.982287 -45.350318 63
-0.156928 -0.826197 80.714011 81
-0.232973 -0.888627 76.840045 62
-0.062791 -0.998027 10.425771 71
-0.060826 -0.904827 -8.697137 82
-0.187381 -0.982287 -45.350318 63
-0.042377 -0.593453 78.146443 86
-0.072500 -0.716116 24.774801 83
0.034327 -0.646921 -11.191892 102
-0.012254 -0.470791 21.280578 105
-0.042377 -0.593453 78.146443 86
0.034327 -0.646921 -11.191892 102
-0.115913 -0.510892 -115.141540 88
-0.166657 -0.668938 -252.434892 68
-0.042377 -0.593453 78.146443 86
-0.518255 -0.575515 24202.443041 36
-0.616669 -0.529062 -143614.520945 25
-0.658410 -0.623625 -5445.384816 24
-0.433694 -0.622226 -2967.194111 37
-0.518255 -0.575515 24202.443041 36
-0.534148 -0.701322 -3766.965607 31
-0.409886 -0.779019 1126.160764 45
-0.433694 -0.622226 -2967.194111 37
-0.534148 -0.701322 -3766.965607 31
-0.349134 -0.668938 985.902591 51
-0.378100 -0.527404 -5119.396945 52
-0.433694 -0.622226 -2967.194111 37
-0.378100 -0.527404 -5119.396945 52
-0.486789 -0.444362 6614.902499 38
-0.518255 -0.575515 24202.443041 36
0.060826 -0.904827 2.383288 91
-0.060826 -0.904827 -8.697137 82
-0.062791 -0.998027 10.425771 71
-0.534148 -0.701322 -3766.965607 31
-0.535827 -0.844328 -407.788804 30
-0.409886 -0.779019 1126.160764 45
-0.486789 -0.444362 6614.902499 38
-0.378100 -0.527404 -5119.396945 52
-0.362206 -0.401597 6806.989725 53
-0.728969 -0.684547 -40799.976353 14
-0.637424 -0.770513 8769.527249 19
-0.658410 -0.623625 -5445.384816 24
-0.321429 -0.833823 -132.987737 46
-0.253031 -0.747568 -335.919871 61
-0.409886 -0.779019 1126.160764 45
-0.346313 -0.275789 14473.591687 64
-0.362206 -0.401597 6806.989725 53
-0.234167 -0.315104 -3384.579638 70
-0.195844 -0.197159 -3350.318477 84
-0.346313 -0.275789 14473.591687 64
-0.234167 -0.315104 -3384.579638 70
-0.658594 0.038247 492647.266354 29
-0.584401 -0.096754 129763.501837 35
-0.515073 -0.029496 -128718.416799 39
-0.330420 -0.149981 5852.852502 66
-0.441136 -0.097722 -3055.895110 50
-0.469331 -0.217723 -41050.860606 49
-0.330420 -0.149981 5852.852502 66
-0.314527 -0.024174 -5639.346380 65
-0.441136 -0.097722 -3055.895110 50
-0.321429 -0.833823 -132.987737 46
-0.425779 -0.904827 -274.491956 32
-0.309017 -0.951057 85.157743 47
-0.378100 -0.527404 -5119.396945 52
-0.518255 -0.575515 24202.443041 36
-0.433694 -0.622226 -2967.194111 37
-0.535827 -0.844328 -407.788804 30
-0.425779 -0.904827 -274.491956 32
-0.409886 -0.779019 1126.160764 45
0.298634 0.101634 1.990872 156
0.172130 0.119981 -8.283071 137
0.196515 -0.037934 4.764880 140
-0.216863 0.007278 2492.985453 80
-0.157522 -0.079215 40.139575 85
-0.119199 0.038730 -451.575505 100
0.198854 -0.161776 4.157480 141
0.210774 -0.256132 -3.627920 142
0.330420 -0.149981 0.105708 160
-0.118071 -0.307241 1178.848407 89
-0.195844 -0.197159 -3350.318477 84
-0.234167 -0.315104 -3384.579638 70
0.114121 -0.291515 39.727952 124
0.235267 -0.407887 -12.473284 143
0.210774 -0.256132 -3.627920 142
0.114121 -0.291515 39.727952 124
0.108328 -0.414177 48.551348 123
0.235267 -0.407887 -12.473284 143
0.198854 -0.161776 4.157480 141
0.114121 -0.291515 39.727952 124
0.210774 -0.256132 -3.627920 142
0.067288 -0.173570 -38.682549 121
-0.064278 -0.185365 449.790699 103
-0.001975 -0.299378 -224.791690 107
-0.012254 -0.470791 21.280578 105
0.034327 -0.646921 -11.191892 102
0.141155 -0.577727 -9.922565 120
-0.064278 -0.185365 449.790699 103
-0.035536 -0.096906 18.568363 104
-0.157522 -0.079215 40.139575 85
-0.001975 -0.299378 -224.791690 107
-0.064278 -0.185365 449.790699 103
-0.118071 -0.307241 1178.848407 89
0.067288 -0.173570 -38.682549 121
-0.035536 -0.096906 18.568363 104
-0.064278 -0.185365 449.790699 103
-0.330420 -0.149981 5852.852502 66
-0.195844 -0.197159 -3350.318477 84
-0.157522 -0.079215 40.139575 85
-0.330420 -0.149981 5852.852502 66
-0.346313 -0.275789 14473.591687 64
-0.195844 -0.197159 -3350.318477 84
-0.658594 0.038247 492647.266354 29
-0.576964 0.099699 -77966.496557 44
-0.708183 0.161636 178430.928906 28
-0.838383 -0.043527 8196023.760428 12
-0.715365 -0.101593 -1519496.018073 23
-0.773283 0.059054 -1263844.498311 18
-0.584401 -0.096754 129763.501837 35
-0.469331 -0.217723 -41050.860606 49
-0.441136 -0.097722 -3055.895110 50
-0.715365 -0.101593 -1519496.018073 23
-0.584401 -0.096754 129763.501837 35
-0.658594 0.038247 492647.266354 29
-0.773283 0.059054 -1263844.498311 18
-0.715365 -0.101593 -1519496.018073 23
-0.658594 0.038247 492647.266354 29
-0.680615 -0.197981 194028.701565 22
-0.569181 -0.223917 170865.738971 34
-0.584401 -0.096754 129763.501837 35
-0.792049 -0.172045 1760692.895135 13
-0.680615 -0.197981 194028.701565 22
-0.715365 -0.101593 -1519496.018073 23
-0.792049 -0.172045 1760692.895135 13
-0.847640 -0.274036 7322530.250720 11
-0.680489 -0.312940 -1465709.798951 21
-0.715365 -0.101593 -1519496.018073 23
-0.680615 -0.197981 194028.701565 22
-0.584401 -0.096754 129763.501837 35
-0.838383 -0.043527 8196023.760428 12
-0.792049 -0.172045 1760692.895135 13
-0.715365 -0.101593 -1519496.018073 23
-0.314527 -0.024174 -5639.346380 65
-0.298634 0.101634 -6803.347154 73
-0.445745 0.037763 30801.654758 54
-0.680489 -0.312940 -1465709.798951 21
-0.592925 -0.376490 131758.321425 33
-0.569181 -0.223917 170865.738971 34
-0.569181 -0.223917 170865.738971 34
-0.592925 -0.376490 131758.321425 33
-0.443723 -0.339315 -60546.023772 48
-0.658410 -0.623625 -5445.384816 24
-0.616669 -0.529062 -143614.520945 25
-0.735953 -0.529892 187107.043767 15
-0.658410 -0.623625 -5445.384816 24
-0.534148 -0.701322 -3766.965607 31
-0.518255 -0.575515 24202.443041 36
-0.443723 -0.339315 -60546.023772 48
-0.469331 -0.217723 -41050.860606 49
-0.569181 -0.223917 170865.738971 34
-0.362206 -0.401597 6806.989725 53
-0.443723 -0.339315 -60546.023772 48
-0.486789 -0.444362 6614.902499 38
-0.362206 -0.401597 6806.989725 53
-0.346313 -0.275789 14473.591687 64
-0.443723 -0.339315 -60546.023772 48
0.247982 -0.508533 -4.787095 139
0.141155 -0.577727 -9.922565 120
0.298781 -0.621760 2.692461 138
-0.156928 -0.826197 80.714011 81
-0.072500 -0.716116 24.774801 83
-0.166657 -0.668938 -252.434892 68
0.164458 -0.730094 6.463225 119
0.177179 -0.862891 1.162766 109
0.282937 -0.737084 -1.250772 127
0.298781 -0.621760 2.692461 138
0.164458 -0.730094 6.463225 119
0.282937 -0.737084 -1.250772 127
0.034327 -0.646921 -11.191892 102
-0.005837 -0.810471 -11.352417 101
0.164458 -0.730094 6.463225 119
0.108328 -0.414177 48.551348 123
0.247982 -0.508533 -4.787095 139
0.235267 -0.407887 -12.473284 143
-0.115913 -0.510892 -115.141540 88
-0.012254 -0.470791 21.280578 105
-0.065162 -0.389016 -154.865994 106
-0.219573 -0.550993 755.582162 69
-0.115913 -0.510892 -115.141540 88
-0.145550 -0.426758 330.044593 87
-0.219573 -0.550993 755.582162 69
-0.166657 -0.668938 -252.434892 68
-0.115913 -0.510892 -115.141540 88
-0.115913 -0.510892 -115.141540 88
-0.042377 -0.593453 78.146443 86
-0.012254 -0.470791 21.280578 105
0.378100 -0.527404 0.763502 158
0.362206 -0.401597 3.578791 159
0.247982 -0.508533 -4.787095 139
