-0.903483 -0.146108 -6334978.372199 5
-0.992115 -0.125333 56181219.573739 1
-0.968583 -0.248690 -6438518.806092 2
-0.929776 -0.368125 512511.188092 3
-0.847640 -0.274036 1830632.715268 11
-0.968583 -0.248690 -6438518.806092 2
-0.838383 -0.043527 2049006.159036 12
-1.000000 -0.000000 -4862876.630725 4
-0.903483 -0.146108 -6334978.372199 5
-0.791796 -0.401964 -390476.128259 10
-0.876307 -0.481754 41353.509426 6
-0.735953 -0.529892 46776.894076 15
-0.664439 -0.453191 176904.146474 20
-0.592925 -0.376490 32939.960338 33
-0.680489 -0.312940 -366427.120041 21
-0.616669 -0.529062 -35903.375333 25
-0.664439 -0.453191 176904.146474 20
-0.735953 -0.529892 46776.894076 15
-0.616669 -0.529062 -35903.375333 25
-0.592925 -0.376490 32939.960338 33
-0.664439 -0.453191 176904.146474 20
-0.847640 -0.274036 1830632.715268 11
-0.929776 -0.368125 512511.188092 3
-0.791796 -0.401964 -390476.128259 10
-0.577982 0.366799 1666.685351 58
-0.479568 0.320346 -867.402446 75
-0.512882 0.469380 -319.148971 77
-0.381154 0.273894 -909.266781 78
-0.528266 0.210023 3837.232231 59
-0.413450 0.155828 1879.984351 60
-0.389865 0.411315 288.970080 95
-0.479568 0.320346 -867.402446 75
-0.381154 0.273894 -909.266781 78
-0.250954 0.479057 -59.594727 114
-0.389865 0.411315 288.970080 95
-0.266847 0.353249 105.341747 98
-0.349368 0.525509 -57.434767 113
-0.447782 0.571962 79.438796 97
-0.389865 0.411315 288.970080 95
-0.577982 0.366799 1666.685351 58
-0.528266 0.210023 3837.232231 59
-0.479568 0.320346 -867.402446 75
-0.080876 0.156675 -6.646670 110
-0.042554 0.274619 15.113039 117
-0.162647 0.251030 -64.952912 99
-0.189755 0.129154 211.776086 93
-0.080876 0.156675 -6.646670 110
-0.162647 0.251030 -64.952912 99
-0.282741 0.227442 74.424350 79
-0.189755 0.129154 211.776086 93
-0.162647 0.251030 -64.952912 99
-0.298634 0.101634 -1700.161420 73
-0.216863 0.007278 623.961051 80
-0.189755 0.129154 211.776086 93
0.198854 -0.161776 1.740084 141
0.078503 -0.051694 -1.225805 122
0.067288 -0.173570 -8.946628 121
0.125317 0.034143 -3.807384 128
0.020079 0.059698 22.941357 118
0.078503 -0.051694 -1.225805 122
0.196515 -0.037934 1.911177 140
0.125317 0.034143 -3.807384 128
0.078503 -0.051694 -1.225805 122
0.172130 0.119981 -1.353786 137
0.020079 0.059698 22.941357 118
0.125317 0.034143 -3.807384 128
0.282741 0.227442 0.998800 155
0.172130 0.119981 -1.353786 137
0.298634 0.101634 1.173084 156
0.282741 0.227442 0.998800 155
0.163714 0.327039 0.575999 153
0.167922 0.223510 2.683546 147
-0.080876 0.156675 -6.646670 110
-0.119199 0.038730 -112.155657 100
0.020079 0.059698 22.941357 118
-0.838383 -0.043527 2049006.159036 12
-0.915249 0.040903 351297.554160 9
-1.000000 -0.000000 -4862876.630725 4
-0.903483 -0.146108 -6334978.372199 5
-1.000000 -0.000000 -4862876.630725 4
-0.992115 -0.125333 56181219.573739 1
-0.362206 -0.401597 1702.278074 53
-0.378100 -0.527404 -1279.415071 52
-0.272489 -0.433048 78.833542 67
-0.847640 -0.274036 1830632.715268 11
-0.903483 -0.146108 -6334978.372199 5
-0.968583 -0.248690 -6438518.806092 2
-0.847640 -0.274036 1830632.715268 11
-0.792049 -0.172045 440173.480544 13
-0.903483 -0.146108 -6334978.372199 5
-0.876307 -0.481754 41353.509426 6
-0.791796 -0.401964 -390476.128259 10
-0.929776 -0.368125 512511.188092 3
-0.664439 -0.453191 176904.146474 20
-0.791796 -0.401964 -390476.128259 10
-0.735953 -0.529892 46776.894076 15
-0.680615 -0.197981 48507.548507 22
-0.680489 -0.312940 -366427.120041 21
-0.569181 -0.223917 42716.904111 34
-0.680615 -0.197981 48507.548507 22
-0.792049 -0.172045 440173.480544 13
-0.680489 -0.312940 -366427.120041 21
-0.515073 -0.029496 -32179.053789 39
-0.441136 -0.097722 -763.376889 50
-0.445745 0.037763 7701.013594 54
-0.330420 -0.149981 1463.864370 66
-0.469331 -0.217723 -10262.165895 49
-0.346313 -0.275789 3619.000923 64
-0.838383 -0.043527 2049006.159036 12
-0.903483 -0.146108 -6334978.372199 5
-0.792049 -0.172045 440173.480544 13
-0.735953 -0.529892 46776.894076 15
-0.809017 -0.587785 -31142.861864 7
-0.728969 -0.684547 -10199.994076 14
-0.346313 -0.275789 3619.000923 64
-0.469331 -0.217723 -10262.165895 49
-0.443723 -0.339315 -15135.989943 48
-0.876307 -0.481754 41353.509426 6
-0.809017 -0.587785 -31142.861864 7
-0.735953 -0.529892 46776.894076 15
-0.309017 0.951057 -1.165577 148
-0.317582 0.777124 2.586851 131
-0.203275 0.856480 0.160564 149
-0.915249 0.040903 351297.554160 9
-0.992115 0.125333 475737.175567 8
-1.000000 -0.000000 -4862876.630725 4
-0.773283 0.059054 -315960.825285 18
-0.915249 0.040903 351297.554160 9
-0.838383 -0.043527 2049006.159036 12
-0.773283 0.059054 -315960.825285 18
-0.838383 0.205163 -95002.978712 17
-0.915249 0.040903 351297.554160 9
-0.317582 0.777124 2.586851 131
-0.309017 0.951057 -1.165577 148
-0.425779 0.904827 1.688280 130
-0.447782 0.737755 -5.870017 112
-0.425779 0.904827 1.688280 130
-0.535827 0.844328 -1.948777 111
-0.992115 0.125333 475737.175567 8
-0.915249 0.040903 351297.554160 9
-0.838383 0.205163 -95002.978712 17
-0.382682 0.674543 -8.659538 115
-0.447782 0.571962 79.438796 97
-0.349368 0.525509 -57.434767 113
-0.425779 0.904827 1.688280 130
-0.447782 0.737755 -5.870017 112
-0.317582 0.777124 2.586851 131
-0.382682 0.674543 -8.659538 115
-0.349368 0.525509 -57.434767 113
-0.235061 0.604864 19.433430 132
-0.816683 0.308437 19720.387704 27
-0.968583 0.248690 -61620.765762 16
-0.838383 0.205163 -95002.978712 17
-0.816683 0.308437 19720.387704 27
-0.929776 0.368125 6046.692833 26
-0.968583 0.248690 -61620.765762 16
-0.708183 0.161636 44608.086436 28
-0.816683 0.308437 19720.387704 27
-0.838383 0.205163 -95002.978712 17
-0.794983 0.411712 -3536.436554 41
-0.929776 0.368125 6046.692833 26
-0.816683 0.308437 19720.387704 27
-0.314527 -0.024174 -1409.161227 65
-0.330420 -0.149981 1463.864370 66
-0.157522 -0.079215 10.761578 85
-0.080876 0.156675 -6.646670 110
-0.189755 0.129154 211.776086 93
-0.119199 0.038730 -112.155657 100
-0.576964 0.099699 -19491.131236 44
-0.528266 0.210023 3837.232231 59
-0.643082 0.264217 -4268.088380 43
-0.773283 0.059054 -315960.825285 18
-0.658594 0.038247 123162.240033 29
-0.708183 0.161636 44608.086436 28
-0.445745 0.037763 7701.013594 54
-0.413450 0.155828 1879.984351 60
-0.576964 0.099699 -19491.131236 44
-0.216863 0.007278 623.961051 80
-0.298634 0.101634 -1700.161420 73
-0.314527 -0.024174 -1409.161227 65
-0.157522 -0.079215 10.761578 85
-0.216863 0.007278 623.961051 80
-0.314527 -0.024174 -1409.161227 65
-0.119199 0.038730 -112.155657 100
-0.189755 0.129154 211.776086 93
-0.216863 0.007278 623.961051 80
-0.576964 0.099699 -19491.131236 44
-0.643082 0.264217 -4268.088380 43
-0.708183 0.161636 44608.086436 28
-0.413450 0.155828 1879.984351 60
-0.528266 0.210023 3837.232231 59
-0.576964 0.099699 -19491.131236 44
-0.298634 0.101634 -1700.161420 73
-0.413450 0.155828 1879.984351 60
-0.445745 0.037763 7701.013594 54
-0.298634 0.101634 -1700.161420 73
-0.282741 0.227442 74.424350 79
-0.413450 0.155828 1879.984351 60
-0.381154 0.273894 -909.266781 78
-0.266847 0.353249 105.341747 98
-0.389865 0.411315 288.970080 95
-0.381154 0.273894 -909.266781 78
-0.282741 0.227442 74.424350 79
-0.266847 0.353249 105.341747 98
-0.528266 0.210023 3837.232231 59
-0.381154 0.273894 -909.266781 78
-0.479568 0.320346 -867.402446 75
-0.413450 0.155828 1879.984351 60
-0.282741 0.227442 74.424350 79
-0.381154 0.273894 -909.266781 78
-0.577982 0.366799 1666.685351 58
-0.643082 0.264217 -4268.088380 43
-0.528266 0.210023 3837.232231 59
-0.577982 0.366799 1666.685351 58
-0.610532 0.481301 1833.395747 57
-0.719033 0.337964 -9567.009238 42
-0.621382 0.574733 -338.852286 76
-0.708183 0.493222 2122.558117 56
-0.610532 0.481301 1833.395747 57
-0.719033 0.337964 -9567.009238 42
-0.816683 0.308437 19720.387704 27
-0.708183 0.161636 44608.086436 28
-0.577982 0.366799 1666.685351 58
-0.719033 0.337964 -9567.009238 42
-0.643082 0.264217 -4268.088380 43
-0.794983 0.411712 -3536.436554 41
-0.816683 0.308437 19720.387704 27
-0.719033 0.337964 -9567.009238 42
-0.708183 0.493222 2122.558117 56
-0.794983 0.411712 -3536.436554 41
-0.719033 0.337964 -9567.009238 42
-0.610532 0.481301 1833.395747 57
-0.708183 0.493222 2122.558117 56
-0.719033 0.337964 -9567.009238 42
-0.512882 0.469380 -319.148971 77
-0.610532 0.481301 1833.395747 57
-0.577982 0.366799 1666.685351 58
-0.512882 0.469380 -319.148971 77
-0.621382 0.574733 -338.852286 76
-0.610532 0.481301 1833.395747 57
-0.621382 0.574733 -338.852286 76
-0.809017 0.587785 -528.213969 55
-0.708183 0.493222 2122.558117 56
-0.876307 0.481754 -488.994829 40
-0.929776 0.368125 6046.692833 26
-0.794983 0.411712 -3536.436554 41
-0.445745 0.037763 7701.013594 54
-0.441136 -0.097722 -763.376889 50
-0.314527 -0.024174 -1409.161227 65
-0.838383 0.205163 -95002.978712 17
-0.773283 0.059054 -315960.825285 18
-0.708183 0.161636 44608.086436 28
-0.643082 0.264217 -4268.088380 43
-0.719033 0.337964 -9567.009238 42
-0.708183 0.161636 44608.086436 28
-0.968583 0.248690 -61620.765762 16
-0.992115 0.125333 475737.175567 8
-0.838383 0.205163 -95002.978712 17
-0.515073 -0.029496 -32179.053789 39
-0.576964 0.099699 -19491.131236 44
-0.658594 0.038247 123162.240033 29
-0.441136 -0.097722 -763.376889 50
-0.515073 -0.029496 -32179.053789 39
-0.584401 -0.096754 32441.362255 35
-0.445745 0.037763 7701.013594 54
-0.576964 0.099699 -19491.131236 44
-0.515073 -0.029496 -32179.053789 39
-0.794983 0.411712 -3536.436554 41
-0.708183 0.493222 2122.558117 56
-0.876307 0.481754 -488.994829 40
-0.447782 0.571962 79.438796 97
-0.534582 0.656244 39.026909 96
-0.621382 0.574733 -338.852286 76
-0.389865 0.411315 288.970080 95
-0.447782 0.571962 79.438796 97
-0.512882 0.469380 -319.148971 77
-0.479568 0.320346 -867.402446 75
-0.389865 0.411315 288.970080 95
-0.512882 0.469380 -319.148971 77
-0.250954 0.479057 -59.594727 114
-0.235061 0.604864 19.433430 132
-0.349368 0.525509 -57.434767 113
-0.382682 0.674543 -8.659538 115
-0.534582 0.656244 39.026909 96
-0.447782 0.571962 79.438796 97
-0.728969 0.684547 261.394503 74
-0.809017 0.587785 -528.213969 55
-0.621382 0.574733 -338.852286 76
-0.447782 0.737755 -5.870017 112
-0.382682 0.674543 -8.659538 115
-0.317582 0.777124 2.586851 131
-0.534582 0.656244 39.026909 96
-0.447782 0.737755 -5.870017 112
-0.535827 0.844328 -1.948777 111
-0.534582 0.656244 39.026909 96
-0.382682 0.674543 -8.659538 115
-0.447782 0.737755 -5.870017 112
-0.728969 0.684547 261.394503 74
-0.631775 0.670396 20.995070 92
-0.637424 0.770513 -52.014720 94
-0.621382 0.574733 -338.852286 76
-0.512882 0.469380 -319.148971 77
-0.447782 0.571962 79.438796 97
-0.631775 0.670396 20.995070 92
-0.534582 0.656244 39.026909 96
-0.637424 0.770513 -52.014720 94
-0.621382 0.574733 -338.852286 76
-0.631775 0.670396 20.995070 92
-0.728969 0.684547 261.394503 74
-0.621382 0.574733 -338.852286 76
-0.534582 0.656244 39.026909 96
-0.631775 0.670396 20.995070 92
0.794983 0.411712 0.198293 236
0.929776 0.368125 -0.000202 237
0.876307 0.481754 0.000440 242
0.708183 0.493222 0.254596 238
0.794983 0.411712 0.198293 236
0.876307 0.481754 0.000440 242
0.610532 0.481301 0.396649 223
0.577982 0.366799 0.529609 208
0.719033 0.337964 0.369429 222
0.349368 0.525509 0.634773 189
0.512882 0.469380 0.509738 207
0.447782 0.571962 0.462592 205
0.349368 0.525509 0.634773 189
0.422415 0.360024 0.699794 190
0.512882 0.469380 0.509738 207
0.445745 0.037763 0.790102 170
0.314527 -0.024174 0.685303 157
0.441136 -0.097722 0.884770 175
0.643082 0.264217 0.513254 206
0.522968 0.251959 0.671916 191
0.571666 0.141635 0.666652 188
0.794983 0.245918 0.308230 220
0.719033 0.337964 0.369429 222
0.643082 0.264217 0.513254 206
0.870933 0.153872 0.218129 219
0.794983 0.245918 0.308230 220
0.708183 0.161636 0.469987 204
0.870933 0.153872 0.218129 219
0.968583 0.248690 -0.000297 230
0.794983 0.245918 0.308230 220
0.577982 0.366799 0.529609 208
0.422415 0.360024 0.699794 190
0.522968 0.251959 0.671916 191
0.040329 0.180264 -3.674193 129
0.167922 0.223510 2.683546 147
0.060580 0.300829 -0.233983 136
0.794983 0.245918 0.308230 220
0.643082 0.264217 0.513254 206
0.708183 0.161636 0.469987 204
0.708183 0.493222 0.254596 238
0.719033 0.337964 0.369429 222
0.794983 0.411712 0.198293 236
0.577982 0.366799 0.529609 208
0.643082 0.264217 0.513254 206
0.719033 0.337964 0.369429 222
0.915249 0.040903 0.160596 228
0.773283 0.059054 0.398717 215
0.838383 -0.043527 0.294648 225
1.000000 -0.000000 0.000389 240
0.915249 0.040903 0.160596 228
0.838383 -0.043527 0.294648 225
0.992115 0.125333 -0.000100 233
0.968583 0.248690 -0.000297 230
0.870933 0.153872 0.218129 219
0.794983 0.245918 0.308230 220
0.929776 0.368125 -0.000202 237
0.794983 0.411712 0.198293 236
0.062791 0.998027 -0.009717 198
0.023973 0.872212 0.235627 184
0.187381 0.982287 -0.013477 199
0.425779 0.904827 0.002242 216
0.309017 0.951057 -0.020997 214
0.360982 0.819266 0.207665 203
0.309017 0.951057 -0.020997 214
0.203275 0.856480 0.279709 200
0.360982 0.819266 0.207665 203
0.382682 0.674543 0.425404 202
0.447782 0.737755 0.248675 218
0.360982 0.819266 0.207665 203
0.512882 0.469380 0.509738 207
0.621382 0.574733 0.286427 221
0.447782 0.571962 0.462592 205
0.719033 0.337964 0.369429 222
0.708183 0.493222 0.254596 238
0.610532 0.481301 0.396649 223
0.809017 0.587785 -0.000676 235
0.728969 0.684547 -0.000924 234
0.621382 0.574733 0.286427 221
0.621382 0.574733 0.286427 221
0.534582 0.656244 0.281566 217
0.447782 0.571962 0.462592 205
0.809017 0.587785 -0.000676 235
0.621382 0.574733 0.286427 221
0.708183 0.493222 0.254596 238
0.631775 0.670396 0.151389 229
0.534582 0.656244 0.281566 217
0.621382 0.574733 0.286427 221
0.728969 0.684547 -0.000924 234
0.631775 0.670396 0.151389 229
0.621382 0.574733 0.286427 221
0.728969 0.684547 -0.000924 234
0.637424 0.770513 0.000293 231
0.631775 0.670396 0.151389 229
0.447782 0.737755 0.248675 218
0.425779 0.904827 0.002242 216
0.360982 0.819266 0.207665 203
0.794983 0.245918 0.308230 220
0.794983 0.411712 0.198293 236
0.719033 0.337964 0.369429 222
0.610532 0.481301 0.396649 223
0.621382 0.574733 0.286427 221
0.512882 0.469380 0.509738 207
0.577982 0.366799 0.529609 208
0.610532 0.481301 0.396649 223
0.512882 0.469380 0.509738 207
0.708183 0.493222 0.254596 238
0.621382 0.574733 0.286427 221
0.610532 0.481301 0.396649 223
0.637424 0.770513 0.000293 231
0.534582 0.656244 0.281566 217
0.631775 0.670396 0.151389 229
0.637424 0.770513 0.000293 231
0.535827 0.844328 0.002336 232
0.534582 0.656244 0.281566 217
0.235061 0.604864 0.506336 186
0.219168 0.730672 0.322452 187
0.072414 0.628453 1.388123 169
0.447782 0.737755 0.248675 218
0.535827 0.844328 0.002336 232
0.425779 0.904827 0.002242 216
0.534582 0.656244 0.281566 217
0.447782 0.737755 0.248675 218
0.382682 0.674543 0.425404 202
0.534582 0.656244 0.281566 217
0.535827 0.844328 0.002336 232
0.447782 0.737755 0.248675 218
-0.135539 0.372907 1.187624 116
-0.250954 0.479057 -59.594727 114
-0.266847 0.353249 105.341747 98
0.060580 0.300829 -0.233983 136
-0.004231 0.392564 -2.798120 135
-0.042554 0.274619 15.113039 117
0.040329 0.180264 -3.674193 129
0.060580 0.300829 -0.233983 136
-0.042554 0.274619 15.113039 117
0.163714 0.327039 0.575999 153
0.123361 0.435810 1.624974 154
0.060580 0.300829 -0.233983 136
-0.080876 0.156675 -6.646670 110
0.020079 0.059698 22.941357 118
0.040329 0.180264 -3.674193 129
0.266847 0.353249 0.719431 172
0.250954 0.479057 0.590874 171
0.123361 0.435810 1.624974 154
-0.108431 0.494783 8.971751 133
-0.250954 0.479057 -59.594727 114
-0.135539 0.372907 1.187624 116
-0.004231 0.392564 -2.798120 135
-0.108431 0.494783 8.971751 133
-0.135539 0.372907 1.187624 116
0.034091 0.510509 0.416985 151
0.072414 0.628453 1.388123 169
-0.081324 0.616659 -3.651836 152
0.034091 0.510509 0.416985 151
0.123361 0.435810 1.624974 154
0.134576 0.557687 0.454667 168
0.381154 0.273894 0.781606 173
0.266847 0.353249 0.719431 172
0.282741 0.227442 0.998800 155
0.413450 0.155828 0.738575 174
0.445745 0.037763 0.790102 170
0.571666 0.141635 0.666652 188
0.282741 0.227442 0.998800 155
0.413450 0.155828 0.738575 174
0.381154 0.273894 0.781606 173
0.298634 0.101634 1.173084 156
0.445745 0.037763 0.790102 170
0.413450 0.155828 0.738575 174
0.577982 0.366799 0.529609 208
0.512882 0.469380 0.509738 207
0.422415 0.360024 0.699794 190
0.134576 0.557687 0.454667 168
0.235061 0.604864 0.506336 186
0.072414 0.628453 1.388123 169
0.034091 0.510509 0.416985 151
0.134576 0.557687 0.454667 168
0.072414 0.628453 1.388123 169
0.123361 0.435810 1.624974 154
0.250954 0.479057 0.590874 171
0.134576 0.557687 0.454667 168
0.422415 0.360024 0.699794 190
0.349368 0.525509 0.634773 189
0.266847 0.353249 0.719431 172
0.349368 0.525509 0.634773 189
0.235061 0.604864 0.506336 186
0.250954 0.479057 0.590874 171
0.266847 0.353249 0.719431 172
0.349368 0.525509 0.634773 189
0.250954 0.479057 0.590874 171
0.447782 0.571962 0.462592 205
0.382682 0.674543 0.425404 202
0.349368 0.525509 0.634773 189
0.023973 0.872212 0.235627 184
0.062791 0.998027 -0.009717 198
-0.062791 0.998027 0.059539 182
-0.089651 0.864346 -0.089520 166
0.023973 0.872212 0.235627 184
-0.062791 0.998027 0.059539 182
-0.187381 0.982287 0.313306 165
-0.089651 0.864346 -0.089520 166
-0.062791 0.998027 0.059539 182
-0.203275 0.856480 0.160564 149
-0.109200 0.735914 1.660704 150
-0.089651 0.864346 -0.089520 166
0.000768 0.741156 0.980357 167
0.110736 0.746398 0.202909 183
0.023973 0.872212 0.235627 184
0.219168 0.730672 0.322452 187
0.110736 0.746398 0.202909 183
0.072414 0.628453 1.388123 169
0.203275 0.856480 0.279709 200
0.187381 0.982287 -0.013477 199
0.023973 0.872212 0.235627 184
0.187381 0.982287 -0.013477 199
0.203275 0.856480 0.279709 200
0.309017 0.951057 -0.020997 214
-0.235061 0.604864 19.433430 132
-0.250954 0.479057 -59.594727 114
-0.108431 0.494783 8.971751 133
-0.109200 0.735914 1.660704 150
-0.203275 0.856480 0.160564 149
-0.219168 0.730672 -1.688878 134
0.072414 0.628453 1.388123 169
0.000768 0.741156 0.980357 167
-0.081324 0.616659 -3.651836 152
0.000768 0.741156 0.980357 167
0.023973 0.872212 0.235627 184
-0.089651 0.864346 -0.089520 166
-0.219168 0.730672 -1.688878 134
-0.317582 0.777124 2.586851 131
-0.382682 0.674543 -8.659538 115
-0.108431 0.494783 8.971751 133
-0.081324 0.616659 -3.651836 152
-0.235061 0.604864 19.433430 132
-0.203275 0.856480 0.160564 149
-0.317582 0.777124 2.586851 131
-0.219168 0.730672 -1.688878 134
0.809017 0.587785 -0.000676 235
0.708183 0.493222 0.254596 238
0.876307 0.481754 0.000440 242
0.469331 -0.217723 0.632149 178
0.443723 -0.339315 0.482127 177
0.569181 -0.223917 0.668705 195
0.992115 -0.125333 0.000300 243
0.903483 -0.146108 0.161586 239
0.968583 -0.248690 -0.000029 241
0.992115 -0.125333 0.000300 243
1.000000 -0.000000 0.000389 240
0.903483 -0.146108 0.161586 239
-0.616669 -0.529062 -35903.375333 25
-0.518255 -0.575515 6050.910899 36
-0.486789 -0.444362 1654.149807 38
-0.728969 -0.684547 -10199.994076 14
-0.658410 -0.623625 -1361.213011 24
-0.735953 -0.529892 46776.894076 15
-0.433694 -0.622226 -741.479969 37
-0.409886 -0.779019 281.709032 45
-0.349134 -0.668938 246.798618 51
-0.637424 -0.770513 2192.381809 19
-0.534148 -0.701322 -941.574276 31
-0.658410 -0.623625 -1361.213011 24
-0.637424 -0.770513 2192.381809 19
-0.535827 -0.844328 -101.947201 30
-0.534148 -0.701322 -941.574276 31
0.664439 -0.453191 0.345515 197
0.736206 -0.299972 0.353370 212
0.592925 -0.376490 0.550287 194
0.736206 -0.299972 0.353370 212
0.792049 -0.172045 0.346430 224
0.680615 -0.197981 0.491133 209
0.929776 -0.368125 -0.001724 226
0.847640 -0.274036 0.207920 227
0.791796 -0.401964 0.215495 213
0.929776 -0.368125 -0.001724 226
0.968583 -0.248690 -0.000029 241
0.847640 -0.274036 0.207920 227
0.715365 -0.101593 0.478597 210
0.584401 -0.096754 0.646997 192
0.680615 -0.197981 0.491133 209
0.773283 0.059054 0.398717 215
0.715365 -0.101593 0.478597 210
0.838383 -0.043527 0.294648 225
0.662567 0.006795 0.561959 201
0.708183 0.161636 0.469987 204
0.571666 0.141635 0.666652 188
-0.592925 -0.376490 32939.960338 33
-0.486789 -0.444362 1654.149807 38
-0.443723 -0.339315 -15135.989943 48
-0.791796 -0.401964 -390476.128259 10
-0.664439 -0.453191 176904.146474 20
-0.680489 -0.312940 -366427.120041 21
-0.616669 -0.529062 -35903.375333 25
-0.486789 -0.444362 1654.149807 38
-0.592925 -0.376490 32939.960338 33
-0.584401 -0.096754 32441.362255 35
-0.569181 -0.223917 42716.904111 34
-0.469331 -0.217723 -10262.165895 49
-0.680489 -0.312940 -366427.120041 21
-0.847640 -0.274036 1830632.715268 11
-0.791796 -0.401964 -390476.128259 10
-0.035536 -0.096906 5.384100 104
-0.119199 0.038730 -112.155657 100
-0.157522 -0.079215 10.761578 85
-0.195844 -0.197159 -836.887538 84
-0.064278 -0.185365 113.168806 103
-0.157522 -0.079215 10.761578 85
0.196515 -0.037934 1.911177 140
0.314527 -0.024174 0.685303 157
0.298634 0.101634 1.173084 156
0.125317 0.034143 -3.807384 128
0.196515 -0.037934 1.911177 140
0.172130 0.119981 -1.353786 137
-0.035536 -0.096906 5.384100 104
0.078503 -0.051694 -1.225805 122
0.020079 0.059698 22.941357 118
-0.035536 -0.096906 5.384100 104
0.067288 -0.173570 -8.946628 121
0.078503 -0.051694 -1.225805 122
0.198854 -0.161776 1.740084 141
0.330420 -0.149981 0.677673 160
0.196515 -0.037934 1.911177 140
0.078503 -0.051694 -1.225805 122
0.198854 -0.161776 1.740084 141
0.196515 -0.037934 1.911177 140
-0.001975 -0.299378 -55.515146 107
0.114121 -0.291515 10.608485 124
0.067288 -0.173570 -8.946628 121
-0.065162 -0.389016 -38.083183 106
-0.001975 -0.299378 -55.515146 107
-0.118071 -0.307241 295.380848 89
-0.145550 -0.426758 83.108668 87
-0.065162 -0.389016 -38.083183 106
-0.118071 -0.307241 295.380848 89
-0.012254 -0.470791 5.903799 105
0.108328 -0.414177 12.750379 123
-0.065162 -0.389016 -38.083183 106
-0.065162 -0.389016 -38.083183 106
0.108328 -0.414177 12.750379 123
-0.001975 -0.299378 -55.515146 107
0.441136 -0.097722 0.884770 175
0.314527 -0.024174 0.685303 157
0.330420 -0.149981 0.677673 160
-0.035536 -0.096906 5.384100 104
0.020079 0.059698 22.941357 118
-0.119199 0.038730 -112.155657 100
0.522968 0.251959 0.671916 191
0.643082 0.264217 0.513254 206
0.577982 0.366799 0.529609 208
0.381154 0.273894 0.781606 173
0.522968 0.251959 0.671916 191
0.422415 0.360024 0.699794 190
0.266847 0.353249 0.719431 172
0.381154 0.273894 0.781606 173
0.422415 0.360024 0.699794 190
0.282741 0.227442 0.998800 155
0.298634 0.101634 1.173084 156
0.413450 0.155828 0.738575 174
0.584401 -0.096754 0.646997 192
0.441136 -0.097722 0.884770 175
0.469331 -0.217723 0.632149 178
0.381154 0.273894 0.781606 173
0.413450 0.155828 0.738575 174
0.522968 0.251959 0.671916 191
0.298634 0.101634 1.173084 156
0.314527 -0.024174 0.685303 157
0.445745 0.037763 0.790102 170
0.571666 0.141635 0.666652 188
0.708183 0.161636 0.469987 204
0.643082 0.264217 0.513254 206
0.413450 0.155828 0.738575 174
0.571666 0.141635 0.666652 188
0.522968 0.251959 0.671916 191
0.662567 0.006795 0.561959 201
0.715365 -0.101593 0.478597 210
0.773283 0.059054 0.398717 215
0.708183 0.161636 0.469987 204
0.662567 0.006795 0.561959 201
0.773283 0.059054 0.398717 215
0.543905 0.017440 0.684524 185
0.584401 -0.096754 0.646997 192
0.662567 0.006795 0.561959 201
0.445745 0.037763 0.790102 170
0.543905 0.017440 0.684524 185
0.571666 0.141635 0.666652 188
0.445745 0.037763 0.790102 170
0.441136 -0.097722 0.884770 175
0.543905 0.017440 0.684524 185
0.794983 0.245918 0.308230 220
0.968583 0.248690 -0.000297 230
0.929776 0.368125 -0.000202 237
0.773283 0.059054 0.398717 215
0.870933 0.153872 0.218129 219
0.708183 0.161636 0.469987 204
0.773283 0.059054 0.398717 215
0.915249 0.040903 0.160596 228
0.870933 0.153872 0.218129 219
0.838383 -0.043527 0.294648 225
0.903483 -0.146108 0.161586 239
1.000000 -0.000000 0.000389 240
0.584401 -0.096754 0.646997 192
0.569181 -0.223917 0.668705 195
0.680615 -0.197981 0.491133 209
0.662567 0.006795 0.561959 201
0.584401 -0.096754 0.646997 192
0.715365 -0.101593 0.478597 210
0.543905 0.017440 0.684524 185
0.441136 -0.097722 0.884770 175
0.584401 -0.096754 0.646997 192
0.662567 0.006795 0.561959 201
0.571666 0.141635 0.666652 188
0.543905 0.017440 0.684524 185
0.330420 -0.149981 0.677673 160
0.346313 -0.275789 1.634595 161
0.469331 -0.217723 0.632149 178
0.664439 -0.453191 0.345515 197
0.592925 -0.376490 0.550287 194
0.616669 -0.529062 0.352480 181
0.735953 -0.529892 0.176970 196
0.664439 -0.453191 0.345515 197
0.616669 -0.529062 0.352480 181
0.735953 -0.529892 0.176970 196
0.791796 -0.401964 0.215495 213
0.664439 -0.453191 0.345515 197
0.838383 -0.043527 0.294648 225
0.715365 -0.101593 0.478597 210
0.792049 -0.172045 0.346430 224
0.443723 -0.339315 0.482127 177
0.346313 -0.275789 1.634595 161
0.362206 -0.401597 1.425343 159
0.584401 -0.096754 0.646997 192
0.469331 -0.217723 0.632149 178
0.569181 -0.223917 0.668705 195
0.441136 -0.097722 0.884770 175
0.330420 -0.149981 0.677673 160
0.469331 -0.217723 0.632149 178
0.915249 0.040903 0.160596 228
0.992115 0.125333 -0.000100 233
0.870933 0.153872 0.218129 219
0.219168 0.730672 0.322452 187
0.360982 0.819266 0.207665 203
0.203275 0.856480 0.279709 200
0.110736 0.746398 0.202909 183
0.219168 0.730672 0.322452 187
0.203275 0.856480 0.279709 200
0.235061 0.604864 0.506336 186
0.382682 0.674543 0.425404 202
0.219168 0.730672 0.322452 187
0.123361 0.435810 1.624974 154
-0.004231 0.392564 -2.798120 135
0.060580 0.300829 -0.233983 136
-0.081324 0.616659 -3.651836 152
-0.108431 0.494783 8.971751 133
0.034091 0.510509 0.416985 151
0.000768 0.741156 0.980357 167
-0.109200 0.735914 1.660704 150
-0.081324 0.616659 -3.651836 152
0.110736 0.746398 0.202909 183
0.000768 0.741156 0.980357 167
0.072414 0.628453 1.388123 169
0.110736 0.746398 0.202909 183
0.203275 0.856480 0.279709 200
0.023973 0.872212 0.235627 184
-0.219168 0.730672 -1.688878 134
-0.235061 0.604864 19.433430 132
-0.081324 0.616659 -3.651836 152
0.123361 0.435810 1.624974 154
0.163714 0.327039 0.575999 153
0.266847 0.353249 0.719431 172
0.235061 0.604864 0.506336 186
0.134576 0.557687 0.454667 168
0.250954 0.479057 0.590874 171
0.034091 0.510509 0.416985 151
-0.004231 0.392564 -2.798120 135
0.123361 0.435810 1.624974 154
0.382682 0.674543 0.425404 202
0.360982 0.819266 0.207665 203
0.219168 0.730672 0.322452 187
0.349368 0.525509 0.634773 189
0.382682 0.674543 0.425404 202
0.235061 0.604864 0.506336 186
0.447782 0.571962 0.462592 205
0.534582 0.656244 0.281566 217
0.382682 0.674543 0.425404 202
-0.876307 0.481754 -488.994829 40
-0.708183 0.493222 2122.558117 56
-0.809017 0.587785 -528.213969 55
-0.389865 0.411315 288.970080 95
-0.250954 0.479057 -59.594727 114
-0.349368 0.525509 -57.434767 113
-0.162647 0.251030 -64.952912 99
-0.135539 0.372907 1.187624 116
-0.266847 0.353249 105.341747 98
-0.298634 0.101634 -1700.161420 73
-0.189755 0.129154 211.776086 93
-0.282741 0.227442 74.424350 79
-0.042554 0.274619 15.113039 117
-0.135539 0.372907 1.187624 116
-0.162647 0.251030 -64.952912 99
-0.108431 0.494783 8.971751 133
-0.004231 0.392564 -2.798120 135
0.034091 0.510509 0.416985 151
-0.282741 0.227442 74.424350 79
-0.162647 0.251030 -64.952912 99
-0.266847 0.353249 105.341747 98
-0.042554 0.274619 15.113039 117
-0.004231 0.392564 -2.798120 135
-0.135539 0.372907 1.187624 116
0.167922 0.223510 2.683546 147
0.172130 0.119981 -1.353786 137
0.282741 0.227442 0.998800 155
0.060580 0.300829 -0.233983 136
0.167922 0.223510 2.683546 147
0.163714 0.327039 0.575999 153
0.040329 0.180264 -3.674193 129
0.172130 0.119981 -1.353786 137
0.167922 0.223510 2.683546 147
-0.080876 0.156675 -6.646670 110
0.040329 0.180264 -3.674193 129
-0.042554 0.274619 15.113039 117
0.020079 0.059698 22.941357 118
0.172130 0.119981 -1.353786 137
0.040329 0.180264 -3.674193 129
0.282741 0.227442 0.998800 155
0.266847 0.353249 0.719431 172
0.163714 0.327039 0.575999 153
-0.534582 0.656244 39.026909 96
-0.535827 0.844328 -1.948777 111
-0.637424 0.770513 -52.014720 94
0.847640 -0.274036 0.207920 227
0.903483 -0.146108 0.161586 239
0.792049 -0.172045 0.346430 224
0.968583 -0.248690 -0.000029 241
0.903483 -0.146108 0.161586 239
0.847640 -0.274036 0.207920 227
0.791796 -0.401964 0.215495 213
0.735953 -0.529892 0.176970 196
0.876307 -0.481754 -0.001005 211
0.929776 -0.368125 -0.001724 226
0.791796 -0.401964 0.215495 213
0.876307 -0.481754 -0.001005 211
0.592925 -0.376490 0.550287 194
0.569181 -0.223917 0.668705 195
0.443723 -0.339315 0.482127 177
0.616669 -0.529062 0.352480 181
0.592925 -0.376490 0.550287 194
0.486789 -0.444362 0.468766 176
0.736206 -0.299972 0.353370 212
0.569181 -0.223917 0.668705 195
0.592925 -0.376490 0.550287 194
0.847640 -0.274036 0.207920 227
0.736206 -0.299972 0.353370 212
0.791796 -0.401964 0.215495 213
0.680615 -0.197981 0.491133 209
0.569181 -0.223917 0.668705 195
0.736206 -0.299972 0.353370 212
0.378100 -0.527404 0.625040 158
0.486789 -0.444362 0.468766 176
0.362206 -0.401597 1.425343 159
0.518255 -0.575515 0.413331 164
0.393993 -0.653212 0.387440 146
0.515708 -0.711863 0.221397 162
0.486789 -0.444362 0.468766 176
0.518255 -0.575515 0.413331 164
0.616669 -0.529062 0.352480 181
0.378100 -0.527404 0.625040 158
0.393993 -0.653212 0.387440 146
0.518255 -0.575515 0.413331 164
0.658410 -0.623625 0.173663 179
0.728969 -0.684547 0.000300 180
0.735953 -0.529892 0.176970 196
0.196515 -0.037934 1.911177 140
0.330420 -0.149981 0.677673 160
0.314527 -0.024174 0.685303 157
-0.195844 -0.197159 -836.887538 84
-0.118071 -0.307241 295.380848 89
-0.064278 -0.185365 113.168806 103
-0.118071 -0.307241 295.380848 89
-0.234167 -0.315104 -845.510502 70
-0.145550 -0.426758 83.108668 87
0.210774 -0.256132 -0.239502 142
0.346313 -0.275789 1.634595 161
0.330420 -0.149981 0.677673 160
0.210774 -0.256132 -0.239502 142
0.235267 -0.407887 -2.534613 143
0.346313 -0.275789 1.634595 161
0.067288 -0.173570 -8.946628 121
0.114121 -0.291515 10.608485 124
0.198854 -0.161776 1.740084 141
0.108328 -0.414177 12.750379 123
0.114121 -0.291515 10.608485 124
-0.001975 -0.299378 -55.515146 107
0.247982 -0.508533 -0.686850 139
0.362206 -0.401597 1.425343 159
0.235267 -0.407887 -2.534613 143
0.443723 -0.339315 0.482127 177
0.486789 -0.444362 0.468766 176
0.592925 -0.376490 0.550287 194
0.346313 -0.275789 1.634595 161
0.443723 -0.339315 0.482127 177
0.469331 -0.217723 0.632149 178
0.362206 -0.401597 1.425343 159
0.486789 -0.444362 0.468766 176
0.443723 -0.339315 0.482127 177
0.518255 -0.575515 0.413331 164
0.658410 -0.623625 0.173663 179
0.616669 -0.529062 0.352480 181
0.735953 -0.529892 0.176970 196
0.809017 -0.587785 0.000485 193
0.876307 -0.481754 -0.001005 211
0.616669 -0.529062 0.352480 181
0.658410 -0.623625 0.173663 179
0.735953 -0.529892 0.176970 196
0.791796 -0.401964 0.215495 213
0.736206 -0.299972 0.353370 212
0.664439 -0.453191 0.345515 197
0.486789 -0.444362 0.468766 176
0.378100 -0.527404 0.625040 158
0.518255 -0.575515 0.413331 164
0.728969 -0.684547 0.000300 180
0.809017 -0.587785 0.000485 193
0.735953 -0.529892 0.176970 196
0.847640 -0.274036 0.207920 227
0.792049 -0.172045 0.346430 224
0.736206 -0.299972 0.353370 212
0.838383 -0.043527 0.294648 225
0.792049 -0.172045 0.346430 224
0.903483 -0.146108 0.161586 239
0.715365 -0.101593 0.478597 210
0.680615 -0.197981 0.491133 209
0.792049 -0.172045 0.346430 224
1.000000 -0.000000 0.000389 240
0.992115 0.125333 -0.000100 233
0.915249 0.040903 0.160596 228
0.295977 -0.844070 0.235606 125
0.177179 -0.862891 0.458711 109
0.309017 -0.951057 -0.065690 108
0.425779 -0.904827 -0.023939 126
0.295977 -0.844070 0.235606 125
0.309017 -0.951057 -0.065690 108
0.282937 -0.737084 -0.030202 127
0.177179 -0.862891 0.458711 109
0.295977 -0.844070 0.235606 125
0.062791 -0.998027 -0.899355 72
0.060826 -0.904827 0.729013 91
-0.062791 -0.998027 2.606443 71
-0.272489 -0.433048 78.833542 67
-0.234167 -0.315104 -845.510502 70
-0.362206 -0.401597 1702.278074 53
-0.349134 -0.668938 246.798618 51
-0.166657 -0.668938 -62.715162 68
-0.219573 -0.550993 189.381686 69
-0.005837 -0.810471 -2.580778 101
-0.060826 -0.904827 -2.041093 82
0.060826 -0.904827 0.729013 91
0.177179 -0.862891 0.458711 109
-0.005837 -0.810471 -2.580778 101
0.060826 -0.904827 0.729013 91
-0.072500 -0.716116 6.555142 83
-0.156928 -0.826197 20.398081 81
-0.005837 -0.810471 -2.580778 101
-0.272489 -0.433048 78.833542 67
-0.219573 -0.550993 189.381686 69
-0.145550 -0.426758 83.108668 87
-0.321429 -0.833823 -33.095868 46
-0.409886 -0.779019 281.709032 45
-0.425779 -0.904827 -68.622989 32
-0.232973 -0.888627 19.327061 62
-0.321429 -0.833823 -33.095868 46
-0.309017 -0.951057 21.289436 47
-0.232973 -0.888627 19.327061 62
-0.253031 -0.747568 -83.697129 61
-0.321429 -0.833823 -33.095868 46
-0.166657 -0.668938 -62.715162 68
-0.253031 -0.747568 -83.697129 61
-0.156928 -0.826197 20.398081 81
-0.349134 -0.668938 246.798618 51
-0.409886 -0.779019 281.709032 45
-0.253031 -0.747568 -83.697129 61
0.187381 -0.982287 -0.119036 90
0.060826 -0.904827 0.729013 91
0.062791 -0.998027 -0.899355 72
0.235267 -0.407887 -2.534613 143
0.362206 -0.401597 1.425343 159
0.346313 -0.275789 1.634595 161
0.298781 -0.621760 1.066224 138
0.378100 -0.527404 0.625040 158
0.247982 -0.508533 -0.686850 139
0.518255 -0.575515 0.413331 164
0.515708 -0.711863 0.221397 162
0.658410 -0.623625 0.173663 179
0.298781 -0.621760 1.066224 138
0.393993 -0.653212 0.387440 146
0.378100 -0.527404 0.625040 158
0.141155 -0.577727 -1.995911 120
0.164458 -0.730094 1.945743 119
0.298781 -0.621760 1.066224 138
0.108328 -0.414177 12.750379 123
0.141155 -0.577727 -1.995911 120
0.247982 -0.508533 -0.686850 139
0.034327 -0.646921 -2.362737 102
0.164458 -0.730094 1.945743 119
0.141155 -0.577727 -1.995911 120
0.108328 -0.414177 12.750379 123
-0.012254 -0.470791 5.903799 105
0.141155 -0.577727 -1.995911 120
-0.072500 -0.716116 6.555142 83
-0.005837 -0.810471 -2.580778 101
0.034327 -0.646921 -2.362737 102
0.282937 -0.737084 -0.030202 127
0.393993 -0.653212 0.387440 146
0.298781 -0.621760 1.066224 138
-0.005837 -0.810471 -2.580778 101
0.177179 -0.862891 0.458711 109
0.164458 -0.730094 1.945743 119
0.187381 -0.982287 -0.119036 90
0.177179 -0.862891 0.458711 109
0.060826 -0.904827 0.729013 91
0.187381 -0.982287 -0.119036 90
0.309017 -0.951057 -0.065690 108
0.177179 -0.862891 0.458711 109
0.409886 -0.779019 0.298306 144
0.393993 -0.653212 0.387440 146
0.282937 -0.737084 -0.030202 127
0.515708 -0.711863 0.221397 162
0.637424 -0.770513 0.006697 163
0.658410 -0.623625 0.173663 179
0.409886 -0.779019 0.298306 144
0.515708 -0.711863 0.221397 162
0.393993 -0.653212 0.387440 146
0.409886 -0.779019 0.298306 144
0.535827 -0.844328 -0.019672 145
0.515708 -0.711863 0.221397 162
0.425779 -0.904827 -0.023939 126
0.409886 -0.779019 0.298306 144
0.295977 -0.844070 0.235606 125
-0.065162 -0.389016 -38.083183 106
-0.145550 -0.426758 83.108668 87
-0.115913 -0.510892 -28.241220 88
-0.272489 -0.433048 78.833542 67
-0.145550 -0.426758 83.108668 87
-0.234167 -0.315104 -845.510502 70
-0.219573 -0.550993 189.381686 69
-0.378100 -0.527404 -1279.415071 52
-0.349134 -0.668938 246.798618 51
-0.072500 -0.716116 6.555142 83
-0.042377 -0.593453 20.021124 86
-0.166657 -0.668938 -62.715162 68
-0.272489 -0.433048 78.833542 67
-0.378100 -0.527404 -1279.415071 52
-0.219573 -0.550993 189.381686 69
0.535827 -0.844328 -0.019672 145
0.409886 -0.779019 0.298306 144
0.425779 -0.904827 -0.023939 126
0.535827 -0.844328 -0.019672 145
0.637424 -0.770513 0.006697 163
0.515708 -0.711863 0.221397 162
0.409886 -0.779019 0.298306 144
0.282937 -0.737084 -0.030202 127
0.295977 -0.844070 0.235606 125
0.637424 -0.770513 0.006697 163
0.728969 -0.684547 0.000300 180
0.658410 -0.623625 0.173663 179
-0.309017 0.951057 -1.165577 148
-0.203275 0.856480 0.160564 149
-0.187381 0.982287 0.313306 165
-0.109200 0.735914 1.660704 150
-0.219168 0.730672 -1.688878 134
-0.081324 0.616659 -3.651836 152
-0.187381 0.982287 0.313306 165
-0.203275 0.856480 0.160564 149
-0.089651 0.864346 -0.089520 166
-0.219168 0.730672 -1.688878 134
-0.382682 0.674543 -8.659538 115
-0.235061 0.604864 19.433430 132
-0.089651 0.864346 -0.089520 166
-0.109200 0.735914 1.660704 150
0.000768 0.741156 0.980357 167
-0.253031 -0.747568 -83.697129 61
-0.166657 -0.668938 -62.715162 68
-0.349134 -0.668938 246.798618 51
-0.060826 -0.904827 -2.041093 82
-0.156928 -0.826197 20.398081 81
-0.187381 -0.982287 -11.337579 63
-0.060826 -0.904827 -2.041093 82
-0.005837 -0.810471 -2.580778 101
-0.156928 -0.826197 20.398081 81
-0.232973 -0.888627 19.327061 62
-0.156928 -0.826197 20.398081 81
-0.253031 -0.747568 -83.697129 61
-0.187381 -0.982287 -11.337579 63
-0.232973 -0.888627 19.327061 62
-0.309017 -0.951057 21.289436 47
-0.187381 -0.982287 -11.337579 63
-0.156928 -0.826197 20.398081 81
-0.232973 -0.888627 19.327061 62
-0.062791 -0.998027 2.606443 71
-0.060826 -0.904827 -2.041093 82
-0.187381 -0.982287 -11.337579 63
-0.042377 -0.593453 20.021124 86
-0.072500 -0.716116 6.555142 83
0.034327 -0.646921 -2.362737 102
-0.012254 -0.470791 5.903799 105
-0.042377 -0.593453 20.021124 86
0.034327 -0.646921 -2.362737 102
-0.115913 -0.510892 -28.241220 88
-0.166657 -0.668938 -62.715162 68
-0.042377 -0.593453 20.021124 86
-0.518255 -0.575515 6050.910899 36
-0.616669 -0.529062 -35903.375333 25
-0.658410 -0.623625 -1361.213011 24
-0.433694 -0.622226 -741.479969 37
-0.518255 -0.575515 6050.910899 36
-0.534148 -0.701322 -941.574276 31
-0.409886 -0.779019 281.709032 45
-0.433694 -0.622226 -741.479969 37
-0.534148 -0.701322 -941.574276 31
-0.349134 -0.668938 246.798618 51
-0.378100 -0.527404 -1279.415071 52
-0.433694 -0.622226 -741.479969 37
-0.378100 -0.527404 -1279.415071 52
-0.486789 -0.444362 1654.149807 38
-0.518255 -0.575515 6050.910899 36
0.060826 -0.904827 0.729013 91
-0.060826 -0.904827 -2.041093 82
-0.062791 -0.998027 2.606443 71
-0.534148 -0.701322 -941.574276 31
-0.535827 -0.844328 -101.947201 30
-0.409886 -0.779019 281.709032 45
-0.486789 -0.444362 1654.149807 38
-0.378100 -0.527404 -1279.415071 52
-0.362206 -0.401597 1702.278074 53
-0.728969 -0.684547 -10199.994076 14
-0.637424 -0.770513 2192.381809 19
-0.658410 -0.623625 -1361.213011 24
-0.321429 -0.833823 -33.095868 46
-0.253031 -0.747568 -83.697129 61
-0.409886 -0.779019 281.709032 45
-0.346313 -0.275789 3619.000923 64
-0.362206 -0.401597 1702.278074 53
-0.234167 -0.315104 -845.510502 70
-0.195844 -0.197159 -836.887538 84
-0.346313 -0.275789 3619.000923 64
-0.234167 -0.315104 -845.510502 70
-0.658594 0.038247 123162.240033 29
-0.584401 -0.096754 32441.362255 35
-0.515073 -0.029496 -32179.053789 39
-0.330420 -0.149981 1463.864370 66
-0.441136 -0.097722 -763.376889 50
-0.469331 -0.217723 -10262.165895 49
-0.330420 -0.149981 1463.864370 66
-0.314527 -0.024174 -1409.161227 65
-0.441136 -0.097722 -763.376889 50
-0.321429 -0.833823 -33.095868 46
-0.425779 -0.904827 -68.622989 32
-0.309017 -0.951057 21.289436 47
-0.378100 -0.527404 -1279.415071 52
-0.518255 -0.575515 6050.910899 36
-0.433694 -0.622226 -741.479969 37
-0.535827 -0.844328 -101.947201 30
-0.425779 -0.904827 -68.622989 32
-0.409886 -0.779019 281.709032 45
0.298634 0.101634 1.173084 156
0.172130 0.119981 -1.353786 137
0.196515 -0.037934 1.911177 140
-0.216863 0.007278 623.961051 80
-0.157522 -0.079215 10.761578 85
-0.119199 0.038730 -112.155657 100
0.198854 -0.161776 1.740084 141
0.210774 -0.256132 -0.239502 142
0.330420 -0.149981 0.677673 160
-0.118071 -0.307241 295.380848 89
-0.195844 -0.197159 -836.887538 84
-0.234167 -0.315104 -845.510502 70
0.114121 -0.291515 10.608485 124
0.235267 -0.407887 -2.534613 143
0.210774 -0.256132 -0.239502 142
0.114121 -0.291515 10.608485 124
0.108328 -0.414177 12.750379 123
0.235267 -0.407887 -2.534613 143
0.198854 -0.161776 1.740084 141
0.114121 -0.291515 10.608485 124
0.210774 -0.256132 -0.239502 142
0.067288 -0.173570 -8.946628 121
-0.064278 -0.185365 113.168806 103
-0.001975 -0.299378 -55.515146 107
-0.012254 -0.470791 5.903799 105
0.034327 -0.646921 -2.362737 102
0.141155 -0.577727 -1.995911 120
-0.064278 -0.185365 113.168806 103
-0.035536 -0.096906 5.384100 104
-0.157522 -0.079215 10.761578 85
-0.001975 -0.299378 -55.515146 107
-0.064278 -0.185365 113.168806 103
-0.118071 -0.307241 295.380848 89
0.067288 -0.173570 -8.946628 121
-0.035536 -0.096906 5.384100 104
-0.064278 -0.185365 113.168806 103
-0.330420 -0.149981 1463.864370 66
-0.195844 -0.197159 -836.887538 84
-0.157522 -0.079215 10.761578 85
-0.330420 -0.149981 1463.864370 66
-0.346313 -0.275789 3619.000923 64
-0.195844 -0.197159 -836.887538 84
-0.658594 0.038247 123162.240033 29
-0.576964 0.099699 -19491.131236 44
-0.708183 0.161636 44608.086436 28
-0.838383 -0.043527 2049006.159036 12
-0.715365 -0.101593 -379873.645609 23
-0.773283 0.059054 -315960.825285 18
-0.584401 -0.096754 32441.362255 35
-0.469331 -0.217723 -10262.165895 49
-0.441136 -0.097722 -763.376889 50
-0.715365 -0.101593 -379873.645609 23
-0.584401 -0.096754 32441.362255 35
-0.658594 0.038247 123162.240033 29
-0.773283 0.059054 -315960.825285 18
-0.715365 -0.101593 -379873.645609 23
-0.658594 0.038247 123162.240033 29
-0.680615 -0.197981 48507.548507 22
-0.569181 -0.223917 42716.904111 34
-0.584401 -0.096754 32441.362255 35
-0.792049 -0.172045 440173.480544 13
-0.680615 -0.197981 48507.548507 22
-0.715365 -0.101593 -379873.645609 23
-0.792049 -0.172045 440173.480544 13
-0.847640 -0.274036 1830632.715268 11
-0.680489 -0.312940 -366427.120041 21
-0.715365 -0.101593 -379873.645609 23
-0.680615 -0.197981 48507.548507 22
-0.584401 -0.096754 32441.362255 35
-0.838383 -0.043527 2049006.159036 12
-0.792049 -0.172045 440173.480544 13
-0.715365 -0.101593 -379873.645609 23
-0.314527 -0.024174 -1409.161227 65
-0.298634 0.101634 -1700.161420 73
-0.445745 0.037763 7701.013594 54
-0.680489 -0.312940 -366427.120041 21
-0.592925 -0.376490 32939.960338 33
-0.569181 -0.223917 42716.904111 34
-0.569181 -0.223917 42716.904111 34
-0.592925 -0.376490 32939.960338 33
-0.443723 -0.339315 -15135.989943 48
-0.658410 -0.623625 -1361.213011 24
-0.616669 -0.529062 -35903.375333 25
-0.735953 -0.529892 46776.894076 15
-0.658410 -0.623625 -1361.213011 24
-0.534148 -0.701322 -941.574276 31
-0.518255 -0.575515 6050.910899 36
-0.443723 -0.339315 -15135.989943 48
-0.469331 -0.217723 -10262.165895 49
-0.569181 -0.223917 42716.904111 34
-0.362206 -0.401597 1702.278074 53
-0.443723 -0.339315 -15135.989943 48
-0.486789 -0.444362 1654.149807 38
-0.362206 -0.401597 1702.278074 53
-0.346313 -0.275789 3619.000923 64
-0.443723 -0.339315 -15135.989943 48
0.247982 -0.508533 -0.686850 139
0.141155 -0.577727 -1.995911 120
0.298781 -0.621760 1.066224 138
-0.156928 -0.826197 20.398081 81
-0.072500 -0.716116 6.555142 83
-0.166657 -0.668938 -62.715162 68
0.164458 -0.730094 1.945743 119
0.177179 -0.862891 0.458711 109
0.282937 -0.737084 -0.030202 127
0.298781 -0.621760 1.066224 138
0.164458 -0.730094 1.945743 119
0.282937 -0.737084 -0.030202 127
0.034327 -0.646921 -2.362737 102
-0.005837 -0.810471 -2.580778 101
0.164458 -0.730094 1.945743 119
0.108328 -0.414177 12.750379 123
0.247982 -0.508533 -0.686850 139
0.235267 -0.407887 -2.534613 143
-0.115913 -0.510892 -28.241220 88
-0.012254 -0.470791 5.903799 105
-0.065162 -0.389016 -38.083183 106
-0.219573 -0.550993 189.381686 69
-0.115913 -0.510892 -28.241220 88
-0.145550 -0.426758 83.108668 87
-0.219573 -0.550993 189.381686 69
-0.166657 -0.668938 -62.715162 68
-0.115913 -0.510892 -28.241220 88
-0.115913 -0.510892 -28.241220 88
-0.042377 -0.593453 20.021124 86
-0.012254 -0.470791 5.903799 105
0.378100 -0.527404 0.625040 158
0.362206 -0.401597 1.425343 159
0.247982 -0.508533 -0.686850 139
