-0.903483 -0.146108 -85663160586716273041239376396288.000000 5
-0.992115 -0.125333 759696470641518151979620131405824.000000 1
-0.968583 -0.248690 -87063257975859987971030596452352.000000 2
-0.929776 -0.368125 6930304178364659383761897521152.000000 3
-0.847640 -0.274036 24754269604182475910835930660864.000000 11
-0.968583 -0.248690 -87063257975859987971030596452352.000000 2
-0.838383 -0.043527 27707168603242916831332432609280.000000 12
-1.000000 -0.000000 -65757031291890170536612335714304.000000 4
-0.903483 -0.146108 -85663160586716273041239376396288.000000 5
-0.791796 -0.401964 -5280118506184347859144199372800.000000 10
-0.876307 -0.481754 559192473888802897491291799552.000000 6
-0.735953 -0.529892 632526433099667384020953464832.000000 15
-0.664439 -0.453191 2392137238370544792756639760384.000000 20
-0.592925 -0.376490 445415511923050605249531215872.000000 33
-0.680489 -0.312940 -4954924892405184141817112690688.000000 21
-0.616669 -0.529062 -485498995684279529140685635584.000000 25
-0.664439 -0.453191 2392137238370544792756639760384.000000 20
-0.735953 -0.529892 632526433099667384020953464832.000000 15
-0.616669 -0.529062 -485498995684279529140685635584.000000 25
-0.592925 -0.376490 445415511923050605249531215872.000000 33
-0.664439 -0.453191 2392137238370544792756639760384.000000 20
-0.847640 -0.274036 24754269604182475910835930660864.000000 11
-0.929776 -0.368125 6930304178364659383761897521152.000000 3
-0.791796 -0.401964 -5280118506184347859144199372800.000000 10
-0.577982 0.366799 22530149566905788047344795648.000000 58
-0.479568 0.320346 -11738256978180931389132636160.000000 75
-0.512882 0.469380 -4322598090251445428583137280.000000 77
-0.381154 0.273894 -12305875661958915809670594560.000000 78
-0.528266 0.210023 51878859583558414241974190080.000000 59
-0.413450 0.155828 25410735137338825755479506944.000000 60
-0.389865 0.411315 3898346282572667322256850944.000000 95
-0.479568 0.320346 -11738256978180931389132636160.000000 75
-0.381154 0.273894 -12305875661958915809670594560.000000 78
-0.250954 0.479057 -815422117724955243460952064.000000 114
-0.389865 0.411315 3898346282572667322256850944.000000 95
-0.266847 0.353249 1413585404900965633935540224.000000 98
-0.349368 0.525509 -784784698993606335991382016.000000 113
-0.447782 0.571962 1067803970636054627807657984.000000 97
-0.389865 0.411315 3898346282572667322256850944.000000 95
-0.577982 0.366799 22530149566905788047344795648.000000 58
-0.528266 0.210023 51878859583558414241974190080.000000 59
-0.479568 0.320346 -11738256978180931389132636160.000000 75
-0.080876 0.156675 -102979797288266227750273024.000000 110
-0.042554 0.274619 191884315946958861161725952.000000 117
-0.162647 0.251030 -890621886801259185550917632.000000 99
-0.189755 0.129154 2850879291493578358646636544.000000 93
-0.080876 0.156675 -102979797288266227750273024.000000 110
-0.162647 0.251030 -890621886801259185550917632.000000 99
-0.282741 0.227442 994642879958928624300589056.000000 79
-0.189755 0.129154 2850879291493578358646636544.000000 93
-0.162647 0.251030 -890621886801259185550917632.000000 99
-0.298634 0.101634 -23002183612539810445977976832.000000 73
-0.216863 0.007278 8424471442967371540762460160.000000 80
-0.189755 0.129154 2850879291493578358646636544.000000 93
0.198854 -0.161776 10896208016031723573739520.000000 141
0.078503 -0.051694 -29978426349444447858589696.000000 122
0.067288 -0.173570 -134032180710012898678669312.000000 121
0.125317 0.034143 -64778527620191738180665344.000000 128
0.020079 0.059698 296750152489340777682436096.000000 118
0.078503 -0.051694 -29978426349444447858589696.000000 122
0.196515 -0.037934 12862828022567095750361088.000000 140
0.125317 0.034143 -64778527620191738180665344.000000 128
0.078503 -0.051694 -29978426349444447858589696.000000 122
0.172130 0.119981 -31233172424232892477997056.000000 137
0.020079 0.059698 296750152489340777682436096.000000 118
0.125317 0.034143 -64778527620191738180665344.000000 128
0.282741 0.227442 1764268098313050650574848.000000 155
0.172130 0.119981 -31233172424232892477997056.000000 137
0.298634 0.101634 3686107929639297310785536.000000 156
0.282741 0.227442 1764268098313050650574848.000000 155
0.163714 0.327039 -3924753754189483852431360.000000 153
0.167922 0.223510 23822149113882046871109632.000000 147
-0.080876 0.156675 -102979797288266227750273024.000000 110
-0.119199 0.038730 -1529906622666458196294500352.000000 100
0.020079 0.059698 296750152489340777682436096.000000 118
-0.838383 -0.043527 27707168603242916831332432609280.000000 12
-0.915249 0.040903 4750331018489226421964573245440.000000 9
-1.000000 -0.000000 -65757031291890170536612335714304.000000 4
-0.903483 -0.146108 -85663160586716273041239376396288.000000 5
-1.000000 -0.000000 -65757031291890170536612335714304.000000 4
-0.992115 -0.125333 759696470641518151979620131405824.000000 1
-0.362206 -0.401597 23009061556088321393500880896.000000 53
-0.378100 -0.527404 -17308397686161697246988468224.000000 52
-0.272489 -0.433048 1056024446589046163450626048.000000 67
-0.847640 -0.274036 24754269604182475910835930660864.000000 11
-0.903483 -0.146108 -85663160586716273041239376396288.000000 5
-0.968583 -0.248690 -87063257975859987971030596452352.000000 2
-0.847640 -0.274036 24754269604182475910835930660864.000000 11
-0.792049 -0.172045 5952131006691706045638975160320.000000 13
-0.903483 -0.146108 -85663160586716273041239376396288.000000 5
-0.876307 -0.481754 559192473888802897491291799552.000000 6
-0.791796 -0.401964 -5280118506184347859144199372800.000000 10
-0.929776 -0.368125 6930304178364659383761897521152.000000 3
-0.664439 -0.453191 2392137238370544792756639760384.000000 20
-0.791796 -0.401964 -5280118506184347859144199372800.000000 10
-0.735953 -0.529892 632526433099667384020953464832.000000 15
-0.680615 -0.197981 655924447360276374712408342528.000000 22
-0.680489 -0.312940 -4954924892405184141817112690688.000000 21
-0.569181 -0.223917 577620173555203190864767614976.000000 34
-0.680615 -0.197981 655924447360276374712408342528.000000 22
-0.792049 -0.172045 5952131006691706045638975160320.000000 13
-0.680489 -0.312940 -4954924892405184141817112690688.000000 21
-0.515073 -0.029496 -435143118375051410303396872192.000000 39
-0.441136 -0.097722 -10333334469903650374748733440.000000 50
-0.445745 0.037763 104124211298594031980714655744.000000 54
-0.330420 -0.149981 19782997554018596266560192512.000000 66
-0.469331 -0.217723 -138777470756776464237650247680.000000 49
-0.346313 -0.275789 48926161583994658303057592320.000000 64
-0.838383 -0.043527 27707168603242916831332432609280.000000 12
-0.903483 -0.146108 -85663160586716273041239376396288.000000 5
-0.792049 -0.172045 5952131006691706045638975160320.000000 13
-0.735953 -0.529892 632526433099667384020953464832.000000 15
-0.809017 -0.587785 -421121549565681199879961968640.000000 7
-0.728969 -0.684547 -137926865219762153517532315648.000000 14
-0.346313 -0.275789 48926161583994658303057592320.000000 64
-0.469331 -0.217723 -138777470756776464237650247680.000000 49
-0.443723 -0.339315 -204681936049124050736510926848.000000 48
-0.876307 -0.481754 559192473888802897491291799552.000000 6
-0.809017 -0.587785 -421121549565681199879961968640.000000 7
-0.735953 -0.529892 632526433099667384020953464832.000000 15
-0.309017 0.951057 -15761218555702149874974720.000000 148
-0.317582 0.777124 30988013501095030311354368.000000 131
-0.203275 0.856480 -872975308041701621235712.000000 149
-0.915249 0.040903 4750331018489226421964573245440.000000 9
-0.992115 0.125333 6433036804345068884986249084928.000000 8
-1.000000 -0.000000 -65757031291890170536612335714304.000000 4
-0.773283 0.059054 -4272506514192161298260193968128.000000 18
-0.915249 0.040903 4750331018489226421964573245440.000000 9
-0.838383 -0.043527 27707168603242916831332432609280.000000 12
-0.773283 0.059054 -4272506514192161298260193968128.000000 18
-0.838383 0.205163 -1284657433832767350387435896832.000000 17
-0.915249 0.040903 4750331018489226421964573245440.000000 9
-0.317582 0.777124 30988013501095030311354368.000000 131
-0.309017 0.951057 -15761218555702149874974720.000000 148
-0.425779 0.904827 22829347775052594095849472.000000 130
-0.447782 0.737755 -82826835098697554473254912.000000 112
-0.425779 0.904827 22829347775052594095849472.000000 130
-0.535827 0.844328 -26351848821245399344873472.000000 111
-0.992115 0.125333 6433036804345068884986249084928.000000 8
-0.915249 0.040903 4750331018489226421964573245440.000000 9
-0.838383 0.205163 -1284657433832767350387435896832.000000 17
-0.382682 0.674543 -122485684340857638028836864.000000 115
-0.447782 0.571962 1067803970636054627807657984.000000 97
-0.349368 0.525509 -784784698993606335991382016.000000 113
-0.425779 0.904827 22829347775052594095849472.000000 130
-0.447782 0.737755 -82826835098697554473254912.000000 112
-0.317582 0.777124 30988013501095030311354368.000000 131
-0.382682 0.674543 -122485684340857638028836864.000000 115
-0.349368 0.525509 -784784698993606335991382016.000000 113
-0.235061 0.604864 254955855755120537161957376.000000 132
-0.816683 0.308437 266660786708680001433259474944.000000 27
-0.968583 0.248690 -833251371597355474433892941824.000000 16
-0.838383 0.205163 -1284657433832767350387435896832.000000 17
-0.816683 0.308437 266660786708680001433259474944.000000 27
-0.929776 0.368125 81764889392678918003282149376.000000 26
-0.968583 0.248690 -833251371597355474433892941824.000000 16
-0.708183 0.161636 603195289119353881823578947584.000000 28
-0.816683 0.308437 266660786708680001433259474944.000000 27
-0.838383 0.205163 -1284657433832767350387435896832.000000 17
-0.794983 0.411712 -47823261683336618599769964544.000000 41
-0.929776 0.368125 81764889392678918003282149376.000000 26
-0.816683 0.308437 266660786708680001433259474944.000000 27
-0.314527 -0.024174 -19067206386498277977016500224.000000 65
-0.330420 -0.149981 19782997554018596266560192512.000000 66
-0.157522 -0.079215 132418869163979722203332608.000000 85
-0.080876 0.156675 -102979797288266227750273024.000000 110
-0.189755 0.129154 2850879291493578358646636544.000000 93
-0.119199 0.038730 -1529906622666458196294500352.000000 100
-0.576964 0.099699 -263572826880703657180309487616.000000 44
-0.528266 0.210023 51878859583558414241974190080.000000 59
-0.643082 0.264217 -57721142204224931779613556736.000000 43
-0.773283 0.059054 -4272506514192161298260193968128.000000 18
-0.658594 0.038247 1665422906603925433332772372480.000000 29
-0.708183 0.161636 603195289119353881823578947584.000000 28
-0.445745 0.037763 104124211298594031980714655744.000000 54
-0.413450 0.155828 25410735137338825755479506944.000000 60
-0.576964 0.099699 -263572826880703657180309487616.000000 44
-0.216863 0.007278 8424471442967371540762460160.000000 80
-0.298634 0.101634 -23002183612539810445977976832.000000 73
-0.314527 -0.024174 -19067206386498277977016500224.000000 65
-0.157522 -0.079215 132418869163979722203332608.000000 85
-0.216863 0.007278 8424471442967371540762460160.000000 80
-0.314527 -0.024174 -19067206386498277977016500224.000000 65
-0.119199 0.038730 -1529906622666458196294500352.000000 100
-0.189755 0.129154 2850879291493578358646636544.000000 93
-0.216863 0.007278 8424471442967371540762460160.000000 80
-0.576964 0.099699 -263572826880703657180309487616.000000 44
-0.643082 0.264217 -57721142204224931779613556736.000000 43
-0.708183 0.161636 603195289119353881823578947584.000000 28
-0.413450 0.155828 25410735137338825755479506944.000000 60
-0.528266 0.210023 51878859583558414241974190080.000000 59
-0.576964 0.099699 -263572826880703657180309487616.000000 44
-0.298634 0.101634 -23002183612539810445977976832.000000 73
-0.413450 0.155828 25410735137338825755479506944.000000 60
-0.445745 0.037763 104124211298594031980714655744.000000 54
-0.298634 0.101634 -23002183612539810445977976832.000000 73
-0.282741 0.227442 994642879958928624300589056.000000 79
-0.413450 0.155828 25410735137338825755479506944.000000 60
-0.381154 0.273894 -12305875661958915809670594560.000000 78
-0.266847 0.353249 1413585404900965633935540224.000000 98
-0.389865 0.411315 3898346282572667322256850944.000000 95
-0.381154 0.273894 -12305875661958915809670594560.000000 78
-0.282741 0.227442 994642879958928624300589056.000000 79
-0.266847 0.353249 1413585404900965633935540224.000000 98
-0.528266 0.210023 51878859583558414241974190080.000000 59
-0.381154 0.273894 -12305875661958915809670594560.000000 78
-0.479568 0.320346 -11738256978180931389132636160.000000 75
-0.413450 0.155828 25410735137338825755479506944.000000 60
-0.282741 0.227442 994642879958928624300589056.000000 79
-0.381154 0.273894 -12305875661958915809670594560.000000 78
-0.577982 0.366799 22530149566905788047344795648.000000 58
-0.643082 0.264217 -57721142204224931779613556736.000000 43
-0.528266 0.210023 51878859583558414241974190080.000000 59
-0.577982 0.366799 22530149566905788047344795648.000000 58
-0.610532 0.481301 24786285408667395957284929536.000000 57
-0.719033 0.337964 -129372472919663194905732186112.000000 42
-0.621382 0.574733 -4585879619603007611508621312.000000 76
-0.708183 0.493222 28698309522875276421587009536.000000 56
-0.610532 0.481301 24786285408667395957284929536.000000 57
-0.719033 0.337964 -129372472919663194905732186112.000000 42
-0.816683 0.308437 266660786708680001433259474944.000000 27
-0.708183 0.161636 603195289119353881823578947584.000000 28
-0.577982 0.366799 22530149566905788047344795648.000000 58
-0.719033 0.337964 -129372472919663194905732186112.000000 42
-0.643082 0.264217 -57721142204224931779613556736.000000 43
-0.794983 0.411712 -47823261683336618599769964544.000000 41
-0.816683 0.308437 266660786708680001433259474944.000000 27
-0.719033 0.337964 -129372472919663194905732186112.000000 42
-0.708183 0.493222 28698309522875276421587009536.000000 56
-0.794983 0.411712 -47823261683336618599769964544.000000 41
-0.719033 0.337964 -129372472919663194905732186112.000000 42
-0.610532 0.481301 24786285408667395957284929536.000000 57
-0.708183 0.493222 28698309522875276421587009536.000000 56
-0.719033 0.337964 -129372472919663194905732186112.000000 42
-0.512882 0.469380 -4322598090251445428583137280.000000 77
-0.610532 0.481301 24786285408667395957284929536.000000 57
-0.577982 0.366799 22530149566905788047344795648.000000 58
-0.512882 0.469380 -4322598090251445428583137280.000000 77
-0.621382 0.574733 -4585879619603007611508621312.000000 76
-0.610532 0.481301 24786285408667395957284929536.000000 57
-0.621382 0.574733 -4585879619603007611508621312.000000 76
-0.809017 0.587785 -7142641101964829368476762112.000000 55
-0.708183 0.493222 28698309522875276421587009536.000000 56
-0.876307 0.481754 -6612310100814886226840518656.000000 40
-0.929776 0.368125 81764889392678918003282149376.000000 26
-0.794983 0.411712 -47823261683336618599769964544.000000 41
-0.445745 0.037763 104124211298594031980714655744.000000 54
-0.441136 -0.097722 -10333334469903650374748733440.000000 50
-0.314527 -0.024174 -19067206386498277977016500224.000000 65
-0.838383 0.205163 -1284657433832767350387435896832.000000 17
-0.773283 0.059054 -4272506514192161298260193968128.000000 18
-0.708183 0.161636 603195289119353881823578947584.000000 28
-0.643082 0.264217 -57721142204224931779613556736.000000 43
-0.719033 0.337964 -129372472919663194905732186112.000000 42
-0.708183 0.161636 603195289119353881823578947584.000000 28
-0.968583 0.248690 -833251371597355474433892941824.000000 16
-0.992115 0.125333 6433036804345068884986249084928.000000 8
-0.838383 0.205163 -1284657433832767350387435896832.000000 17
-0.515073 -0.029496 -435143118375051410303396872192.000000 39
-0.576964 0.099699 -263572826880703657180309487616.000000 44
-0.658594 0.038247 1665422906603925433332772372480.000000 29
-0.441136 -0.097722 -10333334469903650374748733440.000000 50
-0.515073 -0.029496 -435143118375051410303396872192.000000 39
-0.584401 -0.096754 438671418416629259217139662848.000000 35
-0.445745 0.037763 104124211298594031980714655744.000000 54
-0.576964 0.099699 -263572826880703657180309487616.000000 44
-0.515073 -0.029496 -435143118375051410303396872192.000000 39
-0.794983 0.411712 -47823261683336618599769964544.000000 41
-0.708183 0.493222 28698309522875276421587009536.000000 56
-0.876307 0.481754 -6612310100814886226840518656.000000 40
-0.447782 0.571962 1067803970636054627807657984.000000 97
-0.534582 0.656244 523897159770397020103114752.000000 96
-0.621382 0.574733 -4585879619603007611508621312.000000 76
-0.389865 0.411315 3898346282572667322256850944.000000 95
-0.447782 0.571962 1067803970636054627807657984.000000 97
-0.512882 0.469380 -4322598090251445428583137280.000000 77
-0.479568 0.320346 -11738256978180931389132636160.000000 75
-0.389865 0.411315 3898346282572667322256850944.000000 95
-0.512882 0.469380 -4322598090251445428583137280.000000 77
-0.250954 0.479057 -815422117724955243460952064.000000 114
-0.235061 0.604864 254955855755120537161957376.000000 132
-0.349368 0.525509 -784784698993606335991382016.000000 113
-0.382682 0.674543 -122485684340857638028836864.000000 115
-0.534582 0.656244 523897159770397020103114752.000000 96
-0.447782 0.571962 1067803970636054627807657984.000000 97
-0.728969 0.684547 3534641698213840523012079616.000000 74
-0.809017 0.587785 -7142641101964829368476762112.000000 55
-0.621382 0.574733 -4585879619603007611508621312.000000 76
-0.447782 0.737755 -82826835098697554473254912.000000 112
-0.382682 0.674543 -122485684340857638028836864.000000 115
-0.317582 0.777124 30988013501095030311354368.000000 131
-0.534582 0.656244 523897159770397020103114752.000000 96
-0.447782 0.737755 -82826835098697554473254912.000000 112
-0.535827 0.844328 -26351848821245399344873472.000000 111
-0.534582 0.656244 523897159770397020103114752.000000 96
-0.382682 0.674543 -122485684340857638028836864.000000 115
-0.447782 0.737755 -82826835098697554473254912.000000 112
-0.728969 0.684547 3534641698213840523012079616.000000 74
-0.631775 0.670396 281852909791662837388541952.000000 92
-0.637424 0.770513 -703356023791171756265308160.000000 94
-0.621382 0.574733 -4585879619603007611508621312.000000 76
-0.512882 0.469380 -4322598090251445428583137280.000000 77
-0.447782 0.571962 1067803970636054627807657984.000000 97
-0.631775 0.670396 281852909791662837388541952.000000 92
-0.534582 0.656244 523897159770397020103114752.000000 96
-0.637424 0.770513 -703356023791171756265308160.000000 94
-0.621382 0.574733 -4585879619603007611508621312.000000 76
-0.631775 0.670396 281852909791662837388541952.000000 92
-0.728969 0.684547 3534641698213840523012079616.000000 74
-0.621382 0.574733 -4585879619603007611508621312.000000 76
-0.534582 0.656244 523897159770397020103114752.000000 96
-0.631775 0.670396 281852909791662837388541952.000000 92
0.794983 0.411712 -2746841313883978727424.000000 236
0.929776 0.368125 -2735823595973698912256.000000 237
0.876307 0.481754 5949854273052433448960.000000 242
0.708183 0.493222 -8292202555527309295616.000000 238
0.794983 0.411712 -2746841313883978727424.000000 236
0.876307 0.481754 5949854273052433448960.000000 242
0.610532 0.481301 14197304358740588232704.000000 223
0.577982 0.366799 -24152055771563900796928.000000 208
0.719033 0.337964 8876356217063057915904.000000 222
0.349368 0.525509 446109497341187140354048.000000 189
0.512882 0.469380 -93255559981383263715328.000000 207
0.447782 0.571962 -131970851779874765406208.000000 205
0.349368 0.525509 446109497341187140354048.000000 189
0.422415 0.360024 106089872358616076386304.000000 190
0.512882 0.469380 -93255559981383263715328.000000 207
0.445745 0.037763 -132292353001407436029952.000000 170
0.314527 -0.024174 -2909790440378253946388480.000000 157
0.441136 -0.097722 1202400940351479850467328.000000 175
0.643082 0.264217 -45702942401474756345856.000000 206
0.522968 0.251959 120277692207234440757248.000000 191
0.571666 0.141635 182754105052828572581888.000000 188
0.794983 0.245918 9511341345186470952960.000000 220
0.719033 0.337964 8876356217063057915904.000000 222
0.643082 0.264217 -45702942401474756345856.000000 206
0.870933 0.153872 4461830689628920741888.000000 219
0.794983 0.245918 9511341345186470952960.000000 220
0.708183 0.161636 -31971463793096406335488.000000 204
0.870933 0.153872 4461830689628920741888.000000 219
0.968583 0.248690 -4012453431409771020288.000000 230
0.794983 0.245918 9511341345186470952960.000000 220
0.577982 0.366799 -24152055771563900796928.000000 208
0.422415 0.360024 106089872358616076386304.000000 190
0.522968 0.251959 120277692207234440757248.000000 191
0.040329 0.180264 -62744206386820136273182720.000000 129
0.167922 0.223510 23822149113882046871109632.000000 147
0.060580 0.300829 -15412854852640841253519360.000000 136
0.794983 0.245918 9511341345186470952960.000000 220
0.643082 0.264217 -45702942401474756345856.000000 206
0.708183 0.161636 -31971463793096406335488.000000 204
0.708183 0.493222 -8292202555527309295616.000000 238
0.719033 0.337964 8876356217063057915904.000000 222
0.794983 0.411712 -2746841313883978727424.000000 236
0.577982 0.366799 -24152055771563900796928.000000 208
0.643082 0.264217 -45702942401474756345856.000000 206
0.719033 0.337964 8876356217063057915904.000000 222
0.915249 0.040903 -680181724504249860096.000000 228
0.773283 0.059054 2310121474752597983232.000000 215
0.838383 -0.043527 -7728921134487728816128.000000 225
1.000000 -0.000000 5254337140556889587712.000000 240
0.915249 0.040903 -680181724504249860096.000000 228
0.838383 -0.043527 -7728921134487728816128.000000 225
0.992115 0.125333 -1358249056813609385984.000000 233
0.968583 0.248690 -4012453431409771020288.000000 230
0.870933 0.153872 4461830689628920741888.000000 219
0.794983 0.245918 9511341345186470952960.000000 220
0.929776 0.368125 -2735823595973698912256.000000 237
0.794983 0.411712 -2746841313883978727424.000000 236
0.062791 0.998027 -131395360144015734341632.000000 198
0.023973 0.872212 -41157290751361338572800.000000 184
0.187381 0.982287 -182235761582990394654720.000000 199
0.425779 0.904827 30321889021226098098176.000000 216
0.309017 0.951057 -283925144961720908775424.000000 214
0.360982 0.819266 123984511773148446720000.000000 203
0.309017 0.951057 -283925144961720908775424.000000 214
0.203275 0.856480 738136613851162161971200.000000 200
0.360982 0.819266 123984511773148446720000.000000 203
0.382682 0.674543 363173335116183777574912.000000 202
0.447782 0.737755 -88361758488205782417408.000000 218
0.360982 0.819266 123984511773148446720000.000000 203
0.512882 0.469380 -93255559981383263715328.000000 207
0.621382 0.574733 38692163985115183054848.000000 221
0.447782 0.571962 -131970851779874765406208.000000 205
0.719033 0.337964 8876356217063057915904.000000 222
0.708183 0.493222 -8292202555527309295616.000000 238
0.610532 0.481301 14197304358740588232704.000000 223
0.809017 0.587785 -9134932610275686219776.000000 235
0.728969 0.684547 -12491703984746359947264.000000 234
0.621382 0.574733 38692163985115183054848.000000 221
0.621382 0.574733 38692163985115183054848.000000 221
0.534582 0.656244 -27034846903753500524544.000000 217
0.447782 0.571962 -131970851779874765406208.000000 205
0.809017 0.587785 -9134932610275686219776.000000 235
0.621382 0.574733 38692163985115183054848.000000 221
0.708183 0.493222 -8292202555527309295616.000000 238
0.631775 0.670396 -549199117889065975808.000000 229
0.534582 0.656244 -27034846903753500524544.000000 217
0.621382 0.574733 38692163985115183054848.000000 221
0.728969 0.684547 -12491703984746359947264.000000 234
0.631775 0.670396 -549199117889065975808.000000 229
0.621382 0.574733 38692163985115183054848.000000 221
0.728969 0.684547 -12491703984746359947264.000000 234
0.637424 0.770513 3955274301837954514944.000000 231
0.631775 0.670396 -549199117889065975808.000000 229
0.447782 0.737755 -88361758488205782417408.000000 218
0.425779 0.904827 30321889021226098098176.000000 216
0.360982 0.819266 123984511773148446720000.000000 203
0.794983 0.245918 9511341345186470952960.000000 220
0.794983 0.411712 -2746841313883978727424.000000 236
0.719033 0.337964 8876356217063057915904.000000 222
0.610532 0.481301 14197304358740588232704.000000 223
0.621382 0.574733 38692163985115183054848.000000 221
0.512882 0.469380 -93255559981383263715328.000000 207
0.577982 0.366799 -24152055771563900796928.000000 208
0.610532 0.481301 14197304358740588232704.000000 223
0.512882 0.469380 -93255559981383263715328.000000 207
0.708183 0.493222 -8292202555527309295616.000000 238
0.621382 0.574733 38692163985115183054848.000000 221
0.610532 0.481301 14197304358740588232704.000000 223
0.637424 0.770513 3955274301837954514944.000000 231
0.534582 0.656244 -27034846903753500524544.000000 217
0.631775 0.670396 -549199117889065975808.000000 229
0.637424 0.770513 3955274301837954514944.000000 231
0.535827 0.844328 31591448221930504585216.000000 232
0.534582 0.656244 -27034846903753500524544.000000 217
0.235061 0.604864 -981030919887600400465920.000000 186
0.219168 0.730672 -1293165078130275651682304.000000 187
0.072414 0.628453 10659859677745246394908672.000000 169
0.447782 0.737755 -88361758488205782417408.000000 218
0.535827 0.844328 31591448221930504585216.000000 232
0.425779 0.904827 30321889021226098098176.000000 216
0.534582 0.656244 -27034846903753500524544.000000 217
0.447782 0.737755 -88361758488205782417408.000000 218
0.382682 0.674543 363173335116183777574912.000000 202
0.534582 0.656244 -27034846903753500524544.000000 217
0.535827 0.844328 31591448221930504585216.000000 232
0.447782 0.737755 -88361758488205782417408.000000 218
-0.135539 0.372907 4665909569750084146429952.000000 116
-0.250954 0.479057 -815422117724955243460952064.000000 114
-0.266847 0.353249 1413585404900965633935540224.000000 98
0.060580 0.300829 -15412854852640841253519360.000000 136
-0.004231 0.392564 -49275017689124298253402112.000000 135
-0.042554 0.274619 191884315946958861161725952.000000 117
0.040329 0.180264 -62744206386820136273182720.000000 129
0.060580 0.300829 -15412854852640841253519360.000000 136
-0.042554 0.274619 191884315946958861161725952.000000 117
0.163714 0.327039 -3924753754189483852431360.000000 153
0.123361 0.435810 11225130805010837366898688.000000 154
0.060580 0.300829 -15412854852640841253519360.000000 136
-0.080876 0.156675 -102979797288266227750273024.000000 110
0.020079 0.059698 296750152489340777682436096.000000 118
0.040329 0.180264 -62744206386820136273182720.000000 129
0.266847 0.353249 -1143670154035133579001856.000000 172
0.250954 0.479057 -1577406940124013538574336.000000 171
0.123361 0.435810 11225130805010837366898688.000000 154
-0.108431 0.494783 111265378944099776246841344.000000 133
-0.250954 0.479057 -815422117724955243460952064.000000 114
-0.135539 0.372907 4665909569750084146429952.000000 116
-0.004231 0.392564 -49275017689124298253402112.000000 135
-0.108431 0.494783 111265378944099776246841344.000000 133
-0.135539 0.372907 4665909569750084146429952.000000 116
0.034091 0.510509 -4343803724172984699584512.000000 151
0.072414 0.628453 10659859677745246394908672.000000 169
-0.081324 0.616659 -57671772466954470158237696.000000 152
0.034091 0.510509 -4343803724172984699584512.000000 151
0.123361 0.435810 11225130805010837366898688.000000 154
0.134576 0.557687 -2923619579525422263566336.000000 168
0.381154 0.273894 25723420436964877271040.000000 173
0.266847 0.353249 -1143670154035133579001856.000000 172
0.282741 0.227442 1764268098313050650574848.000000 155
0.413450 0.155828 -895196809911507869499392.000000 174
0.445745 0.037763 -132292353001407436029952.000000 170
0.571666 0.141635 182754105052828572581888.000000 188
0.282741 0.227442 1764268098313050650574848.000000 155
0.413450 0.155828 -895196809911507869499392.000000 174
0.381154 0.273894 25723420436964877271040.000000 173
0.298634 0.101634 3686107929639297310785536.000000 156
0.445745 0.037763 -132292353001407436029952.000000 170
0.413450 0.155828 -895196809911507869499392.000000 174
0.577982 0.366799 -24152055771563900796928.000000 208
0.512882 0.469380 -93255559981383263715328.000000 207
0.422415 0.360024 106089872358616076386304.000000 190
0.134576 0.557687 -2923619579525422263566336.000000 168
0.235061 0.604864 -981030919887600400465920.000000 186
0.072414 0.628453 10659859677745246394908672.000000 169
0.034091 0.510509 -4343803724172984699584512.000000 151
0.134576 0.557687 -2923619579525422263566336.000000 168
0.072414 0.628453 10659859677745246394908672.000000 169
0.123361 0.435810 11225130805010837366898688.000000 154
0.250954 0.479057 -1577406940124013538574336.000000 171
0.134576 0.557687 -2923619579525422263566336.000000 168
0.422415 0.360024 106089872358616076386304.000000 190
0.349368 0.525509 446109497341187140354048.000000 189
0.266847 0.353249 -1143670154035133579001856.000000 172
0.349368 0.525509 446109497341187140354048.000000 189
0.235061 0.604864 -981030919887600400465920.000000 186
0.250954 0.479057 -1577406940124013538574336.000000 171
0.266847 0.353249 -1143670154035133579001856.000000 172
0.349368 0.525509 446109497341187140354048.000000 189
0.250954 0.479057 -1577406940124013538574336.000000 171
0.447782 0.571962 -131970851779874765406208.000000 205
0.382682 0.674543 363173335116183777574912.000000 202
0.349368 0.525509 446109497341187140354048.000000 189
0.023973 0.872212 -41157290751361338572800.000000 184
0.062791 0.998027 -131395360144015734341632.000000 198
-0.062791 0.998027 805098422006117767839744.000000 182
-0.089651 0.864346 -4521683451722821099585536.000000 166
0.023973 0.872212 -41157290751361338572800.000000 184
-0.062791 0.998027 805098422006117767839744.000000 182
-0.187381 0.982287 4236600988613568291143680.000000 165
-0.089651 0.864346 -4521683451722821099585536.000000 166
-0.062791 0.998027 805098422006117767839744.000000 182
-0.203275 0.856480 -872975308041701621235712.000000 149
-0.109200 0.735914 16418690966094381875986432.000000 150
-0.089651 0.864346 -4521683451722821099585536.000000 166
0.000768 0.741156 7162331880997960869216256.000000 167
0.110736 0.746398 -3079261822874212328538112.000000 183
0.023973 0.872212 -41157290751361338572800.000000 184
0.219168 0.730672 -1293165078130275651682304.000000 187
0.110736 0.746398 -3079261822874212328538112.000000 183
0.072414 0.628453 10659859677745246394908672.000000 169
0.203275 0.856480 738136613851162161971200.000000 200
0.187381 0.982287 -182235761582990394654720.000000 199
0.023973 0.872212 -41157290751361338572800.000000 184
0.187381 0.982287 -182235761582990394654720.000000 199
0.203275 0.856480 738136613851162161971200.000000 200
0.309017 0.951057 -283925144961720908775424.000000 214
-0.235061 0.604864 254955855755120537161957376.000000 132
-0.250954 0.479057 -815422117724955243460952064.000000 114
-0.108431 0.494783 111265378944099776246841344.000000 133
-0.109200 0.735914 16418690966094381875986432.000000 150
-0.203275 0.856480 -872975308041701621235712.000000 149
-0.219168 0.730672 -28490859043954182481510400.000000 134
0.072414 0.628453 10659859677745246394908672.000000 169
0.000768 0.741156 7162331880997960869216256.000000 167
-0.081324 0.616659 -57671772466954470158237696.000000 152
0.000768 0.741156 7162331880997960869216256.000000 167
0.023973 0.872212 -41157290751361338572800.000000 184
-0.089651 0.864346 -4521683451722821099585536.000000 166
-0.219168 0.730672 -28490859043954182481510400.000000 134
-0.317582 0.777124 30988013501095030311354368.000000 131
-0.382682 0.674543 -122485684340857638028836864.000000 115
-0.108431 0.494783 111265378944099776246841344.000000 133
-0.081324 0.616659 -57671772466954470158237696.000000 152
-0.235061 0.604864 254955855755120537161957376.000000 132
-0.203275 0.856480 -872975308041701621235712.000000 149
-0.317582 0.777124 30988013501095030311354368.000000 131
-0.219168 0.730672 -28490859043954182481510400.000000 134
0.809017 0.587785 -9134932610275686219776.000000 235
0.708183 0.493222 -8292202555527309295616.000000 238
0.876307 0.481754 5949854273052433448960.000000 242
0.469331 -0.217723 -1354610994247826571001856.000000 178
0.443723 -0.339315 -2783538664178753445298176.000000 177
0.569181 -0.223917 578905222505699081191424.000000 195
0.992115 -0.125333 4059466582488534482944.000000 243
0.903483 -0.146108 -10615950171558889127936.000000 239
0.968583 -0.248690 -392366446669864435712.000000 241
0.992115 -0.125333 4059466582488534482944.000000 243
1.000000 -0.000000 5254337140556889587712.000000 240
0.903483 -0.146108 -10615950171558889127936.000000 239
-0.616669 -0.529062 -485498995684279529140685635584.000000 25
-0.518255 -0.575515 81816515596451318706129076224.000000 36
-0.486789 -0.444362 22360178566316144574515380224.000000 38
-0.728969 -0.684547 -137926865219762153517532315648.000000 14
-0.658410 -0.623625 -18409063409710121067617452032.000000 24
-0.735953 -0.529892 632526433099667384020953464832.000000 15
-0.433694 -0.622226 -10032220662423812583618248704.000000 37
-0.409886 -0.779019 3806295673546323489862975488.000000 45
-0.349134 -0.668938 3331449447263706101596553216.000000 51
-0.637424 -0.770513 29645933918924706890293182464.000000 19
-0.534148 -0.701322 -12735215525019003167099060224.000000 31
-0.658410 -0.623625 -18409063409710121067617452032.000000 24
-0.637424 -0.770513 29645933918924706890293182464.000000 19
-0.535827 -0.844328 -1378555491249850100314275840.000000 30
-0.534148 -0.701322 -12735215525019003167099060224.000000 31
0.664439 -0.453191 -103093185608360673673216.000000 197
0.736206 -0.299972 -198065373185622054797312.000000 212
0.592925 -0.376490 589454088343706742554624.000000 194
0.736206 -0.299972 -198065373185622054797312.000000 212
0.792049 -0.172045 45586446571836016689152.000000 224
0.680615 -0.197981 -86996867207669754101760.000000 209
0.929776 -0.368125 -23317322617861615648768.000000 226
0.847640 -0.274036 20400338164488672903168.000000 227
0.791796 -0.401964 54239418493075596509184.000000 213
0.929776 -0.368125 -23317322617861615648768.000000 226
0.968583 -0.248690 -392366446669864435712.000000 241
0.847640 -0.274036 20400338164488672903168.000000 227
0.715365 -0.101593 8998965504321436778496.000000 210
0.584401 -0.096754 -28618579754074167574528.000000 192
0.680615 -0.197981 -86996867207669754101760.000000 209
0.773283 0.059054 2310121474752597983232.000000 215
0.715365 -0.101593 8998965504321436778496.000000 210
0.838383 -0.043527 -7728921134487728816128.000000 225
0.662567 0.006795 13529121688657000923136.000000 201
0.708183 0.161636 -31971463793096406335488.000000 204
0.571666 0.141635 182754105052828572581888.000000 188
-0.592925 -0.376490 445415511923050605249531215872.000000 33
-0.486789 -0.444362 22360178566316144574515380224.000000 38
-0.443723 -0.339315 -204681936049124050736510926848.000000 48
-0.791796 -0.401964 -5280118506184347859144199372800.000000 10
-0.664439 -0.453191 2392137238370544792756639760384.000000 20
-0.680489 -0.312940 -4954924892405184141817112690688.000000 21
-0.616669 -0.529062 -485498995684279529140685635584.000000 25
-0.486789 -0.444362 22360178566316144574515380224.000000 38
-0.592925 -0.376490 445415511923050605249531215872.000000 33
-0.584401 -0.096754 438671418416629259217139662848.000000 35
-0.569181 -0.223917 577620173555203190864767614976.000000 34
-0.469331 -0.217723 -138777470756776464237650247680.000000 49
-0.680489 -0.312940 -4954924892405184141817112690688.000000 21
-0.847640 -0.274036 24754269604182475910835930660864.000000 11
-0.791796 -0.401964 -5280118506184347859144199372800.000000 10
-0.035536 -0.096906 59426961924871007890309120.000000 104
-0.119199 0.038730 -1529906622666458196294500352.000000 100
-0.157522 -0.079215 132418869163979722203332608.000000 85
-0.195844 -0.197159 -11329080102209813841895751680.000000 84
-0.064278 -0.185365 1517295076341416518320390144.000000 103
-0.157522 -0.079215 132418869163979722203332608.000000 85
0.196515 -0.037934 12862828022567095750361088.000000 140
0.314527 -0.024174 -2909790440378253946388480.000000 157
0.298634 0.101634 3686107929639297310785536.000000 156
0.125317 0.034143 -64778527620191738180665344.000000 128
0.196515 -0.037934 12862828022567095750361088.000000 140
0.172130 0.119981 -31233172424232892477997056.000000 137
-0.035536 -0.096906 59426961924871007890309120.000000 104
0.078503 -0.051694 -29978426349444447858589696.000000 122
0.020079 0.059698 296750152489340777682436096.000000 118
-0.035536 -0.096906 59426961924871007890309120.000000 104
0.067288 -0.173570 -134032180710012898678669312.000000 121
0.078503 -0.051694 -29978426349444447858589696.000000 122
0.198854 -0.161776 10896208016031723573739520.000000 141
0.330420 -0.149981 -2578085697010622059773952.000000 160
0.196515 -0.037934 12862828022567095750361088.000000 140
0.078503 -0.051694 -29978426349444447858589696.000000 122
0.198854 -0.161776 10896208016031723573739520.000000 141
0.196515 -0.037934 12862828022567095750361088.000000 140
-0.001975 -0.299378 -762999891545824919872864256.000000 107
0.114121 -0.291515 131253568187698842014056448.000000 124
0.067288 -0.173570 -134032180710012898678669312.000000 121
-0.065162 -0.389016 -526388771452095716413931520.000000 106
-0.001975 -0.299378 -762999891545824919872864256.000000 107
-0.118071 -0.307241 3982156259300467853299286016.000000 89
-0.145550 -0.426758 1113043064694477901396967424.000000 87
-0.065162 -0.389016 -526388771452095716413931520.000000 106
-0.118071 -0.307241 3982156259300467853299286016.000000 89
-0.012254 -0.470791 69309547933150868003618816.000000 105
0.108328 -0.414177 161369881541361509876105216.000000 123
-0.065162 -0.389016 -526388771452095716413931520.000000 106
-0.065162 -0.389016 -526388771452095716413931520.000000 106
0.108328 -0.414177 161369881541361509876105216.000000 123
-0.001975 -0.299378 -762999891545824919872864256.000000 107
0.441136 -0.097722 1202400940351479850467328.000000 175
0.314527 -0.024174 -2909790440378253946388480.000000 157
0.330420 -0.149981 -2578085697010622059773952.000000 160
-0.035536 -0.096906 59426961924871007890309120.000000 104
0.020079 0.059698 296750152489340777682436096.000000 118
-0.119199 0.038730 -1529906622666458196294500352.000000 100
0.522968 0.251959 120277692207234440757248.000000 191
0.643082 0.264217 -45702942401474756345856.000000 206
0.577982 0.366799 -24152055771563900796928.000000 208
0.381154 0.273894 25723420436964877271040.000000 173
0.522968 0.251959 120277692207234440757248.000000 191
0.422415 0.360024 106089872358616076386304.000000 190
0.266847 0.353249 -1143670154035133579001856.000000 172
0.381154 0.273894 25723420436964877271040.000000 173
0.422415 0.360024 106089872358616076386304.000000 190
0.282741 0.227442 1764268098313050650574848.000000 155
0.298634 0.101634 3686107929639297310785536.000000 156
0.413450 0.155828 -895196809911507869499392.000000 174
0.584401 -0.096754 -28618579754074167574528.000000 192
0.441136 -0.097722 1202400940351479850467328.000000 175
0.469331 -0.217723 -1354610994247826571001856.000000 178
0.381154 0.273894 25723420436964877271040.000000 173
0.413450 0.155828 -895196809911507869499392.000000 174
0.522968 0.251959 120277692207234440757248.000000 191
0.298634 0.101634 3686107929639297310785536.000000 156
0.314527 -0.024174 -2909790440378253946388480.000000 157
0.445745 0.037763 -132292353001407436029952.000000 170
0.571666 0.141635 182754105052828572581888.000000 188
0.708183 0.161636 -31971463793096406335488.000000 204
0.643082 0.264217 -45702942401474756345856.000000 206
0.413450 0.155828 -895196809911507869499392.000000 174
0.571666 0.141635 182754105052828572581888.000000 188
0.522968 0.251959 120277692207234440757248.000000 191
0.662567 0.006795 13529121688657000923136.000000 201
0.715365 -0.101593 8998965504321436778496.000000 210
0.773283 0.059054 2310121474752597983232.000000 215
0.708183 0.161636 -31971463793096406335488.000000 204
0.662567 0.006795 13529121688657000923136.000000 201
0.773283 0.059054 2310121474752597983232.000000 215
0.543905 0.017440 -261511137474918089752576.000000 185
0.584401 -0.096754 -28618579754074167574528.000000 192
0.662567 0.006795 13529121688657000923136.000000 201
0.445745 0.037763 -132292353001407436029952.000000 170
0.543905 0.017440 -261511137474918089752576.000000 185
0.571666 0.141635 182754105052828572581888.000000 188
0.445745 0.037763 -132292353001407436029952.000000 170
0.441136 -0.097722 1202400940351479850467328.000000 175
0.543905 0.017440 -261511137474918089752576.000000 185
0.794983 0.245918 9511341345186470952960.000000 220
0.968583 0.248690 -4012453431409771020288.000000 230
0.929776 0.368125 -2735823595973698912256.000000 237
0.773283 0.059054 2310121474752597983232.000000 215
0.870933 0.153872 4461830689628920741888.000000 219
0.708183 0.161636 -31971463793096406335488.000000 204
0.773283 0.059054 2310121474752597983232.000000 215
0.915249 0.040903 -680181724504249860096.000000 228
0.870933 0.153872 4461830689628920741888.000000 219
0.838383 -0.043527 -7728921134487728816128.000000 225
0.903483 -0.146108 -10615950171558889127936.000000 239
1.000000 -0.000000 5254337140556889587712.000000 240
0.584401 -0.096754 -28618579754074167574528.000000 192
0.569181 -0.223917 578905222505699081191424.000000 195
0.680615 -0.197981 -86996867207669754101760.000000 209
0.662567 0.006795 13529121688657000923136.000000 201
0.584401 -0.096754 -28618579754074167574528.000000 192
0.715365 -0.101593 8998965504321436778496.000000 210
0.543905 0.017440 -261511137474918089752576.000000 185
0.441136 -0.097722 1202400940351479850467328.000000 175
0.584401 -0.096754 -28618579754074167574528.000000 192
0.662567 0.006795 13529121688657000923136.000000 201
0.571666 0.141635 182754105052828572581888.000000 188
0.543905 0.017440 -261511137474918089752576.000000 185
0.330420 -0.149981 -2578085697010622059773952.000000 160
0.346313 -0.275789 11231407752561595084963840.000000 161
0.469331 -0.217723 -1354610994247826571001856.000000 178
0.664439 -0.453191 -103093185608360673673216.000000 197
0.592925 -0.376490 589454088343706742554624.000000 194
0.616669 -0.529062 171288798176740116529152.000000 181
0.735953 -0.529892 -8361923896293085675520.000000 196
0.664439 -0.453191 -103093185608360673673216.000000 197
0.616669 -0.529062 171288798176740116529152.000000 181
0.735953 -0.529892 -8361923896293085675520.000000 196
0.791796 -0.401964 54239418493075596509184.000000 213
0.664439 -0.453191 -103093185608360673673216.000000 197
0.838383 -0.043527 -7728921134487728816128.000000 225
0.715365 -0.101593 8998965504321436778496.000000 210
0.792049 -0.172045 45586446571836016689152.000000 224
0.443723 -0.339315 -2783538664178753445298176.000000 177
0.346313 -0.275789 11231407752561595084963840.000000 161
0.362206 -0.401597 9706488164809078355263488.000000 159
0.584401 -0.096754 -28618579754074167574528.000000 192
0.469331 -0.217723 -1354610994247826571001856.000000 178
0.569181 -0.223917 578905222505699081191424.000000 195
0.441136 -0.097722 1202400940351479850467328.000000 175
0.330420 -0.149981 -2578085697010622059773952.000000 160
0.469331 -0.217723 -1354610994247826571001856.000000 178
0.915249 0.040903 -680181724504249860096.000000 228
0.992115 0.125333 -1358249056813609385984.000000 233
0.870933 0.153872 4461830689628920741888.000000 219
0.219168 0.730672 -1293165078130275651682304.000000 187
0.360982 0.819266 123984511773148446720000.000000 203
0.203275 0.856480 738136613851162161971200.000000 200
0.110736 0.746398 -3079261822874212328538112.000000 183
0.219168 0.730672 -1293165078130275651682304.000000 187
0.203275 0.856480 738136613851162161971200.000000 200
0.235061 0.604864 -981030919887600400465920.000000 186
0.382682 0.674543 363173335116183777574912.000000 202
0.219168 0.730672 -1293165078130275651682304.000000 187
0.123361 0.435810 11225130805010837366898688.000000 154
-0.004231 0.392564 -49275017689124298253402112.000000 135
0.060580 0.300829 -15412854852640841253519360.000000 136
-0.081324 0.616659 -57671772466954470158237696.000000 152
-0.108431 0.494783 111265378944099776246841344.000000 133
0.034091 0.510509 -4343803724172984699584512.000000 151
0.000768 0.741156 7162331880997960869216256.000000 167
-0.109200 0.735914 16418690966094381875986432.000000 150
-0.081324 0.616659 -57671772466954470158237696.000000 152
0.110736 0.746398 -3079261822874212328538112.000000 183
0.000768 0.741156 7162331880997960869216256.000000 167
0.072414 0.628453 10659859677745246394908672.000000 169
0.110736 0.746398 -3079261822874212328538112.000000 183
0.203275 0.856480 738136613851162161971200.000000 200
0.023973 0.872212 -41157290751361338572800.000000 184
-0.219168 0.730672 -28490859043954182481510400.000000 134
-0.235061 0.604864 254955855755120537161957376.000000 132
-0.081324 0.616659 -57671772466954470158237696.000000 152
0.123361 0.435810 11225130805010837366898688.000000 154
0.163714 0.327039 -3924753754189483852431360.000000 153
0.266847 0.353249 -1143670154035133579001856.000000 172
0.235061 0.604864 -981030919887600400465920.000000 186
0.134576 0.557687 -2923619579525422263566336.000000 168
0.250954 0.479057 -1577406940124013538574336.000000 171
0.034091 0.510509 -4343803724172984699584512.000000 151
-0.004231 0.392564 -49275017689124298253402112.000000 135
0.123361 0.435810 11225130805010837366898688.000000 154
0.382682 0.674543 363173335116183777574912.000000 202
0.360982 0.819266 123984511773148446720000.000000 203
0.219168 0.730672 -1293165078130275651682304.000000 187
0.349368 0.525509 446109497341187140354048.000000 189
0.382682 0.674543 363173335116183777574912.000000 202
0.235061 0.604864 -981030919887600400465920.000000 186
0.447782 0.571962 -131970851779874765406208.000000 205
0.534582 0.656244 -27034846903753500524544.000000 217
0.382682 0.674543 363173335116183777574912.000000 202
-0.876307 0.481754 -6612310100814886226840518656.000000 40
-0.708183 0.493222 28698309522875276421587009536.000000 56
-0.809017 0.587785 -7142641101964829368476762112.000000 55
-0.389865 0.411315 3898346282572667322256850944.000000 95
-0.250954 0.479057 -815422117724955243460952064.000000 114
-0.349368 0.525509 -784784698993606335991382016.000000 113
-0.162647 0.251030 -890621886801259185550917632.000000 99
-0.135539 0.372907 4665909569750084146429952.000000 116
-0.266847 0.353249 1413585404900965633935540224.000000 98
-0.298634 0.101634 -23002183612539810445977976832.000000 73
-0.189755 0.129154 2850879291493578358646636544.000000 93
-0.282741 0.227442 994642879958928624300589056.000000 79
-0.042554 0.274619 191884315946958861161725952.000000 117
-0.135539 0.372907 4665909569750084146429952.000000 116
-0.162647 0.251030 -890621886801259185550917632.000000 99
-0.108431 0.494783 111265378944099776246841344.000000 133
-0.004231 0.392564 -49275017689124298253402112.000000 135
0.034091 0.510509 -4343803724172984699584512.000000 151
-0.282741 0.227442 994642879958928624300589056.000000 79
-0.162647 0.251030 -890621886801259185550917632.000000 99
-0.266847 0.353249 1413585404900965633935540224.000000 98
-0.042554 0.274619 191884315946958861161725952.000000 117
-0.004231 0.392564 -49275017689124298253402112.000000 135
-0.135539 0.372907 4665909569750084146429952.000000 116
0.167922 0.223510 23822149113882046871109632.000000 147
0.172130 0.119981 -31233172424232892477997056.000000 137
0.282741 0.227442 1764268098313050650574848.000000 155
0.060580 0.300829 -15412854852640841253519360.000000 136
0.167922 0.223510 23822149113882046871109632.000000 147
0.163714 0.327039 -3924753754189483852431360.000000 153
0.040329 0.180264 -62744206386820136273182720.000000 129
0.172130 0.119981 -31233172424232892477997056.000000 137
0.167922 0.223510 23822149113882046871109632.000000 147
-0.080876 0.156675 -102979797288266227750273024.000000 110
0.040329 0.180264 -62744206386820136273182720.000000 129
-0.042554 0.274619 191884315946958861161725952.000000 117
0.020079 0.059698 296750152489340777682436096.000000 118
0.172130 0.119981 -31233172424232892477997056.000000 137
0.040329 0.180264 -62744206386820136273182720.000000 129
0.282741 0.227442 1764268098313050650574848.000000 155
0.266847 0.353249 -1143670154035133579001856.000000 172
0.163714 0.327039 -3924753754189483852431360.000000 153
-0.534582 0.656244 523897159770397020103114752.000000 96
-0.535827 0.844328 -26351848821245399344873472.000000 111
-0.637424 0.770513 -703356023791171756265308160.000000 94
0.847640 -0.274036 20400338164488672903168.000000 227
0.903483 -0.146108 -10615950171558889127936.000000 239
0.792049 -0.172045 45586446571836016689152.000000 224
0.968583 -0.248690 -392366446669864435712.000000 241
0.903483 -0.146108 -10615950171558889127936.000000 239
0.847640 -0.274036 20400338164488672903168.000000 227
0.791796 -0.401964 54239418493075596509184.000000 213
0.735953 -0.529892 -8361923896293085675520.000000 196
0.876307 -0.481754 -13587999812675910500352.000000 211
0.929776 -0.368125 -23317322617861615648768.000000 226
0.791796 -0.401964 54239418493075596509184.000000 213
0.876307 -0.481754 -13587999812675910500352.000000 211
0.592925 -0.376490 589454088343706742554624.000000 194
0.569181 -0.223917 578905222505699081191424.000000 195
0.443723 -0.339315 -2783538664178753445298176.000000 177
0.616669 -0.529062 171288798176740116529152.000000 181
0.592925 -0.376490 589454088343706742554624.000000 194
0.486789 -0.444362 -1309138605852570383548416.000000 176
0.736206 -0.299972 -198065373185622054797312.000000 212
0.569181 -0.223917 578905222505699081191424.000000 195
0.592925 -0.376490 589454088343706742554624.000000 194
0.847640 -0.274036 20400338164488672903168.000000 227
0.736206 -0.299972 -198065373185622054797312.000000 212
0.791796 -0.401964 54239418493075596509184.000000 213
0.680615 -0.197981 -86996867207669754101760.000000 209
0.569181 -0.223917 578905222505699081191424.000000 195
0.736206 -0.299972 -198065373185622054797312.000000 212
0.378100 -0.527404 624107359246582676455424.000000 158
0.486789 -0.444362 -1309138605852570383548416.000000 176
0.362206 -0.401597 9706488164809078355263488.000000 159
0.518255 -0.575515 177635193293130120036352.000000 164
0.393993 -0.653212 -414369594119880213266432.000000 146
0.515708 -0.711863 -79772118459637158641664.000000 162
0.486789 -0.444362 -1309138605852570383548416.000000 176
0.518255 -0.575515 177635193293130120036352.000000 164
0.616669 -0.529062 171288798176740116529152.000000 181
0.378100 -0.527404 624107359246582676455424.000000 158
0.393993 -0.653212 -414369594119880213266432.000000 146
0.518255 -0.575515 177635193293130120036352.000000 164
0.658410 -0.623625 -53076622509660295921664.000000 179
0.728969 -0.684547 4055520282891786387456.000000 180
0.735953 -0.529892 -8361923896293085675520.000000 196
0.196515 -0.037934 12862828022567095750361088.000000 140
0.330420 -0.149981 -2578085697010622059773952.000000 160
0.314527 -0.024174 -2909790440378253946388480.000000 157
-0.195844 -0.197159 -11329080102209813841895751680.000000 84
-0.118071 -0.307241 3982156259300467853299286016.000000 89
-0.064278 -0.185365 1517295076341416518320390144.000000 103
-0.118071 -0.307241 3982156259300467853299286016.000000 89
-0.234167 -0.315104 -11444642135222275386137116672.000000 70
-0.145550 -0.426758 1113043064694477901396967424.000000 87
0.210774 -0.256132 -15273011850705930958143488.000000 142
0.346313 -0.275789 11231407752561595084963840.000000 161
0.330420 -0.149981 -2578085697010622059773952.000000 160
0.210774 -0.256132 -15273011850705930958143488.000000 142
0.235267 -0.407887 -44797731634520202911154176.000000 143
0.346313 -0.275789 11231407752561595084963840.000000 161
0.067288 -0.173570 -134032180710012898678669312.000000 121
0.114121 -0.291515 131253568187698842014056448.000000 124
0.198854 -0.161776 10896208016031723573739520.000000 141
0.108328 -0.414177 161369881541361509876105216.000000 123
0.114121 -0.291515 131253568187698842014056448.000000 124
-0.001975 -0.299378 -762999891545824919872864256.000000 107
0.247982 -0.508533 -18481515885407957518647296.000000 139
0.362206 -0.401597 9706488164809078355263488.000000 159
0.235267 -0.407887 -44797731634520202911154176.000000 143
0.443723 -0.339315 -2783538664178753445298176.000000 177
0.486789 -0.444362 -1309138605852570383548416.000000 176
0.592925 -0.376490 589454088343706742554624.000000 194
0.346313 -0.275789 11231407752561595084963840.000000 161
0.443723 -0.339315 -2783538664178753445298176.000000 177
0.469331 -0.217723 -1354610994247826571001856.000000 178
0.362206 -0.401597 9706488164809078355263488.000000 159
0.486789 -0.444362 -1309138605852570383548416.000000 176
0.443723 -0.339315 -2783538664178753445298176.000000 177
0.518255 -0.575515 177635193293130120036352.000000 164
0.658410 -0.623625 -53076622509660295921664.000000 179
0.616669 -0.529062 171288798176740116529152.000000 181
0.735953 -0.529892 -8361923896293085675520.000000 196
0.809017 -0.587785 6552488478953443426304.000000 193
0.876307 -0.481754 -13587999812675910500352.000000 211
0.616669 -0.529062 171288798176740116529152.000000 181
0.658410 -0.623625 -53076622509660295921664.000000 179
0.735953 -0.529892 -8361923896293085675520.000000 196
0.791796 -0.401964 54239418493075596509184.000000 213
0.736206 -0.299972 -198065373185622054797312.000000 212
0.664439 -0.453191 -103093185608360673673216.000000 197
0.486789 -0.444362 -1309138605852570383548416.000000 176
0.378100 -0.527404 624107359246582676455424.000000 158
0.518255 -0.575515 177635193293130120036352.000000 164
0.728969 -0.684547 4055520282891786387456.000000 180
0.809017 -0.587785 6552488478953443426304.000000 193
0.735953 -0.529892 -8361923896293085675520.000000 196
0.847640 -0.274036 20400338164488672903168.000000 227
0.792049 -0.172045 45586446571836016689152.000000 224
0.736206 -0.299972 -198065373185622054797312.000000 212
0.838383 -0.043527 -7728921134487728816128.000000 225
0.792049 -0.172045 45586446571836016689152.000000 224
0.903483 -0.146108 -10615950171558889127936.000000 239
0.715365 -0.101593 8998965504321436778496.000000 210
0.680615 -0.197981 -86996867207669754101760.000000 209
0.792049 -0.172045 45586446571836016689152.000000 224
1.000000 -0.000000 5254337140556889587712.000000 240
0.992115 0.125333 -1358249056813609385984.000000 233
0.915249 0.040903 -680181724504249860096.000000 228
0.295977 -0.844070 482235817937071408939008.000000 125
0.177179 -0.862891 3173466531156592076783616.000000 109
0.309017 -0.951057 -888274826665564565405696.000000 108
0.425779 -0.904827 -323709604867515812413440.000000 126
0.295977 -0.844070 482235817937071408939008.000000 125
0.309017 -0.951057 -888274826665564565405696.000000 108
0.282937 -0.737084 -5501615240429452983795712.000000 127
0.177179 -0.862891 3173466531156592076783616.000000 109
0.295977 -0.844070 482235817937071408939008.000000 125
0.062791 -0.998027 -12161303305273722586267648.000000 72
0.060826 -0.904827 7456507151123923091849216.000000 91
-0.062791 -0.998027 35244969584643026634932224.000000 71
-0.272489 -0.433048 1056024446589046163450626048.000000 67
-0.234167 -0.315104 -11444642135222275386137116672.000000 70
-0.362206 -0.401597 23009061556088321393500880896.000000 53
-0.349134 -0.668938 3331449447263706101596553216.000000 51
-0.166657 -0.668938 -855145840309442201455165440.000000 68
-0.219573 -0.550993 2552101372410179422521393152.000000 69
-0.005837 -0.810471 -39537433549400080457400320.000000 101
-0.060826 -0.904827 -30001561129761808704339968.000000 82
0.060826 -0.904827 7456507151123923091849216.000000 91
0.177179 -0.862891 3173466531156592076783616.000000 109
-0.005837 -0.810471 -39537433549400080457400320.000000 101
0.060826 -0.904827 7456507151123923091849216.000000 91
-0.072500 -0.716116 82123592656767987988037632.000000 83
-0.156928 -0.826197 271869017722374293622358016.000000 81
-0.005837 -0.810471 -39537433549400080457400320.000000 101
-0.272489 -0.433048 1056024446589046163450626048.000000 67
-0.219573 -0.550993 2552101372410179422521393152.000000 69
-0.145550 -0.426758 1113043064694477901396967424.000000 87
-0.321429 -0.833823 -450254259996221537312047104.000000 46
-0.409886 -0.779019 3806295673546323489862975488.000000 45
-0.425779 -0.904827 -927937181540860373166456832.000000 32
-0.232973 -0.888627 259234975308898197284323328.000000 62
-0.321429 -0.833823 -450254259996221537312047104.000000 46
-0.309017 -0.951057 287881062723944959201771520.000000 47
-0.232973 -0.888627 259234975308898197284323328.000000 62
-0.253031 -0.747568 -1136872948319773987690250240.000000 61
-0.321429 -0.833823 -450254259996221537312047104.000000 46
-0.166657 -0.668938 -855145840309442201455165440.000000 68
-0.253031 -0.747568 -1136872948319773987690250240.000000 61
-0.156928 -0.826197 271869017722374293622358016.000000 81
-0.349134 -0.668938 3331449447263706101596553216.000000 51
-0.409886 -0.779019 3806295673546323489862975488.000000 45
-0.253031 -0.747568 -1136872948319773987690250240.000000 61
0.187381 -0.982287 -1609637586188175170076672.000000 90
0.060826 -0.904827 7456507151123923091849216.000000 91
0.062791 -0.998027 -12161303305273722586267648.000000 72
0.235267 -0.407887 -44797731634520202911154176.000000 143
0.362206 -0.401597 9706488164809078355263488.000000 159
0.346313 -0.275789 11231407752561595084963840.000000 161
0.298781 -0.621760 7330129649574911607308288.000000 138
0.378100 -0.527404 624107359246582676455424.000000 158
0.247982 -0.508533 -18481515885407957518647296.000000 139
0.518255 -0.575515 177635193293130120036352.000000 164
0.515708 -0.711863 -79772118459637158641664.000000 162
0.658410 -0.623625 -53076622509660295921664.000000 179
0.298781 -0.621760 7330129649574911607308288.000000 138
0.393993 -0.653212 -414369594119880213266432.000000 146
0.378100 -0.527404 624107359246582676455424.000000 158
0.141155 -0.577727 -35728731163190103860314112.000000 120
0.164458 -0.730094 20362173101602701970505728.000000 119
0.298781 -0.621760 7330129649574911607308288.000000 138
0.108328 -0.414177 161369881541361509876105216.000000 123
0.141155 -0.577727 -35728731163190103860314112.000000 120
0.247982 -0.508533 -18481515885407957518647296.000000 139
0.034327 -0.646921 -39796676105216666705592320.000000 102
0.164458 -0.730094 20362173101602701970505728.000000 119
0.141155 -0.577727 -35728731163190103860314112.000000 120
0.108328 -0.414177 161369881541361509876105216.000000 123
-0.012254 -0.470791 69309547933150868003618816.000000 105
0.141155 -0.577727 -35728731163190103860314112.000000 120
-0.072500 -0.716116 82123592656767987988037632.000000 83
-0.005837 -0.810471 -39537433549400080457400320.000000 101
0.034327 -0.646921 -39796676105216666705592320.000000 102
0.282937 -0.737084 -5501615240429452983795712.000000 127
0.393993 -0.653212 -414369594119880213266432.000000 146
0.298781 -0.621760 7330129649574911607308288.000000 138
-0.005837 -0.810471 -39537433549400080457400320.000000 101
0.177179 -0.862891 3173466531156592076783616.000000 109
0.164458 -0.730094 20362173101602701970505728.000000 119
0.187381 -0.982287 -1609637586188175170076672.000000 90
0.177179 -0.862891 3173466531156592076783616.000000 109
0.060826 -0.904827 7456507151123923091849216.000000 91
0.187381 -0.982287 -1609637586188175170076672.000000 90
0.309017 -0.951057 -888274826665564565405696.000000 108
0.177179 -0.862891 3173466531156592076783616.000000 109
0.409886 -0.779019 989610311998564569448448.000000 144
0.393993 -0.653212 -414369594119880213266432.000000 146
0.282937 -0.737084 -5501615240429452983795712.000000 127
0.515708 -0.711863 -79772118459637158641664.000000 162
0.637424 -0.770513 90561760083811191750656.000000 163
0.658410 -0.623625 -53076622509660295921664.000000 179
0.409886 -0.779019 989610311998564569448448.000000 144
0.515708 -0.711863 -79772118459637158641664.000000 162
0.393993 -0.653212 -414369594119880213266432.000000 146
0.409886 -0.779019 989610311998564569448448.000000 144
0.535827 -0.844328 -266011199259570209816576.000000 145
0.515708 -0.711863 -79772118459637158641664.000000 162
0.425779 -0.904827 -323709604867515812413440.000000 126
0.409886 -0.779019 989610311998564569448448.000000 144
0.295977 -0.844070 482235817937071408939008.000000 125
-0.065162 -0.389016 -526388771452095716413931520.000000 106
-0.145550 -0.426758 1113043064694477901396967424.000000 87
-0.115913 -0.510892 -391695937702691765405876224.000000 88
-0.272489 -0.433048 1056024446589046163450626048.000000 67
-0.145550 -0.426758 1113043064694477901396967424.000000 87
-0.234167 -0.315104 -11444642135222275386137116672.000000 70
-0.219573 -0.550993 2552101372410179422521393152.000000 69
-0.378100 -0.527404 -17308397686161697246988468224.000000 52
-0.349134 -0.668938 3331449447263706101596553216.000000 51
-0.072500 -0.716116 82123592656767987988037632.000000 83
-0.042377 -0.593453 261995021894562444937789440.000000 86
-0.166657 -0.668938 -855145840309442201455165440.000000 68
-0.272489 -0.433048 1056024446589046163450626048.000000 67
-0.378100 -0.527404 -17308397686161697246988468224.000000 52
-0.219573 -0.550993 2552101372410179422521393152.000000 69
0.535827 -0.844328 -266011199259570209816576.000000 145
0.409886 -0.779019 989610311998564569448448.000000 144
0.425779 -0.904827 -323709604867515812413440.000000 126
0.535827 -0.844328 -266011199259570209816576.000000 145
0.637424 -0.770513 90561760083811191750656.000000 163
0.515708 -0.711863 -79772118459637158641664.000000 162
0.409886 -0.779019 989610311998564569448448.000000 144
0.282937 -0.737084 -5501615240429452983795712.000000 127
0.295977 -0.844070 482235817937071408939008.000000 125
0.637424 -0.770513 90561760083811191750656.000000 163
0.728969 -0.684547 4055520282891786387456.000000 180
0.658410 -0.623625 -53076622509660295921664.000000 179
-0.309017 0.951057 -15761218555702149874974720.000000 148
-0.203275 0.856480 -872975308041701621235712.000000 149
-0.187381 0.982287 4236600988613568291143680.000000 165
-0.109200 0.735914 16418690966094381875986432.000000 150
-0.219168 0.730672 -28490859043954182481510400.000000 134
-0.081324 0.616659 -57671772466954470158237696.000000 152
-0.187381 0.982287 4236600988613568291143680.000000 165
-0.203275 0.856480 -872975308041701621235712.000000 149
-0.089651 0.864346 -4521683451722821099585536.000000 166
-0.219168 0.730672 -28490859043954182481510400.000000 134
-0.382682 0.674543 -122485684340857638028836864.000000 115
-0.235061 0.604864 254955855755120537161957376.000000 132
-0.089651 0.864346 -4521683451722821099585536.000000 166
-0.109200 0.735914 16418690966094381875986432.000000 150
0.000768 0.741156 7162331880997960869216256.000000 167
-0.253031 -0.747568 -1136872948319773987690250240.000000 61
-0.166657 -0.668938 -855145840309442201455165440.000000 68
-0.349134 -0.668938 3331449447263706101596553216.000000 51
-0.060826 -0.904827 -30001561129761808704339968.000000 82
-0.156928 -0.826197 271869017722374293622358016.000000 81
-0.187381 -0.982287 -153309577898195003446919168.000000 63
-0.060826 -0.904827 -30001561129761808704339968.000000 82
-0.005837 -0.810471 -39537433549400080457400320.000000 101
-0.156928 -0.826197 271869017722374293622358016.000000 81
-0.232973 -0.888627 259234975308898197284323328.000000 62
-0.156928 -0.826197 271869017722374293622358016.000000 81
-0.253031 -0.747568 -1136872948319773987690250240.000000 61
-0.187381 -0.982287 -153309577898195003446919168.000000 63
-0.232973 -0.888627 259234975308898197284323328.000000 62
-0.309017 -0.951057 287881062723944959201771520.000000 47
-0.187381 -0.982287 -153309577898195003446919168.000000 63
-0.156928 -0.826197 271869017722374293622358016.000000 81
-0.232973 -0.888627 259234975308898197284323328.000000 62
-0.062791 -0.998027 35244969584643026634932224.000000 71
-0.060826 -0.904827 -30001561129761808704339968.000000 82
-0.187381 -0.982287 -153309577898195003446919168.000000 63
-0.042377 -0.593453 261995021894562444937789440.000000 86
-0.072500 -0.716116 82123592656767987988037632.000000 83
0.034327 -0.646921 -39796676105216666705592320.000000 102
-0.012254 -0.470791 69309547933150868003618816.000000 105
-0.042377 -0.593453 261995021894562444937789440.000000 86
0.034327 -0.646921 -39796676105216666705592320.000000 102
-0.115913 -0.510892 -391695937702691765405876224.000000 88
-0.166657 -0.668938 -855145840309442201455165440.000000 68
-0.042377 -0.593453 261995021894562444937789440.000000 86
-0.518255 -0.575515 81816515596451318706129076224.000000 36
-0.616669 -0.529062 -485498995684279529140685635584.000000 25
-0.658410 -0.623625 -18409063409710121067617452032.000000 24
-0.433694 -0.622226 -10032220662423812583618248704.000000 37
-0.518255 -0.575515 81816515596451318706129076224.000000 36
-0.534148 -0.701322 -12735215525019003167099060224.000000 31
-0.409886 -0.779019 3806295673546323489862975488.000000 45
-0.433694 -0.622226 -10032220662423812583618248704.000000 37
-0.534148 -0.701322 -12735215525019003167099060224.000000 31
-0.349134 -0.668938 3331449447263706101596553216.000000 51
-0.378100 -0.527404 -17308397686161697246988468224.000000 52
-0.433694 -0.622226 -10032220662423812583618248704.000000 37
-0.378100 -0.527404 -17308397686161697246988468224.000000 52
-0.486789 -0.444362 22360178566316144574515380224.000000 38
-0.518255 -0.575515 81816515596451318706129076224.000000 36
0.060826 -0.904827 7456507151123923091849216.000000 91
-0.060826 -0.904827 -30001561129761808704339968.000000 82
-0.062791 -0.998027 35244969584643026634932224.000000 71
-0.534148 -0.701322 -12735215525019003167099060224.000000 31
-0.535827 -0.844328 -1378555491249850100314275840.000000 30
-0.409886 -0.779019 3806295673546323489862975488.000000 45
-0.486789 -0.444362 22360178566316144574515380224.000000 38
-0.378100 -0.527404 -17308397686161697246988468224.000000 52
-0.362206 -0.401597 23009061556088321393500880896.000000 53
-0.728969 -0.684547 -137926865219762153517532315648.000000 14
-0.637424 -0.770513 29645933918924706890293182464.000000 19
-0.658410 -0.623625 -18409063409710121067617452032.000000 24
-0.321429 -0.833823 -450254259996221537312047104.000000 46
-0.253031 -0.747568 -1136872948319773987690250240.000000 61
-0.409886 -0.779019 3806295673546323489862975488.000000 45
-0.346313 -0.275789 48926161583994658303057592320.000000 64
-0.362206 -0.401597 23009061556088321393500880896.000000 53
-0.234167 -0.315104 -11444642135222275386137116672.000000 70
-0.195844 -0.197159 -11329080102209813841895751680.000000 84
-0.346313 -0.275789 48926161583994658303057592320.000000 64
-0.234167 -0.315104 -11444642135222275386137116672.000000 70
-0.658594 0.038247 1665422906603925433332772372480.000000 29
-0.584401 -0.096754 438671418416629259217139662848.000000 35
-0.515073 -0.029496 -435143118375051410303396872192.000000 39
-0.330420 -0.149981 19782997554018596266560192512.000000 66
-0.441136 -0.097722 -10333334469903650374748733440.000000 50
-0.469331 -0.217723 -138777470756776464237650247680.000000 49
-0.330420 -0.149981 19782997554018596266560192512.000000 66
-0.314527 -0.024174 -19067206386498277977016500224.000000 65
-0.441136 -0.097722 -10333334469903650374748733440.000000 50
-0.321429 -0.833823 -450254259996221537312047104.000000 46
-0.425779 -0.904827 -927937181540860373166456832.000000 32
-0.309017 -0.951057 287881062723944959201771520.000000 47
-0.378100 -0.527404 -17308397686161697246988468224.000000 52
-0.518255 -0.575515 81816515596451318706129076224.000000 36
-0.433694 -0.622226 -10032220662423812583618248704.000000 37
-0.535827 -0.844328 -1378555491249850100314275840.000000 30
-0.425779 -0.904827 -927937181540860373166456832.000000 32
-0.409886 -0.779019 3806295673546323489862975488.000000 45
0.298634 0.101634 3686107929639297310785536.000000 156
0.172130 0.119981 -31233172424232892477997056.000000 137
0.196515 -0.037934 12862828022567095750361088.000000 140
-0.216863 0.007278 8424471442967371540762460160.000000 80
-0.157522 -0.079215 132418869163979722203332608.000000 85
-0.119199 0.038730 -1529906622666458196294500352.000000 100
0.198854 -0.161776 10896208016031723573739520.000000 141
0.210774 -0.256132 -15273011850705930958143488.000000 142
0.330420 -0.149981 -2578085697010622059773952.000000 160
-0.118071 -0.307241 3982156259300467853299286016.000000 89
-0.195844 -0.197159 -11329080102209813841895751680.000000 84
-0.234167 -0.315104 -11444642135222275386137116672.000000 70
0.114121 -0.291515 131253568187698842014056448.000000 124
0.235267 -0.407887 -44797731634520202911154176.000000 143
0.210774 -0.256132 -15273011850705930958143488.000000 142
0.114121 -0.291515 131253568187698842014056448.000000 124
0.108328 -0.414177 161369881541361509876105216.000000 123
0.235267 -0.407887 -44797731634520202911154176.000000 143
0.198854 -0.161776 10896208016031723573739520.000000 141
0.114121 -0.291515 131253568187698842014056448.000000 124
0.210774 -0.256132 -15273011850705930958143488.000000 142
0.067288 -0.173570 -134032180710012898678669312.000000 121
-0.064278 -0.185365 1517295076341416518320390144.000000 103
-0.001975 -0.299378 -762999891545824919872864256.000000 107
-0.012254 -0.470791 69309547933150868003618816.000000 105
0.034327 -0.646921 -39796676105216666705592320.000000 102
0.141155 -0.577727 -35728731163190103860314112.000000 120
-0.064278 -0.185365 1517295076341416518320390144.000000 103
-0.035536 -0.096906 59426961924871007890309120.000000 104
-0.157522 -0.079215 132418869163979722203332608.000000 85
-0.001975 -0.299378 -762999891545824919872864256.000000 107
-0.064278 -0.185365 1517295076341416518320390144.000000 103
-0.118071 -0.307241 3982156259300467853299286016.000000 89
0.067288 -0.173570 -134032180710012898678669312.000000 121
-0.035536 -0.096906 59426961924871007890309120.000000 104
-0.064278 -0.185365 1517295076341416518320390144.000000 103
-0.330420 -0.149981 19782997554018596266560192512.000000 66
-0.195844 -0.197159 -11329080102209813841895751680.000000 84
-0.157522 -0.079215 132418869163979722203332608.000000 85
-0.330420 -0.149981 19782997554018596266560192512.000000 66
-0.346313 -0.275789 48926161583994658303057592320.000000 64
-0.195844 -0.197159 -11329080102209813841895751680.000000 84
-0.658594 0.038247 1665422906603925433332772372480.000000 29
-0.576964 0.099699 -263572826880703657180309487616.000000 44
-0.708183 0.161636 603195289119353881823578947584.000000 28
-0.838383 -0.043527 27707168603242916831332432609280.000000 12
-0.715365 -0.101593 -5136752693002190393622189309952.000000 23
-0.773283 0.059054 -4272506514192161298260193968128.000000 18
-0.584401 -0.096754 438671418416629259217139662848.000000 35
-0.469331 -0.217723 -138777470756776464237650247680.000000 49
-0.441136 -0.097722 -10333334469903650374748733440.000000 50
-0.715365 -0.101593 -5136752693002190393622189309952.000000 23
-0.584401 -0.096754 438671418416629259217139662848.000000 35
-0.658594 0.038247 1665422906603925433332772372480.000000 29
-0.773283 0.059054 -4272506514192161298260193968128.000000 18
-0.715365 -0.101593 -5136752693002190393622189309952.000000 23
-0.658594 0.038247 1665422906603925433332772372480.000000 29
-0.680615 -0.197981 655924447360276374712408342528.000000 22
-0.569181 -0.223917 577620173555203190864767614976.000000 34
-0.584401 -0.096754 438671418416629259217139662848.000000 35
-0.792049 -0.172045 5952131006691706045638975160320.000000 13
-0.680615 -0.197981 655924447360276374712408342528.000000 22
-0.715365 -0.101593 -5136752693002190393622189309952.000000 23
-0.792049 -0.172045 5952131006691706045638975160320.000000 13
-0.847640 -0.274036 24754269604182475910835930660864.000000 11
-0.680489 -0.312940 -4954924892405184141817112690688.000000 21
-0.715365 -0.101593 -5136752693002190393622189309952.000000 23
-0.680615 -0.197981 655924447360276374712408342528.000000 22
-0.584401 -0.096754 438671418416629259217139662848.000000 35
-0.838383 -0.043527 27707168603242916831332432609280.000000 12
-0.792049 -0.172045 5952131006691706045638975160320.000000 13
-0.715365 -0.101593 -5136752693002190393622189309952.000000 23
-0.314527 -0.024174 -19067206386498277977016500224.000000 65
-0.298634 0.101634 -23002183612539810445977976832.000000 73
-0.445745 0.037763 104124211298594031980714655744.000000 54
-0.680489 -0.312940 -4954924892405184141817112690688.000000 21
-0.592925 -0.376490 445415511923050605249531215872.000000 33
-0.569181 -0.223917 577620173555203190864767614976.000000 34
-0.569181 -0.223917 577620173555203190864767614976.000000 34
-0.592925 -0.376490 445415511923050605249531215872.000000 33
-0.443723 -0.339315 -204681936049124050736510926848.000000 48
-0.658410 -0.623625 -18409063409710121067617452032.000000 24
-0.616669 -0.529062 -485498995684279529140685635584.000000 25
-0.735953 -0.529892 632526433099667384020953464832.000000 15
-0.658410 -0.623625 -18409063409710121067617452032.000000 24
-0.534148 -0.701322 -12735215525019003167099060224.000000 31
-0.518255 -0.575515 81816515596451318706129076224.000000 36
-0.443723 -0.339315 -204681936049124050736510926848.000000 48
-0.469331 -0.217723 -138777470756776464237650247680.000000 49
-0.569181 -0.223917 577620173555203190864767614976.000000 34
-0.362206 -0.401597 23009061556088321393500880896.000000 53
-0.443723 -0.339315 -204681936049124050736510926848.000000 48
-0.486789 -0.444362 22360178566316144574515380224.000000 38
-0.362206 -0.401597 23009061556088321393500880896.000000 53
-0.346313 -0.275789 48926161583994658303057592320.000000 64
-0.443723 -0.339315 -204681936049124050736510926848.000000 48
0.247982 -0.508533 -18481515885407957518647296.000000 139
0.141155 -0.577727 -35728731163190103860314112.000000 120
0.298781 -0.621760 7330129649574911607308288.000000 138
-0.156928 -0.826197 271869017722374293622358016.000000 81
-0.072500 -0.716116 82123592656767987988037632.000000 83
-0.166657 -0.668938 -855145840309442201455165440.000000 68
0.164458 -0.730094 20362173101602701970505728.000000 119
0.177179 -0.862891 3173466531156592076783616.000000 109
0.282937 -0.737084 -5501615240429452983795712.000000 127
0.298781 -0.621760 7330129649574911607308288.000000 138
0.164458 -0.730094 20362173101602701970505728.000000 119
0.282937 -0.737084 -5501615240429452983795712.000000 127
0.034327 -0.646921 -39796676105216666705592320.000000 102
-0.005837 -0.810471 -39537433549400080457400320.000000 101
0.164458 -0.730094 20362173101602701970505728.000000 119
0.108328 -0.414177 161369881541361509876105216.000000 123
0.247982 -0.508533 -18481515885407957518647296.000000 139
0.235267 -0.407887 -44797731634520202911154176.000000 143
-0.115913 -0.510892 -391695937702691765405876224.000000 88
-0.012254 -0.470791 69309547933150868003618816.000000 105
-0.065162 -0.389016 -526388771452095716413931520.000000 106
-0.219573 -0.550993 2552101372410179422521393152.000000 69
-0.115913 -0.510892 -391695937702691765405876224.000000 88
-0.145550 -0.426758 1113043064694477901396967424.000000 87
-0.219573 -0.550993 2552101372410179422521393152.000000 69
-0.166657 -0.668938 -855145840309442201455165440.000000 68
-0.115913 -0.510892 -391695937702691765405876224.000000 88
-0.115913 -0.510892 -391695937702691765405876224.000000 88
-0.042377 -0.593453 261995021894562444937789440.000000 86
-0.012254 -0.470791 69309547933150868003618816.000000 105
0.378100 -0.527404 624107359246582676455424.000000 158
0.362206 -0.401597 9706488164809078355263488.000000 159
0.247982 -0.508533 -18481515885407957518647296.000000 139
