-0.903483 -0.146108 -846015823935822811365376.000000 5
-0.992115 -0.125333 7502819545168478610653184.000000 1
-0.968583 -0.248690 -859843291170910324654080.000000 2
-0.929776 -0.368125 68444205880657812914176.000000 3
-0.847640 -0.274036 244475030476046586609664.000000 11
-0.968583 -0.248690 -859843291170910324654080.000000 2
-0.838383 -0.043527 273638083328392357216256.000000 12
-1.000000 -0.000000 -649421392194218370269184.000000 4
-0.903483 -0.146108 -846015823935822811365376.000000 5
-0.791796 -0.401964 -52146847931980719325184.000000 10
-0.876307 -0.481754 5522626976351684395008.000000 6
-0.735953 -0.529892 6246878679176171225088.000000 15
-0.664439 -0.453191 23624927481387460591616.000000 20
-0.592925 -0.376490 4398957133176461328384.000000 33
-0.680489 -0.312940 -48935211316944245358592.000000 21
-0.616669 -0.529062 -4794824636875976736768.000000 25
-0.664439 -0.453191 23624927481387460591616.000000 20
-0.735953 -0.529892 6246878679176171225088.000000 15
-0.616669 -0.529062 -4794824636875976736768.000000 25
-0.592925 -0.376490 4398957133176461328384.000000 33
-0.664439 -0.453191 23624927481387460591616.000000 20
-0.847640 -0.274036 244475030476046586609664.000000 11
-0.929776 -0.368125 68444205880657812914176.000000 3
-0.791796 -0.401964 -52146847931980719325184.000000 10
-0.577982 0.366799 222509453523465830400.000000 58
-0.479568 0.320346 -115927909744975282176.000000 75
-0.512882 0.469380 -42690304208021258240.000000 77
-0.381154 0.273894 -121533754604641320960.000000 78
-0.528266 0.210023 512359523450049986560.000000 59
-0.413450 0.155828 250958333509869600768.000000 60
-0.389865 0.411315 38500361411475816448.000000 95
-0.479568 0.320346 -115927909744975282176.000000 75
-0.381154 0.273894 -121533754604641320960.000000 78
-0.250954 0.479057 -8053170231610009600.000000 114
-0.389865 0.411315 38500361411475816448.000000 95
-0.266847 0.353249 13960675894281576448.000000 98
-0.349368 0.525509 -7750592777384159232.000000 113
-0.447782 0.571962 10545712413974286336.000000 97
-0.389865 0.411315 38500361411475816448.000000 95
-0.577982 0.366799 222509453523465830400.000000 58
-0.528266 0.210023 512359523450049986560.000000 59
-0.479568 0.320346 -115927909744975282176.000000 75
-0.080876 0.156675 -1017036231851178752.000000 110
-0.042554 0.274619 1895063952162904320.000000 117
-0.162647 0.251030 -8795848813151152128.000000 99
-0.189755 0.129154 28155498538872795136.000000 93
-0.080876 0.156675 -1017036231851178752.000000 110
-0.162647 0.251030 -8795848813151152128.000000 99
-0.282741 0.227442 9823167973805127680.000000 79
-0.189755 0.129154 28155498538872795136.000000 93
-0.162647 0.251030 -8795848813151152128.000000 99
-0.298634 0.101634 -227171297299806257152.000000 73
-0.216863 0.007278 83200714288740253696.000000 80
-0.189755 0.129154 28155498538872795136.000000 93
0.198854 -0.161776 107611770792971312.000000 141
0.078503 -0.051694 -296069195843536576.000000 122
0.067288 -0.173570 -1323711908604040192.000000 121
0.125317 0.034143 -639757616256390528.000000 128
0.020079 0.059698 2930726849696484352.000000 118
0.078503 -0.051694 -296069195843536576.000000 122
0.196515 -0.037934 127034258053565392.000000 140
0.125317 0.034143 -639757616256390528.000000 128
0.078503 -0.051694 -296069195843536576.000000 122
0.172130 0.119981 -308461162553866432.000000 137
0.020079 0.059698 2930726849696484352.000000 118
0.125317 0.034143 -639757616256390528.000000 128
0.282741 0.227442 17424044578965272.000000 155
0.172130 0.119981 -308461162553866432.000000 137
0.298634 0.101634 36404279457484160.000000 156
0.282741 0.227442 17424044578965272.000000 155
0.163714 0.327039 -38761163589506128.000000 153
0.167922 0.223510 235269338330113376.000000 147
-0.080876 0.156675 -1017036231851178752.000000 110
-0.119199 0.038730 -15109472999304056832.000000 100
0.020079 0.059698 2930726849696484352.000000 118
-0.838383 -0.043527 273638083328392357216256.000000 12
-0.915249 0.040903 46914626813317309530112.000000 9
-1.000000 -0.000000 -649421392194218370269184.000000 4
-0.903483 -0.146108 -846015823935822811365376.000000 5
-1.000000 -0.000000 -649421392194218370269184.000000 4
-0.992115 -0.125333 7502819545168478610653184.000000 1
-0.362206 -0.401597 227239224388163764224.000000 53
-0.378100 -0.527404 -170939038779029979136.000000 52
-0.272489 -0.433048 10429376947550332928.000000 67
-0.847640 -0.274036 244475030476046586609664.000000 11
-0.903483 -0.146108 -846015823935822811365376.000000 5
-0.968583 -0.248690 -859843291170910324654080.000000 2
-0.847640 -0.274036 244475030476046586609664.000000 11
-0.792049 -0.172045 58783693985966576369664.000000 13
-0.903483 -0.146108 -846015823935822811365376.000000 5
-0.876307 -0.481754 5522626976351684395008.000000 6
-0.791796 -0.401964 -52146847931980719325184.000000 10
-0.929776 -0.368125 68444205880657812914176.000000 3
-0.664439 -0.453191 23624927481387460591616.000000 20
-0.791796 -0.401964 -52146847931980719325184.000000 10
-0.735953 -0.529892 6246878679176171225088.000000 15
-0.680615 -0.197981 6477959229760264470528.000000 22
-0.680489 -0.312940 -48935211316944245358592.000000 21
-0.569181 -0.223917 5704620325765061279744.000000 34
-0.680615 -0.197981 6477959229760264470528.000000 22
-0.792049 -0.172045 58783693985966576369664.000000 13
-0.680489 -0.312940 -48935211316944245358592.000000 21
-0.515073 -0.029496 -4297506201039696560128.000000 39
-0.441136 -0.097722 -102052789270019653632.000000 50
-0.445745 0.037763 1028338550785481637888.000000 54
-0.330420 -0.149981 195378373398223323136.000000 66
-0.469331 -0.217723 -1370576750401037533184.000000 49
-0.346313 -0.275789 483198455683867475968.000000 64
-0.838383 -0.043527 273638083328392357216256.000000 12
-0.903483 -0.146108 -846015823935822811365376.000000 5
-0.792049 -0.172045 58783693985966576369664.000000 13
-0.735953 -0.529892 6246878679176171225088.000000 15
-0.809017 -0.587785 -4159028131728626548736.000000 7
-0.728969 -0.684547 -1362176106071403528192.000000 14
-0.346313 -0.275789 483198455683867475968.000000 64
-0.469331 -0.217723 -1370576750401037533184.000000 49
-0.443723 -0.339315 -2021454211884770131968.000000 48
-0.876307 -0.481754 5522626976351684395008.000000 6
-0.809017 -0.587785 -4159028131728626548736.000000 7
-0.735953 -0.529892 6246878679176171225088.000000 15
-0.309017 0.951057 -155658981192233440.000000 148
-0.317582 0.777124 306039954569790848.000000 131
-0.203275 0.856480 -8621569872628100.000000 149
-0.915249 0.040903 46914626813317309530112.000000 9
-0.992115 0.125333 63533155853245790289920.000000 8
-1.000000 -0.000000 -649421392194218370269184.000000 4
-0.773283 0.059054 -42195596031229855531008.000000 18
-0.915249 0.040903 46914626813317309530112.000000 9
-0.838383 -0.043527 273638083328392357216256.000000 12
-0.773283 0.059054 -42195596031229855531008.000000 18
-0.838383 0.205163 -12687373544420045488128.000000 17
-0.915249 0.040903 46914626813317309530112.000000 9
-0.317582 0.777124 306039954569790848.000000 131
-0.309017 0.951057 -155658981192233440.000000 148
-0.425779 0.904827 225464357555160640.000000 130
-0.447782 0.737755 -818004059855891456.000000 112
-0.425779 0.904827 225464357555160640.000000 130
-0.535827 0.844328 -260252843112998240.000000 111
-0.992115 0.125333 63533155853245790289920.000000 8
-0.915249 0.040903 46914626813317309530112.000000 9
-0.838383 0.205163 -12687373544420045488128.000000 17
-0.382682 0.674543 -1209677841072363008.000000 115
-0.447782 0.571962 10545712413974286336.000000 97
-0.349368 0.525509 -7750592777384159232.000000 113
-0.425779 0.904827 225464357555160640.000000 130
-0.447782 0.737755 -818004059855891456.000000 112
-0.317582 0.777124 306039954569790848.000000 131
-0.382682 0.674543 -1209677841072363008.000000 115
-0.349368 0.525509 -7750592777384159232.000000 113
-0.235061 0.604864 2517963228260562432.000000 132
-0.816683 0.308437 2633562007677105602560.000000 27
-0.968583 0.248690 -8229253285302037905408.000000 16
-0.838383 0.205163 -12687373544420045488128.000000 17
-0.816683 0.308437 2633562007677105602560.000000 27
-0.929776 0.368125 807516204104374550528.000000 26
-0.968583 0.248690 -8229253285302037905408.000000 16
-0.708183 0.161636 5957202092747103666176.000000 28
-0.816683 0.308437 2633562007677105602560.000000 27
-0.838383 0.205163 -12687373544420045488128.000000 17
-0.794983 0.411712 -472306133222459113472.000000 41
-0.929776 0.368125 807516204104374550528.000000 26
-0.816683 0.308437 2633562007677105602560.000000 27
-0.314527 -0.024174 -188309165932516147200.000000 65
-0.330420 -0.149981 195378373398223323136.000000 66
-0.157522 -0.079215 1307778722301598464.000000 85
-0.080876 0.156675 -1017036231851178752.000000 110
-0.189755 0.129154 28155498538872795136.000000 93
-0.119199 0.038730 -15109472999304056832.000000 100
-0.576964 0.099699 -2603065083909022154752.000000 44
-0.528266 0.210023 512359523450049986560.000000 59
-0.643082 0.264217 -570058346504631287808.000000 43
-0.773283 0.059054 -42195596031229855531008.000000 18
-0.658594 0.038247 16447842023127526670336.000000 29
-0.708183 0.161636 5957202092747103666176.000000 28
-0.445745 0.037763 1028338550785481637888.000000 54
-0.413450 0.155828 250958333509869600768.000000 60
-0.576964 0.099699 -2603065083909022154752.000000 44
-0.216863 0.007278 83200714288740253696.000000 80
-0.298634 0.101634 -227171297299806257152.000000 73
-0.314527 -0.024174 -188309165932516147200.000000 65
-0.157522 -0.079215 1307778722301598464.000000 85
-0.216863 0.007278 83200714288740253696.000000 80
-0.314527 -0.024174 -188309165932516147200.000000 65
-0.119199 0.038730 -15109472999304056832.000000 100
-0.189755 0.129154 28155498538872795136.000000 93
-0.216863 0.007278 83200714288740253696.000000 80
-0.576964 0.099699 -2603065083909022154752.000000 44
-0.643082 0.264217 -570058346504631287808.000000 43
-0.708183 0.161636 5957202092747103666176.000000 28
-0.413450 0.155828 250958333509869600768.000000 60
-0.528266 0.210023 512359523450049986560.000000 59
-0.576964 0.099699 -2603065083909022154752.000000 44
-0.298634 0.101634 -227171297299806257152.000000 73
-0.413450 0.155828 250958333509869600768.000000 60
-0.445745 0.037763 1028338550785481637888.000000 54
-0.298634 0.101634 -227171297299806257152.000000 73
-0.282741 0.227442 9823167973805127680.000000 79
-0.413450 0.155828 250958333509869600768.000000 60
-0.381154 0.273894 -121533754604641320960.000000 78
-0.266847 0.353249 13960675894281576448.000000 98
-0.389865 0.411315 38500361411475816448.000000 95
-0.381154 0.273894 -121533754604641320960.000000 78
-0.282741 0.227442 9823167973805127680.000000 79
-0.266847 0.353249 13960675894281576448.000000 98
-0.528266 0.210023 512359523450049986560.000000 59
-0.381154 0.273894 -121533754604641320960.000000 78
-0.479568 0.320346 -115927909744975282176.000000 75
-0.413450 0.155828 250958333509869600768.000000 60
-0.282741 0.227442 9823167973805127680.000000 79
-0.381154 0.273894 -121533754604641320960.000000 78
-0.577982 0.366799 222509453523465830400.000000 58
-0.643082 0.264217 -570058346504631287808.000000 43
-0.528266 0.210023 512359523450049986560.000000 59
-0.577982 0.366799 222509453523465830400.000000 58
-0.610532 0.481301 244791220971759763456.000000 57
-0.719033 0.337964 -1277692283615278268416.000000 42
-0.621382 0.574733 -45290492415599312896.000000 76
-0.708183 0.493222 283426665678333280256.000000 56
-0.610532 0.481301 244791220971759763456.000000 57
-0.719033 0.337964 -1277692283615278268416.000000 42
-0.816683 0.308437 2633562007677105602560.000000 27
-0.708183 0.161636 5957202092747103666176.000000 28
-0.577982 0.366799 222509453523465830400.000000 58
-0.719033 0.337964 -1277692283615278268416.000000 42
-0.643082 0.264217 -570058346504631287808.000000 43
-0.794983 0.411712 -472306133222459113472.000000 41
-0.816683 0.308437 2633562007677105602560.000000 27
-0.719033 0.337964 -1277692283615278268416.000000 42
-0.708183 0.493222 283426665678333280256.000000 56
-0.794983 0.411712 -472306133222459113472.000000 41
-0.719033 0.337964 -1277692283615278268416.000000 42
-0.610532 0.481301 244791220971759763456.000000 57
-0.708183 0.493222 283426665678333280256.000000 56
-0.719033 0.337964 -1277692283615278268416.000000 42
-0.512882 0.469380 -42690304208021258240.000000 77
-0.610532 0.481301 244791220971759763456.000000 57
-0.577982 0.366799 222509453523465830400.000000 58
-0.512882 0.469380 -42690304208021258240.000000 77
-0.621382 0.574733 -45290492415599312896.000000 76
-0.610532 0.481301 244791220971759763456.000000 57
-0.621382 0.574733 -45290492415599312896.000000 76
-0.809017 0.587785 -70541261325976657920.000000 55
-0.708183 0.493222 283426665678333280256.000000 56
-0.876307 0.481754 -65303672427509366784.000000 40
-0.929776 0.368125 807516204104374550528.000000 26
-0.794983 0.411712 -472306133222459113472.000000 41
-0.445745 0.037763 1028338550785481637888.000000 54
-0.441136 -0.097722 -102052789270019653632.000000 50
-0.314527 -0.024174 -188309165932516147200.000000 65
-0.838383 0.205163 -12687373544420045488128.000000 17
-0.773283 0.059054 -42195596031229855531008.000000 18
-0.708183 0.161636 5957202092747103666176.000000 28
-0.643082 0.264217 -570058346504631287808.000000 43
-0.719033 0.337964 -1277692283615278268416.000000 42
-0.708183 0.161636 5957202092747103666176.000000 28
-0.968583 0.248690 -8229253285302037905408.000000 16
-0.992115 0.125333 63533155853245790289920.000000 8
-0.838383 0.205163 -12687373544420045488128.000000 17
-0.515073 -0.029496 -4297506201039696560128.000000 39
-0.576964 0.099699 -2603065083909022154752.000000 44
-0.658594 0.038247 16447842023127526670336.000000 29
-0.441136 -0.097722 -102052789270019653632.000000 50
-0.515073 -0.029496 -4297506201039696560128.000000 39
-0.584401 -0.096754 4332351957912591007744.000000 35
-0.445745 0.037763 1028338550785481637888.000000 54
-0.576964 0.099699 -2603065083909022154752.000000 44
-0.515073 -0.029496 -4297506201039696560128.000000 39
-0.794983 0.411712 -472306133222459113472.000000 41
-0.708183 0.493222 283426665678333280256.000000 56
-0.876307 0.481754 -65303672427509366784.000000 40
-0.447782 0.571962 10545712413974286336.000000 97
-0.534582 0.656244 5174047796568467456.000000 96
-0.621382 0.574733 -45290492415599312896.000000 76
-0.389865 0.411315 38500361411475816448.000000 95
-0.447782 0.571962 10545712413974286336.000000 97
-0.512882 0.469380 -42690304208021258240.000000 77
-0.479568 0.320346 -115927909744975282176.000000 75
-0.389865 0.411315 38500361411475816448.000000 95
-0.512882 0.469380 -42690304208021258240.000000 77
-0.250954 0.479057 -8053170231610009600.000000 114
-0.235061 0.604864 2517963228260562432.000000 132
-0.349368 0.525509 -7750592777384159232.000000 113
-0.382682 0.674543 -1209677841072363008.000000 115
-0.534582 0.656244 5174047796568467456.000000 96
-0.447782 0.571962 10545712413974286336.000000 97
-0.728969 0.684547 34908387551322898432.000000 74
-0.809017 0.587785 -70541261325976657920.000000 55
-0.621382 0.574733 -45290492415599312896.000000 76
-0.447782 0.737755 -818004059855891456.000000 112
-0.382682 0.674543 -1209677841072363008.000000 115
-0.317582 0.777124 306039954569790848.000000 131
-0.534582 0.656244 5174047796568467456.000000 96
-0.447782 0.737755 -818004059855891456.000000 112
-0.535827 0.844328 -260252843112998240.000000 111
-0.534582 0.656244 5174047796568467456.000000 96
-0.382682 0.674543 -1209677841072363008.000000 115
-0.447782 0.737755 -818004059855891456.000000 112
-0.728969 0.684547 34908387551322898432.000000 74
-0.631775 0.670396 2783600559130892800.000000 92
-0.637424 0.770513 -6946397049937784832.000000 94
-0.621382 0.574733 -45290492415599312896.000000 76
-0.512882 0.469380 -42690304208021258240.000000 77
-0.447782 0.571962 10545712413974286336.000000 97
-0.631775 0.670396 2783600559130892800.000000 92
-0.534582 0.656244 5174047796568467456.000000 96
-0.637424 0.770513 -6946397049937784832.000000 94
-0.621382 0.574733 -45290492415599312896.000000 76
-0.631775 0.670396 2783600559130892800.000000 92
-0.728969 0.684547 34908387551322898432.000000 74
-0.621382 0.574733 -45290492415599312896.000000 76
-0.534582 0.656244 5174047796568467456.000000 96
-0.631775 0.670396 2783600559130892800.000000 92
0.794983 0.411712 -27128011638492.601562 236
0.929776 0.368125 -27019199826835.148438 237
0.876307 0.481754 58761208793119.109375 242
0.708183 0.493222 -81894416797236.484375 238
0.794983 0.411712 -27128011638492.601562 236
0.876307 0.481754 58761208793119.109375 242
0.610532 0.481301 140213646828601.500000 223
0.577982 0.366799 -238527521321599.593750 208
0.719033 0.337964 87663562342235.250000 222
0.349368 0.525509 4405810985419390.500000 189
0.512882 0.469380 -920998932024937.625000 207
0.447782 0.571962 -1303354068882863.500000 205
0.349368 0.525509 4405810985419390.500000 189
0.422415 0.360024 1047751567418105.500000 190
0.512882 0.469380 -920998932024937.625000 207
0.445745 0.037763 -1306529239154051.250000 170
0.314527 -0.024174 -28737309480954796.000000 157
0.441136 -0.097722 11875002221321396.000000 175
0.643082 0.264217 -451365700346000.812500 206
0.522968 0.251959 1187871544510609.500000 191
0.571666 0.141635 1804893301916044.000000 188
0.794983 0.245918 93934723278592.484375 220
0.719033 0.337964 87663562342235.250000 222
0.643082 0.264217 -451365700346000.812500 206
0.870933 0.153872 44065375842949.328125 219
0.794983 0.245918 93934723278592.484375 220
0.708183 0.161636 -315752583702183.937500 204
0.870933 0.153872 44065375842949.328125 219
0.968583 0.248690 -39627292205053.890625 230
0.794983 0.245918 93934723278592.484375 220
0.577982 0.366799 -238527521321599.593750 208
0.422415 0.360024 1047751567418105.500000 190
0.522968 0.251959 1187871544510609.500000 191
0.040329 0.180264 -619666506582020224.000000 129
0.167922 0.223510 235269338330113376.000000 147
0.060580 0.300829 -152218515030861408.000000 136
0.794983 0.245918 93934723278592.484375 220
0.643082 0.264217 -451365700346000.812500 206
0.708183 0.161636 -315752583702183.937500 204
0.708183 0.493222 -81894416797236.484375 238
0.719033 0.337964 87663562342235.250000 222
0.794983 0.411712 -27128011638492.601562 236
0.577982 0.366799 -238527521321599.593750 208
0.643082 0.264217 -451365700346000.812500 206
0.719033 0.337964 87663562342235.250000 222
0.915249 0.040903 -6717525925278.148438 228
0.773283 0.059054 22814933624544.914062 215
0.838383 -0.043527 -76331407070947.765625 225
1.000000 -0.000000 51892229223843.921875 240
0.915249 0.040903 -6717525925278.148438 228
0.838383 -0.043527 -76331407070947.765625 225
0.992115 0.125333 -13414169954037.548828 233
0.968583 0.248690 -39627292205053.890625 230
0.870933 0.153872 44065375842949.328125 219
0.794983 0.245918 93934723278592.484375 220
0.929776 0.368125 -27019199826835.148438 237
0.794983 0.411712 -27128011638492.601562 236
0.062791 0.998027 -1297670470155648.500000 198
0.023973 0.872212 -406472502386038.187500 184
0.187381 0.982287 -1799774102779405.000000 199
0.425779 0.904827 299461259050965.750000 216
0.309017 0.951057 -2804066109698693.500000 214
0.360982 0.819266 1224480373647414.500000 203
0.309017 0.951057 -2804066109698693.500000 214
0.203275 0.856480 7289892776164102.000000 200
0.360982 0.819266 1224480373647414.500000 203
0.382682 0.674543 3586727202632337.500000 202
0.447782 0.737755 -872667380001032.500000 218
0.360982 0.819266 1224480373647414.500000 203
0.512882 0.469380 -920998932024937.625000 207
0.621382 0.574733 382126724831621.562500 221
0.447782 0.571962 -1303354068882863.500000 205
0.719033 0.337964 87663562342235.250000 222
0.708183 0.493222 -81894416797236.484375 238
0.610532 0.481301 140213646828601.500000 223
0.809017 0.587785 -90217282271032.765625 235
0.728969 0.684547 -123369009112376.375000 234
0.621382 0.574733 382126724831621.562500 221
0.621382 0.574733 382126724831621.562500 221
0.534582 0.656244 -266998183601976.468750 217
0.447782 0.571962 -1303354068882863.500000 205
0.809017 0.587785 -90217282271032.765625 235
0.621382 0.574733 382126724831621.562500 221
0.708183 0.493222 -81894416797236.484375 238
0.631775 0.670396 -5423931840051.738281 229
0.534582 0.656244 -266998183601976.468750 217
0.621382 0.574733 382126724831621.562500 221
0.728969 0.684547 -123369009112376.375000 234
0.631775 0.670396 -5423931840051.738281 229
0.621382 0.574733 382126724831621.562500 221
0.728969 0.684547 -123369009112376.375000 234
0.637424 0.770513 39062586816117.273438 231
0.631775 0.670396 -5423931840051.738281 229
0.447782 0.737755 -872667380001032.500000 218
0.425779 0.904827 299461259050965.750000 216
0.360982 0.819266 1224480373647414.500000 203
0.794983 0.245918 93934723278592.484375 220
0.794983 0.411712 -27128011638492.601562 236
0.719033 0.337964 87663562342235.250000 222
0.610532 0.481301 140213646828601.500000 223
0.621382 0.574733 382126724831621.562500 221
0.512882 0.469380 -920998932024937.625000 207
0.577982 0.366799 -238527521321599.593750 208
0.610532 0.481301 140213646828601.500000 223
0.512882 0.469380 -920998932024937.625000 207
0.708183 0.493222 -81894416797236.484375 238
0.621382 0.574733 382126724831621.562500 221
0.610532 0.481301 140213646828601.500000 223
0.637424 0.770513 39062586816117.273438 231
0.534582 0.656244 -266998183601976.468750 217
0.631775 0.670396 -5423931840051.738281 229
0.637424 0.770513 39062586816117.273438 231
0.535827 0.844328 311999521308192.562500 232
0.534582 0.656244 -266998183601976.468750 217
0.235061 0.604864 -9688735231232226.000000 186
0.219168 0.730672 -12771395680082656.000000 187
0.072414 0.628453 105277576808278016.000000 169
0.447782 0.737755 -872667380001032.500000 218
0.535827 0.844328 311999521308192.562500 232
0.425779 0.904827 299461259050965.750000 216
0.534582 0.656244 -266998183601976.468750 217
0.447782 0.737755 -872667380001032.500000 218
0.382682 0.674543 3586727202632337.500000 202
0.534582 0.656244 -266998183601976.468750 217
0.535827 0.844328 311999521308192.562500 232
0.447782 0.737755 -872667380001032.500000 218
-0.135539 0.372907 46080874229088192.000000 116
-0.250954 0.479057 -8053170231610009600.000000 114
-0.266847 0.353249 13960675894281576448.000000 98
0.060580 0.300829 -152218515030861408.000000 136
-0.004231 0.392564 -486643784845141888.000000 135
-0.042554 0.274619 1895063952162904320.000000 117
0.040329 0.180264 -619666506582020224.000000 129
0.060580 0.300829 -152218515030861408.000000 136
-0.042554 0.274619 1895063952162904320.000000 117
0.163714 0.327039 -38761163589506128.000000 153
0.123361 0.435810 110860237023069504.000000 154
0.060580 0.300829 -152218515030861408.000000 136
-0.080876 0.156675 -1017036231851178752.000000 110
0.020079 0.059698 2930726849696484352.000000 118
0.040329 0.180264 -619666506582020224.000000 129
0.266847 0.353249 -11294972553544576.000000 172
0.250954 0.479057 -15578589711036714.000000 171
0.123361 0.435810 110860237023069504.000000 154
-0.108431 0.494783 1098865260144522496.000000 133
-0.250954 0.479057 -8053170231610009600.000000 114
-0.135539 0.372907 46080874229088192.000000 116
-0.004231 0.392564 -486643784845141888.000000 135
-0.108431 0.494783 1098865260144522496.000000 133
-0.135539 0.372907 46080874229088192.000000 116
0.034091 0.510509 -42899732645301728.000000 151
0.072414 0.628453 105277576808278016.000000 169
-0.081324 0.616659 -569570767262067904.000000 152
0.034091 0.510509 -42899732645301728.000000 151
0.123361 0.435810 110860237023069504.000000 154
0.134576 0.557687 -28873887100432996.000000 168
0.381154 0.273894 254046437072514.000000 173
0.266847 0.353249 -11294972553544576.000000 172
0.282741 0.227442 17424044578965272.000000 155
0.413450 0.155828 -8841031098255399.000000 174
0.445745 0.037763 -1306529239154051.250000 170
0.571666 0.141635 1804893301916044.000000 188
0.282741 0.227442 17424044578965272.000000 155
0.413450 0.155828 -8841031098255399.000000 174
0.381154 0.273894 254046437072514.000000 173
0.298634 0.101634 36404279457484160.000000 156
0.445745 0.037763 -1306529239154051.250000 170
0.413450 0.155828 -8841031098255399.000000 174
0.577982 0.366799 -238527521321599.593750 208
0.512882 0.469380 -920998932024937.625000 207
0.422415 0.360024 1047751567418105.500000 190
0.134576 0.557687 -28873887100432996.000000 168
0.235061 0.604864 -9688735231232226.000000 186
0.072414 0.628453 105277576808278016.000000 169
0.034091 0.510509 -42899732645301728.000000 151
0.134576 0.557687 -28873887100432996.000000 168
0.072414 0.628453 105277576808278016.000000 169
0.123361 0.435810 110860237023069504.000000 154
0.250954 0.479057 -15578589711036714.000000 171
0.134576 0.557687 -28873887100432996.000000 168
0.422415 0.360024 1047751567418105.500000 190
0.349368 0.525509 4405810985419390.500000 189
0.266847 0.353249 -11294972553544576.000000 172
0.349368 0.525509 4405810985419390.500000 189
0.235061 0.604864 -9688735231232226.000000 186
0.250954 0.479057 -15578589711036714.000000 171
0.266847 0.353249 -11294972553544576.000000 172
0.349368 0.525509 4405810985419390.500000 189
0.250954 0.479057 -15578589711036714.000000 171
0.447782 0.571962 -1303354068882863.500000 205
0.382682 0.674543 3586727202632337.500000 202
0.349368 0.525509 4405810985419390.500000 189
0.023973 0.872212 -406472502386038.187500 184
0.062791 0.998027 -1297670470155648.500000 198
-0.062791 0.998027 7951212635371238.000000 182
-0.089651 0.864346 -44656486227983696.000000 166
0.023973 0.872212 -406472502386038.187500 184
-0.062791 0.998027 7951212635371238.000000 182
-0.187381 0.982287 41840990357120176.000000 165
-0.089651 0.864346 -44656486227983696.000000 166
-0.062791 0.998027 7951212635371238.000000 182
-0.203275 0.856480 -8621569872628100.000000 149
-0.109200 0.735914 162152228221450304.000000 150
-0.089651 0.864346 -44656486227983696.000000 166
0.000768 0.741156 70735728942318888.000000 167
0.110736 0.746398 -30411021614780552.000000 183
0.023973 0.872212 -406472502386038.187500 184
0.219168 0.730672 -12771395680082656.000000 187
0.110736 0.746398 -30411021614780552.000000 183
0.072414 0.628453 105277576808278016.000000 169
0.203275 0.856480 7289892776164102.000000 200
0.187381 0.982287 -1799774102779405.000000 199
0.023973 0.872212 -406472502386038.187500 184
0.187381 0.982287 -1799774102779405.000000 199
0.203275 0.856480 7289892776164102.000000 200
0.309017 0.951057 -2804066109698693.500000 214
-0.235061 0.604864 2517963228260562432.000000 132
-0.250954 0.479057 -8053170231610009600.000000 114
-0.108431 0.494783 1098865260144522496.000000 133
-0.109200 0.735914 162152228221450304.000000 150
-0.203275 0.856480 -8621569872628100.000000 149
-0.219168 0.730672 -281377869128587648.000000 134
0.072414 0.628453 105277576808278016.000000 169
0.000768 0.741156 70735728942318888.000000 167
-0.081324 0.616659 -569570767262067904.000000 152
0.000768 0.741156 70735728942318888.000000 167
0.023973 0.872212 -406472502386038.187500 184
-0.089651 0.864346 -44656486227983696.000000 166
-0.219168 0.730672 -281377869128587648.000000 134
-0.317582 0.777124 306039954569790848.000000 131
-0.382682 0.674543 -1209677841072363008.000000 115
-0.108431 0.494783 1098865260144522496.000000 133
-0.081324 0.616659 -569570767262067904.000000 152
-0.235061 0.604864 2517963228260562432.000000 132
-0.203275 0.856480 -8621569872628100.000000 149
-0.317582 0.777124 306039954569790848.000000 131
-0.219168 0.730672 -281377869128587648.000000 134
0.809017 0.587785 -90217282271032.765625 235
0.708183 0.493222 -81894416797236.484375 238
0.876307 0.481754 58761208793119.109375 242
0.469331 -0.217723 -13378240174211034.000000 178
0.443723 -0.339315 -27490437433119712.000000 177
0.569181 -0.223917 5717311565957529.000000 195
0.992115 -0.125333 40091597624948.546875 243
0.903483 -0.146108 -104843923219028.937500 239
0.968583 -0.248690 -3875040570422.891113 241
0.992115 -0.125333 40091597624948.546875 243
1.000000 -0.000000 51892229223843.921875 240
0.903483 -0.146108 -104843923219028.937500 239
-0.616669 -0.529062 -4794824636875976736768.000000 25
-0.518255 -0.575515 808026068380010807296.000000 36
-0.486789 -0.444362 220830807123727253504.000000 38
-0.728969 -0.684547 -1362176106071403528192.000000 14
-0.658410 -0.623625 -181809296339081756672.000000 24
-0.735953 -0.529892 6246878679176171225088.000000 15
-0.433694 -0.622226 -99078966635076567040.000000 37
-0.409886 -0.779019 37591262665809289216.000000 45
-0.349134 -0.668938 32901645581641080832.000000 51
-0.637424 -0.770513 292785475564805881856.000000 19
-0.534148 -0.701322 -125773947419236368384.000000 31
-0.658410 -0.623625 -181809296339081756672.000000 24
-0.637424 -0.770513 292785475564805881856.000000 19
-0.535827 -0.844328 -13614717829496553472.000000 30
-0.534148 -0.701322 -125773947419236368384.000000 31
0.664439 -0.453191 -1018156063437972.500000 197
0.736206 -0.299972 -1956108538852752.250000 212
0.592925 -0.376490 5821492959247310.000000 194
0.736206 -0.299972 -1956108538852752.250000 212
0.792049 -0.172045 450215178760971.250000 224
0.680615 -0.197981 -859187610945390.250000 209
0.929776 -0.368125 -230283633844659.000000 226
0.847640 -0.274036 201475275749697.968750 227
0.791796 -0.401964 535672580978001.000000 213
0.929776 -0.368125 -230283633844659.000000 226
0.968583 -0.248690 -3875040570422.891113 241
0.847640 -0.274036 201475275749697.968750 227
0.715365 -0.101593 88874460895028.078125 210
0.584401 -0.096754 -282639248478428.000000 192
0.680615 -0.197981 -859187610945390.250000 209
0.773283 0.059054 22814933624544.914062 215
0.715365 -0.101593 88874460895028.078125 210
0.838383 -0.043527 -76331407070947.765625 225
0.662567 0.006795 133614624468248.375000 201
0.708183 0.161636 -315752583702183.937500 204
0.571666 0.141635 1804893301916044.000000 188
-0.592925 -0.376490 4398957133176461328384.000000 33
-0.486789 -0.444362 220830807123727253504.000000 38
-0.443723 -0.339315 -2021454211884770131968.000000 48
-0.791796 -0.401964 -52146847931980719325184.000000 10
-0.664439 -0.453191 23624927481387460591616.000000 20
-0.680489 -0.312940 -48935211316944245358592.000000 21
-0.616669 -0.529062 -4794824636875976736768.000000 25
-0.486789 -0.444362 220830807123727253504.000000 38
-0.592925 -0.376490 4398957133176461328384.000000 33
-0.584401 -0.096754 4332351957912591007744.000000 35
-0.569181 -0.223917 5704620325765061279744.000000 34
-0.469331 -0.217723 -1370576750401037533184.000000 49
-0.680489 -0.312940 -48935211316944245358592.000000 21
-0.847640 -0.274036 244475030476046586609664.000000 11
-0.791796 -0.401964 -52146847931980719325184.000000 10
-0.035536 -0.096906 586905150504911616.000000 104
-0.119199 0.038730 -15109472999304056832.000000 100
-0.157522 -0.079215 1307778722301598464.000000 85
-0.195844 -0.197159 -111886848109037010944.000000 84
-0.064278 -0.185365 14984920418215405568.000000 103
-0.157522 -0.079215 1307778722301598464.000000 85
0.196515 -0.037934 127034258053565392.000000 140
0.314527 -0.024174 -28737309480954796.000000 157
0.298634 0.101634 36404279457484160.000000 156
0.125317 0.034143 -639757616256390528.000000 128
0.196515 -0.037934 127034258053565392.000000 140
0.172130 0.119981 -308461162553866432.000000 137
-0.035536 -0.096906 586905150504911616.000000 104
0.078503 -0.051694 -296069195843536576.000000 122
0.020079 0.059698 2930726849696484352.000000 118
-0.035536 -0.096906 586905150504911616.000000 104
0.067288 -0.173570 -1323711908604040192.000000 121
0.078503 -0.051694 -296069195843536576.000000 122
0.198854 -0.161776 107611770792971312.000000 141
0.330420 -0.149981 -25461368459849112.000000 160
0.196515 -0.037934 127034258053565392.000000 140
0.078503 -0.051694 -296069195843536576.000000 122
0.198854 -0.161776 107611770792971312.000000 141
0.196515 -0.037934 127034258053565392.000000 140
-0.001975 -0.299378 -7535444378749476864.000000 107
0.114121 -0.291515 1296270122118889984.000000 124
0.067288 -0.173570 -1323711908604040192.000000 121
-0.065162 -0.389016 -5198655141142060032.000000 106
-0.001975 -0.299378 -7535444378749476864.000000 107
-0.118071 -0.307241 39328075052086099968.000000 89
-0.145550 -0.426758 10992497113158967296.000000 87
-0.065162 -0.389016 -5198655141142060032.000000 106
-0.118071 -0.307241 39328075052086099968.000000 89
-0.012254 -0.470791 684506314028960128.000000 105
0.108328 -0.414177 1593701100398243328.000000 123
-0.065162 -0.389016 -5198655141142060032.000000 106
-0.065162 -0.389016 -5198655141142060032.000000 106
0.108328 -0.414177 1593701100398243328.000000 123
-0.001975 -0.299378 -7535444378749476864.000000 107
0.441136 -0.097722 11875002221321396.000000 175
0.314527 -0.024174 -28737309480954796.000000 157
0.330420 -0.149981 -25461368459849112.000000 160
-0.035536 -0.096906 586905150504911616.000000 104
0.020079 0.059698 2930726849696484352.000000 118
-0.119199 0.038730 -15109472999304056832.000000 100
0.522968 0.251959 1187871544510609.500000 191
0.643082 0.264217 -451365700346000.812500 206
0.577982 0.366799 -238527521321599.593750 208
0.381154 0.273894 254046437072514.000000 173
0.522968 0.251959 1187871544510609.500000 191
0.422415 0.360024 1047751567418105.500000 190
0.266847 0.353249 -11294972553544576.000000 172
0.381154 0.273894 254046437072514.000000 173
0.422415 0.360024 1047751567418105.500000 190
0.282741 0.227442 17424044578965272.000000 155
0.298634 0.101634 36404279457484160.000000 156
0.413450 0.155828 -8841031098255399.000000 174
0.584401 -0.096754 -282639248478428.000000 192
0.441136 -0.097722 11875002221321396.000000 175
0.469331 -0.217723 -13378240174211034.000000 178
0.381154 0.273894 254046437072514.000000 173
0.413450 0.155828 -8841031098255399.000000 174
0.522968 0.251959 1187871544510609.500000 191
0.298634 0.101634 36404279457484160.000000 156
0.314527 -0.024174 -28737309480954796.000000 157
0.445745 0.037763 -1306529239154051.250000 170
0.571666 0.141635 1804893301916044.000000 188
0.708183 0.161636 -315752583702183.937500 204
0.643082 0.264217 -451365700346000.812500 206
0.413450 0.155828 -8841031098255399.000000 174
0.571666 0.141635 1804893301916044.000000 188
0.522968 0.251959 1187871544510609.500000 191
0.662567 0.006795 133614624468248.375000 201
0.715365 -0.101593 88874460895028.078125 210
0.773283 0.059054 22814933624544.914062 215
0.708183 0.161636 -315752583702183.937500 204
0.662567 0.006795 133614624468248.375000 201
0.773283 0.059054 22814933624544.914062 215
0.543905 0.017440 -2582703684103215.000000 185
0.584401 -0.096754 -282639248478428.000000 192
0.662567 0.006795 133614624468248.375000 201
0.445745 0.037763 -1306529239154051.250000 170
0.543905 0.017440 -2582703684103215.000000 185
0.571666 0.141635 1804893301916044.000000 188
0.445745 0.037763 -1306529239154051.250000 170
0.441136 -0.097722 11875002221321396.000000 175
0.543905 0.017440 -2582703684103215.000000 185
0.794983 0.245918 93934723278592.484375 220
0.968583 0.248690 -39627292205053.890625 230
0.929776 0.368125 -27019199826835.148438 237
0.773283 0.059054 22814933624544.914062 215
0.870933 0.153872 44065375842949.328125 219
0.708183 0.161636 -315752583702183.937500 204
0.773283 0.059054 22814933624544.914062 215
0.915249 0.040903 -6717525925278.148438 228
0.870933 0.153872 44065375842949.328125 219
0.838383 -0.043527 -76331407070947.765625 225
0.903483 -0.146108 -104843923219028.937500 239
1.000000 -0.000000 51892229223843.921875 240
0.584401 -0.096754 -282639248478428.000000 192
0.569181 -0.223917 5717311565957529.000000 195
0.680615 -0.197981 -859187610945390.250000 209
0.662567 0.006795 133614624468248.375000 201
0.584401 -0.096754 -282639248478428.000000 192
0.715365 -0.101593 88874460895028.078125 210
0.543905 0.017440 -2582703684103215.000000 185
0.441136 -0.097722 11875002221321396.000000 175
0.584401 -0.096754 -282639248478428.000000 192
0.662567 0.006795 133614624468248.375000 201
0.571666 0.141635 1804893301916044.000000 188
0.543905 0.017440 -2582703684103215.000000 185
0.330420 -0.149981 -25461368459849112.000000 160
0.346313 -0.275789 110922228629701632.000000 161
0.469331 -0.217723 -13378240174211034.000000 178
0.664439 -0.453191 -1018156063437972.500000 197
0.592925 -0.376490 5821492959247310.000000 194
0.616669 -0.529062 1691661067931029.000000 181
0.735953 -0.529892 -82582990008286.468750 196
0.664439 -0.453191 -1018156063437972.500000 197
0.616669 -0.529062 1691661067931029.000000 181
0.735953 -0.529892 -82582990008286.468750 196
0.791796 -0.401964 535672580978001.000000 213
0.664439 -0.453191 -1018156063437972.500000 197
0.838383 -0.043527 -76331407070947.765625 225
0.715365 -0.101593 88874460895028.078125 210
0.792049 -0.172045 450215178760971.250000 224
0.443723 -0.339315 -27490437433119712.000000 177
0.346313 -0.275789 110922228629701632.000000 161
0.362206 -0.401597 95862007962705008.000000 159
0.584401 -0.096754 -282639248478428.000000 192
0.469331 -0.217723 -13378240174211034.000000 178
0.569181 -0.223917 5717311565957529.000000 195
0.441136 -0.097722 11875002221321396.000000 175
0.330420 -0.149981 -25461368459849112.000000 160
0.469331 -0.217723 -13378240174211034.000000 178
0.915249 0.040903 -6717525925278.148438 228
0.992115 0.125333 -13414169954037.548828 233
0.870933 0.153872 44065375842949.328125 219
0.219168 0.730672 -12771395680082656.000000 187
0.360982 0.819266 1224480373647414.500000 203
0.203275 0.856480 7289892776164102.000000 200
0.110736 0.746398 -30411021614780552.000000 183
0.219168 0.730672 -12771395680082656.000000 187
0.203275 0.856480 7289892776164102.000000 200
0.235061 0.604864 -9688735231232226.000000 186
0.382682 0.674543 3586727202632337.500000 202
0.219168 0.730672 -12771395680082656.000000 187
0.123361 0.435810 110860237023069504.000000 154
-0.004231 0.392564 -486643784845141888.000000 135
0.060580 0.300829 -152218515030861408.000000 136
-0.081324 0.616659 -569570767262067904.000000 152
-0.108431 0.494783 1098865260144522496.000000 133
0.034091 0.510509 -42899732645301728.000000 151
0.000768 0.741156 70735728942318888.000000 167
-0.109200 0.735914 162152228221450304.000000 150
-0.081324 0.616659 -569570767262067904.000000 152
0.110736 0.746398 -30411021614780552.000000 183
0.000768 0.741156 70735728942318888.000000 167
0.072414 0.628453 105277576808278016.000000 169
0.110736 0.746398 -30411021614780552.000000 183
0.203275 0.856480 7289892776164102.000000 200
0.023973 0.872212 -406472502386038.187500 184
-0.219168 0.730672 -281377869128587648.000000 134
-0.235061 0.604864 2517963228260562432.000000 132
-0.081324 0.616659 -569570767262067904.000000 152
0.123361 0.435810 110860237023069504.000000 154
0.163714 0.327039 -38761163589506128.000000 153
0.266847 0.353249 -11294972553544576.000000 172
0.235061 0.604864 -9688735231232226.000000 186
0.134576 0.557687 -28873887100432996.000000 168
0.250954 0.479057 -15578589711036714.000000 171
0.034091 0.510509 -42899732645301728.000000 151
-0.004231 0.392564 -486643784845141888.000000 135
0.123361 0.435810 110860237023069504.000000 154
0.382682 0.674543 3586727202632337.500000 202
0.360982 0.819266 1224480373647414.500000 203
0.219168 0.730672 -12771395680082656.000000 187
0.349368 0.525509 4405810985419390.500000 189
0.382682 0.674543 3586727202632337.500000 202
0.235061 0.604864 -9688735231232226.000000 186
0.447782 0.571962 -1303354068882863.500000 205
0.534582 0.656244 -266998183601976.468750 217
0.382682 0.674543 3586727202632337.500000 202
-0.876307 0.481754 -65303672427509366784.000000 40
-0.708183 0.493222 283426665678333280256.000000 56
-0.809017 0.587785 -70541261325976657920.000000 55
-0.389865 0.411315 38500361411475816448.000000 95
-0.250954 0.479057 -8053170231610009600.000000 114
-0.349368 0.525509 -7750592777384159232.000000 113
-0.162647 0.251030 -8795848813151152128.000000 99
-0.135539 0.372907 46080874229088192.000000 116
-0.266847 0.353249 13960675894281576448.000000 98
-0.298634 0.101634 -227171297299806257152.000000 73
-0.189755 0.129154 28155498538872795136.000000 93
-0.282741 0.227442 9823167973805127680.000000 79
-0.042554 0.274619 1895063952162904320.000000 117
-0.135539 0.372907 46080874229088192.000000 116
-0.162647 0.251030 -8795848813151152128.000000 99
-0.108431 0.494783 1098865260144522496.000000 133
-0.004231 0.392564 -486643784845141888.000000 135
0.034091 0.510509 -42899732645301728.000000 151
-0.282741 0.227442 9823167973805127680.000000 79
-0.162647 0.251030 -8795848813151152128.000000 99
-0.266847 0.353249 13960675894281576448.000000 98
-0.042554 0.274619 1895063952162904320.000000 117
-0.004231 0.392564 -486643784845141888.000000 135
-0.135539 0.372907 46080874229088192.000000 116
0.167922 0.223510 235269338330113376.000000 147
0.172130 0.119981 -308461162553866432.000000 137
0.282741 0.227442 17424044578965272.000000 155
0.060580 0.300829 -152218515030861408.000000 136
0.167922 0.223510 235269338330113376.000000 147
0.163714 0.327039 -38761163589506128.000000 153
0.040329 0.180264 -619666506582020224.000000 129
0.172130 0.119981 -308461162553866432.000000 137
0.167922 0.223510 235269338330113376.000000 147
-0.080876 0.156675 -1017036231851178752.000000 110
0.040329 0.180264 -619666506582020224.000000 129
-0.042554 0.274619 1895063952162904320.000000 117
0.020079 0.059698 2930726849696484352.000000 118
0.172130 0.119981 -308461162553866432.000000 137
0.040329 0.180264 -619666506582020224.000000 129
0.282741 0.227442 17424044578965272.000000 155
0.266847 0.353249 -11294972553544576.000000 172
0.163714 0.327039 -38761163589506128.000000 153
-0.534582 0.656244 5174047796568467456.000000 96
-0.535827 0.844328 -260252843112998240.000000 111
-0.637424 0.770513 -6946397049937784832.000000 94
0.847640 -0.274036 201475275749697.968750 227
0.903483 -0.146108 -104843923219028.937500 239
0.792049 -0.172045 450215178760971.250000 224
0.968583 -0.248690 -3875040570422.891113 241
0.903483 -0.146108 -104843923219028.937500 239
0.847640 -0.274036 201475275749697.968750 227
0.791796 -0.401964 535672580978001.000000 213
0.735953 -0.529892 -82582990008286.468750 196
0.876307 -0.481754 -134196109254267.250000 211
0.929776 -0.368125 -230283633844659.000000 226
0.791796 -0.401964 535672580978001.000000 213
0.876307 -0.481754 -134196109254267.250000 211
0.592925 -0.376490 5821492959247310.000000 194
0.569181 -0.223917 5717311565957529.000000 195
0.443723 -0.339315 -27490437433119712.000000 177
0.616669 -0.529062 1691661067931029.000000 181
0.592925 -0.376490 5821492959247310.000000 194
0.486789 -0.444362 -12929151442589948.000000 176
0.736206 -0.299972 -1956108538852752.250000 212
0.569181 -0.223917 5717311565957529.000000 195
0.592925 -0.376490 5821492959247310.000000 194
0.847640 -0.274036 201475275749697.968750 227
0.736206 -0.299972 -1956108538852752.250000 212
0.791796 -0.401964 535672580978001.000000 213
0.680615 -0.197981 -859187610945390.250000 209
0.569181 -0.223917 5717311565957529.000000 195
0.736206 -0.299972 -1956108538852752.250000 212
0.378100 -0.527404 6163731271891536.000000 158
0.486789 -0.444362 -12929151442589948.000000 176
0.362206 -0.401597 95862007962705008.000000 159
0.518255 -0.575515 1754338543950372.750000 164
0.393993 -0.653212 -4092345311359499.000000 146
0.515708 -0.711863 -787835448324575.625000 162
0.486789 -0.444362 -12929151442589948.000000 176
0.518255 -0.575515 1754338543950372.750000 164
0.616669 -0.529062 1691661067931029.000000 181
0.378100 -0.527404 6163731271891536.000000 158
0.393993 -0.653212 -4092345311359499.000000 146
0.518255 -0.575515 1754338543950372.750000 164
0.658410 -0.623625 -524188720293424.875000 179
0.728969 -0.684547 40052623672996.062500 180
0.735953 -0.529892 -82582990008286.468750 196
0.196515 -0.037934 127034258053565392.000000 140
0.330420 -0.149981 -25461368459849112.000000 160
0.314527 -0.024174 -28737309480954796.000000 157
-0.195844 -0.197159 -111886848109037010944.000000 84
-0.118071 -0.307241 39328075052086099968.000000 89
-0.064278 -0.185365 14984920418215405568.000000 103
-0.118071 -0.307241 39328075052086099968.000000 89
-0.234167 -0.315104 -113028147448275943424.000000 70
-0.145550 -0.426758 10992497113158967296.000000 87
0.210774 -0.256132 -150837415014316608.000000 142
0.346313 -0.275789 110922228629701632.000000 161
0.330420 -0.149981 -25461368459849112.000000 160
0.210774 -0.256132 -150837415014316608.000000 142
0.235267 -0.407887 -442425770653990720.000000 143
0.346313 -0.275789 110922228629701632.000000 161
0.067288 -0.173570 -1323711908604040192.000000 121
0.114121 -0.291515 1296270122118889984.000000 124
0.198854 -0.161776 107611770792971312.000000 141
0.108328 -0.414177 1593701100398243328.000000 123
0.114121 -0.291515 1296270122118889984.000000 124
-0.001975 -0.299378 -7535444378749476864.000000 107
0.247982 -0.508533 -182524842444361504.000000 139
0.362206 -0.401597 95862007962705008.000000 159
0.235267 -0.407887 -442425770653990720.000000 143
0.443723 -0.339315 -27490437433119712.000000 177
0.486789 -0.444362 -12929151442589948.000000 176
0.592925 -0.376490 5821492959247310.000000 194
0.346313 -0.275789 110922228629701632.000000 161
0.443723 -0.339315 -27490437433119712.000000 177
0.469331 -0.217723 -13378240174211034.000000 178
0.362206 -0.401597 95862007962705008.000000 159
0.486789 -0.444362 -12929151442589948.000000 176
0.443723 -0.339315 -27490437433119712.000000 177
0.518255 -0.575515 1754338543950372.750000 164
0.658410 -0.623625 -524188720293424.875000 179
0.616669 -0.529062 1691661067931029.000000 181
0.735953 -0.529892 -82582990008286.468750 196
0.809017 -0.587785 64712869585755.242188 193
0.876307 -0.481754 -134196109254267.250000 211
0.616669 -0.529062 1691661067931029.000000 181
0.658410 -0.623625 -524188720293424.875000 179
0.735953 -0.529892 -82582990008286.468750 196
0.791796 -0.401964 535672580978001.000000 213
0.736206 -0.299972 -1956108538852752.250000 212
0.664439 -0.453191 -1018156063437972.500000 197
0.486789 -0.444362 -12929151442589948.000000 176
0.378100 -0.527404 6163731271891536.000000 158
0.518255 -0.575515 1754338543950372.750000 164
0.728969 -0.684547 40052623672996.062500 180
0.809017 -0.587785 64712869585755.242188 193
0.735953 -0.529892 -82582990008286.468750 196
0.847640 -0.274036 201475275749697.968750 227
0.792049 -0.172045 450215178760971.250000 224
0.736206 -0.299972 -1956108538852752.250000 212
0.838383 -0.043527 -76331407070947.765625 225
0.792049 -0.172045 450215178760971.250000 224
0.903483 -0.146108 -104843923219028.937500 239
0.715365 -0.101593 88874460895028.078125 210
0.680615 -0.197981 -859187610945390.250000 209
0.792049 -0.172045 450215178760971.250000 224
1.000000 -0.000000 51892229223843.921875 240
0.992115 0.125333 -13414169954037.548828 233
0.915249 0.040903 -6717525925278.148438 228
0.295977 -0.844070 4762597247744576.000000 125
0.177179 -0.862891 31341394406891972.000000 109
0.309017 -0.951057 -8772669070529838.000000 108
0.425779 -0.904827 -3196980431287038.000000 126
0.295977 -0.844070 4762597247744576.000000 125
0.309017 -0.951057 -8772669070529838.000000 108
0.282937 -0.737084 -54334366356914040.000000 127
0.177179 -0.862891 31341394406891972.000000 109
0.295977 -0.844070 4762597247744576.000000 125
0.062791 -0.998027 -120105947124487104.000000 72
0.060826 -0.904827 73641026059919648.000000 91
-0.062791 -0.998027 348081973377113600.000000 71
-0.272489 -0.433048 10429376947550332928.000000 67
-0.234167 -0.315104 -113028147448275943424.000000 70
-0.362206 -0.401597 227239224388163764224.000000 53
-0.349134 -0.668938 32901645581641080832.000000 51
-0.166657 -0.668938 -8445484706839912448.000000 68
-0.219573 -0.550993 25204745313613307904.000000 69
-0.005837 -0.810471 -390474670692812160.000000 101
-0.060826 -0.904827 -296297676675874560.000000 82
0.060826 -0.904827 73641026059919648.000000 91
0.177179 -0.862891 31341394406891972.000000 109
-0.005837 -0.810471 -390474670692812160.000000 101
0.060826 -0.904827 73641026059919648.000000 91
-0.072500 -0.716116 811058784548970240.000000 83
-0.156928 -0.826197 2684998889320503808.000000 81
-0.005837 -0.810471 -390474670692812160.000000 101
-0.272489 -0.433048 10429376947550332928.000000 67
-0.219573 -0.550993 25204745313613307904.000000 69
-0.145550 -0.426758 10992497113158967296.000000 87
-0.321429 -0.833823 -4446744973479150592.000000 46
-0.409886 -0.779019 37591262665809289216.000000 45
-0.425779 -0.904827 -9164377473643130880.000000 32
-0.232973 -0.888627 2560224135168666112.000000 62
-0.321429 -0.833823 -4446744973479150592.000000 46
-0.309017 -0.951057 2843135051378041344.000000 47
-0.232973 -0.888627 2560224135168666112.000000 62
-0.253031 -0.747568 -11227842838106179584.000000 61
-0.321429 -0.833823 -4446744973479150592.000000 46
-0.166657 -0.668938 -8445484706839912448.000000 68
-0.253031 -0.747568 -11227842838106179584.000000 61
-0.156928 -0.826197 2684998889320503808.000000 81
-0.349134 -0.668938 32901645581641080832.000000 51
-0.409886 -0.779019 37591262665809289216.000000 45
-0.253031 -0.747568 -11227842838106179584.000000 61
0.187381 -0.982287 -15896901998362954.000000 90
0.060826 -0.904827 73641026059919648.000000 91
0.062791 -0.998027 -120105947124487104.000000 72
0.235267 -0.407887 -442425770653990720.000000 143
0.362206 -0.401597 95862007962705008.000000 159
0.346313 -0.275789 110922228629701632.000000 161
0.298781 -0.621760 72392912339066512.000000 138
0.378100 -0.527404 6163731271891536.000000 158
0.247982 -0.508533 -182524842444361504.000000 139
0.518255 -0.575515 1754338543950372.750000 164
0.515708 -0.711863 -787835448324575.625000 162
0.658410 -0.623625 -524188720293424.875000 179
0.298781 -0.621760 72392912339066512.000000 138
0.393993 -0.653212 -4092345311359499.000000 146
0.378100 -0.527404 6163731271891536.000000 158
0.141155 -0.577727 -352859639151524608.000000 120
0.164458 -0.730094 201098354715009024.000000 119
0.298781 -0.621760 72392912339066512.000000 138
0.108328 -0.414177 1593701100398243328.000000 123
0.141155 -0.577727 -352859639151524608.000000 120
0.247982 -0.508533 -182524842444361504.000000 139
0.034327 -0.646921 -393034969693645696.000000 102
0.164458 -0.730094 201098354715009024.000000 119
0.141155 -0.577727 -352859639151524608.000000 120
0.108328 -0.414177 1593701100398243328.000000 123
-0.012254 -0.470791 684506314028960128.000000 105
0.141155 -0.577727 -352859639151524608.000000 120
-0.072500 -0.716116 811058784548970240.000000 83
-0.005837 -0.810471 -390474670692812160.000000 101
0.034327 -0.646921 -393034969693645696.000000 102
0.282937 -0.737084 -54334366356914040.000000 127
0.393993 -0.653212 -4092345311359499.000000 146
0.298781 -0.621760 72392912339066512.000000 138
-0.005837 -0.810471 -390474670692812160.000000 101
0.177179 -0.862891 31341394406891972.000000 109
0.164458 -0.730094 201098354715009024.000000 119
0.187381 -0.982287 -15896901998362954.000000 90
0.177179 -0.862891 31341394406891972.000000 109
0.060826 -0.904827 73641026059919648.000000 91
0.187381 -0.982287 -15896901998362954.000000 90
0.309017 -0.951057 -8772669070529838.000000 108
0.177179 -0.862891 31341394406891972.000000 109
0.409886 -0.779019 9773465953702858.000000 144
0.393993 -0.653212 -4092345311359499.000000 146
0.282937 -0.737084 -54334366356914040.000000 127
0.515708 -0.711863 -787835448324575.625000 162
0.637424 -0.770513 894394761407678.500000 163
0.658410 -0.623625 -524188720293424.875000 179
0.409886 -0.779019 9773465953702858.000000 144
0.515708 -0.711863 -787835448324575.625000 162
0.393993 -0.653212 -4092345311359499.000000 146
0.409886 -0.779019 9773465953702858.000000 144
0.535827 -0.844328 -2627146633119206.500000 145
0.515708 -0.711863 -787835448324575.625000 162
0.425779 -0.904827 -3196980431287038.000000 126
0.409886 -0.779019 9773465953702858.000000 144
0.295977 -0.844070 4762597247744576.000000 125
-0.065162 -0.389016 -5198655141142060032.000000 106
-0.145550 -0.426758 10992497113158967296.000000 87
-0.115913 -0.510892 -3868418573377318912.000000 88
-0.272489 -0.433048 10429376947550332928.000000 67
-0.145550 -0.426758 10992497113158967296.000000 87
-0.234167 -0.315104 -113028147448275943424.000000 70
-0.219573 -0.550993 25204745313613307904.000000 69
-0.378100 -0.527404 -170939038779029979136.000000 52
-0.349134 -0.668938 32901645581641080832.000000 51
-0.072500 -0.716116 811058784548970240.000000 83
-0.042377 -0.593453 2587482563065544704.000000 86
-0.166657 -0.668938 -8445484706839912448.000000 68
-0.272489 -0.433048 10429376947550332928.000000 67
-0.378100 -0.527404 -170939038779029979136.000000 52
-0.219573 -0.550993 25204745313613307904.000000 69
0.535827 -0.844328 -2627146633119206.500000 145
0.409886 -0.779019 9773465953702858.000000 144
0.425779 -0.904827 -3196980431287038.000000 126
0.535827 -0.844328 -2627146633119206.500000 145
0.637424 -0.770513 894394761407678.500000 163
0.515708 -0.711863 -787835448324575.625000 162
0.409886 -0.779019 9773465953702858.000000 144
0.282937 -0.737084 -54334366356914040.000000 127
0.295977 -0.844070 4762597247744576.000000 125
0.637424 -0.770513 894394761407678.500000 163
0.728969 -0.684547 40052623672996.062500 180
0.658410 -0.623625 -524188720293424.875000 179
-0.309017 0.951057 -155658981192233440.000000 148
-0.203275 0.856480 -8621569872628100.000000 149
-0.187381 0.982287 41840990357120176.000000 165
-0.109200 0.735914 162152228221450304.000000 150
-0.219168 0.730672 -281377869128587648.000000 134
-0.081324 0.616659 -569570767262067904.000000 152
-0.187381 0.982287 41840990357120176.000000 165
-0.203275 0.856480 -8621569872628100.000000 149
-0.089651 0.864346 -44656486227983696.000000 166
-0.219168 0.730672 -281377869128587648.000000 134
-0.382682 0.674543 -1209677841072363008.000000 115
-0.235061 0.604864 2517963228260562432.000000 132
-0.089651 0.864346 -44656486227983696.000000 166
-0.109200 0.735914 162152228221450304.000000 150
0.000768 0.741156 70735728942318888.000000 167
-0.253031 -0.747568 -11227842838106179584.000000 61
-0.166657 -0.668938 -8445484706839912448.000000 68
-0.349134 -0.668938 32901645581641080832.000000 51
-0.060826 -0.904827 -296297676675874560.000000 82
-0.156928 -0.826197 2684998889320503808.000000 81
-0.187381 -0.982287 -1514096934720238592.000000 63
-0.060826 -0.904827 -296297676675874560.000000 82
-0.005837 -0.810471 -390474670692812160.000000 101
-0.156928 -0.826197 2684998889320503808.000000 81
-0.232973 -0.888627 2560224135168666112.000000 62
-0.156928 -0.826197 2684998889320503808.000000 81
-0.253031 -0.747568 -11227842838106179584.000000 61
-0.187381 -0.982287 -1514096934720238592.000000 63
-0.232973 -0.888627 2560224135168666112.000000 62
-0.309017 -0.951057 2843135051378041344.000000 47
-0.187381 -0.982287 -1514096934720238592.000000 63
-0.156928 -0.826197 2684998889320503808.000000 81
-0.232973 -0.888627 2560224135168666112.000000 62
-0.062791 -0.998027 348081973377113600.000000 71
-0.060826 -0.904827 -296297676675874560.000000 82
-0.187381 -0.982287 -1514096934720238592.000000 63
-0.042377 -0.593453 2587482563065544704.000000 86
-0.072500 -0.716116 811058784548970240.000000 83
0.034327 -0.646921 -393034969693645696.000000 102
-0.012254 -0.470791 684506314028960128.000000 105
-0.042377 -0.593453 2587482563065544704.000000 86
0.034327 -0.646921 -393034969693645696.000000 102
-0.115913 -0.510892 -3868418573377318912.000000 88
-0.166657 -0.668938 -8445484706839912448.000000 68
-0.042377 -0.593453 2587482563065544704.000000 86
-0.518255 -0.575515 808026068380010807296.000000 36
-0.616669 -0.529062 -4794824636875976736768.000000 25
-0.658410 -0.623625 -181809296339081756672.000000 24
-0.433694 -0.622226 -99078966635076567040.000000 37
-0.518255 -0.575515 808026068380010807296.000000 36
-0.534148 -0.701322 -125773947419236368384.000000 31
-0.409886 -0.779019 37591262665809289216.000000 45
-0.433694 -0.622226 -99078966635076567040.000000 37
-0.534148 -0.701322 -125773947419236368384.000000 31
-0.349134 -0.668938 32901645581641080832.000000 51
-0.378100 -0.527404 -170939038779029979136.000000 52
-0.433694 -0.622226 -99078966635076567040.000000 37
-0.378100 -0.527404 -170939038779029979136.000000 52
-0.486789 -0.444362 220830807123727253504.000000 38
-0.518255 -0.575515 808026068380010807296.000000 36
0.060826 -0.904827 73641026059919648.000000 91
-0.060826 -0.904827 -296297676675874560.000000 82
-0.062791 -0.998027 348081973377113600.000000 71
-0.534148 -0.701322 -125773947419236368384.000000 31
-0.535827 -0.844328 -13614717829496553472.000000 30
-0.409886 -0.779019 37591262665809289216.000000 45
-0.486789 -0.444362 220830807123727253504.000000 38
-0.378100 -0.527404 -170939038779029979136.000000 52
-0.362206 -0.401597 227239224388163764224.000000 53
-0.728969 -0.684547 -1362176106071403528192.000000 14
-0.637424 -0.770513 292785475564805881856.000000 19
-0.658410 -0.623625 -181809296339081756672.000000 24
-0.321429 -0.833823 -4446744973479150592.000000 46
-0.253031 -0.747568 -11227842838106179584.000000 61
-0.409886 -0.779019 37591262665809289216.000000 45
-0.346313 -0.275789 483198455683867475968.000000 64
-0.362206 -0.401597 227239224388163764224.000000 53
-0.234167 -0.315104 -113028147448275943424.000000 70
-0.195844 -0.197159 -111886848109037010944.000000 84
-0.346313 -0.275789 483198455683867475968.000000 64
-0.234167 -0.315104 -113028147448275943424.000000 70
-0.658594 0.038247 16447842023127526670336.000000 29
-0.584401 -0.096754 4332351957912591007744.000000 35
-0.515073 -0.029496 -4297506201039696560128.000000 39
-0.330420 -0.149981 195378373398223323136.000000 66
-0.441136 -0.097722 -102052789270019653632.000000 50
-0.469331 -0.217723 -1370576750401037533184.000000 49
-0.330420 -0.149981 195378373398223323136.000000 66
-0.314527 -0.024174 -188309165932516147200.000000 65
-0.441136 -0.097722 -102052789270019653632.000000 50
-0.321429 -0.833823 -4446744973479150592.000000 46
-0.425779 -0.904827 -9164377473643130880.000000 32
-0.309017 -0.951057 2843135051378041344.000000 47
-0.378100 -0.527404 -170939038779029979136.000000 52
-0.518255 -0.575515 808026068380010807296.000000 36
-0.433694 -0.622226 -99078966635076567040.000000 37
-0.535827 -0.844328 -13614717829496553472.000000 30
-0.425779 -0.904827 -9164377473643130880.000000 32
-0.409886 -0.779019 37591262665809289216.000000 45
0.298634 0.101634 36404279457484160.000000 156
0.172130 0.119981 -308461162553866432.000000 137
0.196515 -0.037934 127034258053565392.000000 140
-0.216863 0.007278 83200714288740253696.000000 80
-0.157522 -0.079215 1307778722301598464.000000 85
-0.119199 0.038730 -15109472999304056832.000000 100
0.198854 -0.161776 107611770792971312.000000 141
0.210774 -0.256132 -150837415014316608.000000 142
0.330420 -0.149981 -25461368459849112.000000 160
-0.118071 -0.307241 39328075052086099968.000000 89
-0.195844 -0.197159 -111886848109037010944.000000 84
-0.234167 -0.315104 -113028147448275943424.000000 70
0.114121 -0.291515 1296270122118889984.000000 124
0.235267 -0.407887 -442425770653990720.000000 143
0.210774 -0.256132 -150837415014316608.000000 142
0.114121 -0.291515 1296270122118889984.000000 124
0.108328 -0.414177 1593701100398243328.000000 123
0.235267 -0.407887 -442425770653990720.000000 143
0.198854 -0.161776 107611770792971312.000000 141
0.114121 -0.291515 1296270122118889984.000000 124
0.210774 -0.256132 -150837415014316608.000000 142
0.067288 -0.173570 -1323711908604040192.000000 121
-0.064278 -0.185365 14984920418215405568.000000 103
-0.001975 -0.299378 -7535444378749476864.000000 107
-0.012254 -0.470791 684506314028960128.000000 105
0.034327 -0.646921 -393034969693645696.000000 102
0.141155 -0.577727 -352859639151524608.000000 120
-0.064278 -0.185365 14984920418215405568.000000 103
-0.035536 -0.096906 586905150504911616.000000 104
-0.157522 -0.079215 1307778722301598464.000000 85
-0.001975 -0.299378 -7535444378749476864.000000 107
-0.064278 -0.185365 14984920418215405568.000000 103
-0.118071 -0.307241 39328075052086099968.000000 89
0.067288 -0.173570 -1323711908604040192.000000 121
-0.035536 -0.096906 586905150504911616.000000 104
-0.064278 -0.185365 14984920418215405568.000000 103
-0.330420 -0.149981 195378373398223323136.000000 66
-0.195844 -0.197159 -111886848109037010944.000000 84
-0.157522 -0.079215 1307778722301598464.000000 85
-0.330420 -0.149981 195378373398223323136.000000 66
-0.346313 -0.275789 483198455683867475968.000000 64
-0.195844 -0.197159 -111886848109037010944.000000 84
-0.658594 0.038247 16447842023127526670336.000000 29
-0.576964 0.099699 -2603065083909022154752.000000 44
-0.708183 0.161636 5957202092747103666176.000000 28
-0.838383 -0.043527 273638083328392357216256.000000 12
-0.715365 -0.101593 -50730956366308807016448.000000 23
-0.773283 0.059054 -42195596031229855531008.000000 18
-0.584401 -0.096754 4332351957912591007744.000000 35
-0.469331 -0.217723 -1370576750401037533184.000000 49
-0.441136 -0.097722 -102052789270019653632.000000 50
-0.715365 -0.101593 -50730956366308807016448.000000 23
-0.584401 -0.096754 4332351957912591007744.000000 35
-0.658594 0.038247 16447842023127526670336.000000 29
-0.773283 0.059054 -42195596031229855531008.000000 18
-0.715365 -0.101593 -50730956366308807016448.000000 23
-0.658594 0.038247 16447842023127526670336.000000 29
-0.680615 -0.197981 6477959229760264470528.000000 22
-0.569181 -0.223917 5704620325765061279744.000000 34
-0.584401 -0.096754 4332351957912591007744.000000 35
-0.792049 -0.172045 58783693985966576369664.000000 13
-0.680615 -0.197981 6477959229760264470528.000000 22
-0.715365 -0.101593 -50730956366308807016448.000000 23
-0.792049 -0.172045 58783693985966576369664.000000 13
-0.847640 -0.274036 244475030476046586609664.000000 11
-0.680489 -0.312940 -48935211316944245358592.000000 21
-0.715365 -0.101593 -50730956366308807016448.000000 23
-0.680615 -0.197981 6477959229760264470528.000000 22
-0.584401 -0.096754 4332351957912591007744.000000 35
-0.838383 -0.043527 273638083328392357216256.000000 12
-0.792049 -0.172045 58783693985966576369664.000000 13
-0.715365 -0.101593 -50730956366308807016448.000000 23
-0.314527 -0.024174 -188309165932516147200.000000 65
-0.298634 0.101634 -227171297299806257152.000000 73
-0.445745 0.037763 1028338550785481637888.000000 54
-0.680489 -0.312940 -48935211316944245358592.000000 21
-0.592925 -0.376490 4398957133176461328384.000000 33
-0.569181 -0.223917 5704620325765061279744.000000 34
-0.569181 -0.223917 5704620325765061279744.000000 34
-0.592925 -0.376490 4398957133176461328384.000000 33
-0.443723 -0.339315 -2021454211884770131968.000000 48
-0.658410 -0.623625 -181809296339081756672.000000 24
-0.616669 -0.529062 -4794824636875976736768.000000 25
-0.735953 -0.529892 6246878679176171225088.000000 15
-0.658410 -0.623625 -181809296339081756672.000000 24
-0.534148 -0.701322 -125773947419236368384.000000 31
-0.518255 -0.575515 808026068380010807296.000000 36
-0.443723 -0.339315 -2021454211884770131968.000000 48
-0.469331 -0.217723 -1370576750401037533184.000000 49
-0.569181 -0.223917 5704620325765061279744.000000 34
-0.362206 -0.401597 227239224388163764224.000000 53
-0.443723 -0.339315 -2021454211884770131968.000000 48
-0.486789 -0.444362 220830807123727253504.000000 38
-0.362206 -0.401597 227239224388163764224.000000 53
-0.346313 -0.275789 483198455683867475968.000000 64
-0.443723 -0.339315 -2021454211884770131968.000000 48
0.247982 -0.508533 -182524842444361504.000000 139
0.141155 -0.577727 -352859639151524608.000000 120
0.298781 -0.621760 72392912339066512.000000 138
-0.156928 -0.826197 2684998889320503808.000000 81
-0.072500 -0.716116 811058784548970240.000000 83
-0.166657 -0.668938 -8445484706839912448.000000 68
0.164458 -0.730094 201098354715009024.000000 119
0.177179 -0.862891 31341394406891972.000000 109
0.282937 -0.737084 -54334366356914040.000000 127
0.298781 -0.621760 72392912339066512.000000 138
0.164458 -0.730094 201098354715009024.000000 119
0.282937 -0.737084 -54334366356914040.000000 127
0.034327 -0.646921 -393034969693645696.000000 102
-0.005837 -0.810471 -390474670692812160.000000 101
0.164458 -0.730094 201098354715009024.000000 119
0.108328 -0.414177 1593701100398243328.000000 123
0.247982 -0.508533 -182524842444361504.000000 139
0.235267 -0.407887 -442425770653990720.000000 143
-0.115913 -0.510892 -3868418573377318912.000000 88
-0.012254 -0.470791 684506314028960128.000000 105
-0.065162 -0.389016 -5198655141142060032.000000 106
-0.219573 -0.550993 25204745313613307904.000000 69
-0.115913 -0.510892 -3868418573377318912.000000 88
-0.145550 -0.426758 10992497113158967296.000000 87
-0.219573 -0.550993 25204745313613307904.000000 69
-0.166657 -0.668938 -8445484706839912448.000000 68
-0.115913 -0.510892 -3868418573377318912.000000 88
-0.115913 -0.510892 -3868418573377318912.000000 88
-0.042377 -0.593453 2587482563065544704.000000 86
-0.012254 -0.470791 684506314028960128.000000 105
0.378100 -0.527404 6163731271891536.000000 158
0.362206 -0.401597 95862007962705008.000000 159
0.247982 -0.508533 -182524842444361504.000000 139
