-0.903483 -0.146108 -53874334081272465781726350218887168.000000 5
-0.992115 -0.125333 477779960246428975813243621387272192.000000 1
-0.968583 -0.248690 -54754867953387681301507020297338880.000000 2
-0.929776 -0.368125 4358530785378867492197363169099776.000000 3
-0.847640 -0.274036 15568183352791432106427053777092608.000000 11
-0.968583 -0.248690 -54754867953387681301507020297338880.000000 2
-0.838383 -0.043527 17425288158334952436592996727652352.000000 12
-1.000000 -0.000000 -41355189882654534972423087513927680.000000 4
-0.903483 -0.146108 -53874334081272465781726350218887168.000000 5
-0.791796 -0.401964 -3320714137122282196789308195602432.000000 10
-0.876307 -0.481754 351681188829380613403090870075392.000000 6
-0.735953 -0.529892 397801576998215866894803684818944.000000 15
-0.664439 -0.453191 1504436678095342590405056143556608.000000 20
-0.592925 -0.376490 280125831570643219025877224390656.000000 33
-0.680489 -0.312940 -3116196941284054347721902152220672.000000 21
-0.616669 -0.529062 -305334695923805645941073648812032.000000 25
-0.664439 -0.453191 1504436678095342590405056143556608.000000 20
-0.735953 -0.529892 397801576998215866894803684818944.000000 15
-0.616669 -0.529062 -305334695923805645941073648812032.000000 25
-0.592925 -0.376490 280125831570643219025877224390656.000000 33
-0.664439 -0.453191 1504436678095342590405056143556608.000000 20
-0.847640 -0.274036 15568183352791432106427053777092608.000000 11
-0.929776 -0.368125 4358530785378867492197363169099776.000000 3
-0.791796 -0.401964 -3320714137122282196789308195602432.000000 10
-0.577982 0.366799 14169414207403651839839774441472.000000 58
-0.479568 0.320346 -7382295652448895564906454056960.000000 75
-0.512882 0.469380 -2718520913987720876469723856896.000000 77
-0.381154 0.273894 -7739276160653130528144228352000.000000 78
-0.528266 0.210023 32627082561712750015535126675456.000000 59
-0.413450 0.155828 15981040445663949807096229265408.000000 60
-0.389865 0.411315 2451705126840419918426734067712.000000 95
-0.479568 0.320346 -7382295652448895564906454056960.000000 75
-0.381154 0.273894 -7739276160653130528144228352000.000000 78
-0.250954 0.479057 -512826322151661458072493096960.000000 114
-0.389865 0.411315 2451705126840419918426734067712.000000 95
-0.266847 0.353249 889016606840614747680070959104.000000 98
-0.349368 0.525509 -493558173266942333541112872960.000000 113
-0.447782 0.571962 671551545067284159583049744384.000000 97
-0.389865 0.411315 2451705126840419918426734067712.000000 95
-0.577982 0.366799 14169414207403651839839774441472.000000 58
-0.528266 0.210023 32627082561712750015535126675456.000000 59
-0.479568 0.320346 -7382295652448895564906454056960.000000 75
-0.080876 0.156675 -64764923039625329445739429888.000000 110
-0.042554 0.274619 120677776438311078078541987840.000000 117
-0.162647 0.251030 -560120134968084968598826647552.000000 99
-0.189755 0.129154 1792943691586407067787009720320.000000 93
-0.080876 0.156675 -64764923039625329445739429888.000000 110
-0.162647 0.251030 -560120134968084968598826647552.000000 99
-0.282741 0.227442 625539875478002493937778950144.000000 79
-0.189755 0.129154 1792943691586407067787009720320.000000 93
-0.162647 0.251030 -560120134968084968598826647552.000000 99
-0.298634 0.101634 -14466280674833129312335429632000.000000 73
-0.216863 0.007278 5298226050358268450011592261632.000000 80
-0.189755 0.129154 1792943691586407067787009720320.000000 93
0.198854 -0.161776 6852723467755871537670914048.000000 141
0.078503 -0.051694 -18853702633886299954392072192.000000 122
0.067288 -0.173570 -84294046959696772127443124224.000000 121
0.125317 0.034143 -40739800100771984701315350528.000000 128
0.020079 0.059698 186628846570464307164968124416.000000 118
0.078503 -0.051694 -18853702633886299954392072192.000000 122
0.196515 -0.037934 8089548522042210903799103488.000000 140
0.125317 0.034143 -40739800100771984701315350528.000000 128
0.078503 -0.051694 -18853702633886299954392072192.000000 122
0.172130 0.119981 -19642823753832429253784764416.000000 137
0.020079 0.059698 186628846570464307164968124416.000000 118
0.125317 0.034143 -40739800100771984701315350528.000000 128
0.282741 0.227442 1109564114684182958184595456.000000 155
0.172130 0.119981 -19642823753832429253784764416.000000 137
0.298634 0.101634 2318226513017660799109300224.000000 156
0.282741 0.227442 1109564114684182958184595456.000000 155
0.163714 0.327039 -2468313023845190235865481216.000000 153
0.167922 0.223510 14981964371907482589627154432.000000 147
-0.080876 0.156675 -64764923039625329445739429888.000000 110
-0.119199 0.038730 -962172069512286028965882101760.000000 100
0.020079 0.059698 186628846570464307164968124416.000000 118
-0.838383 -0.043527 17425288158334952436592996727652352.000000 12
-0.915249 0.040903 2987526009242362618879020776816640.000000 9
-1.000000 -0.000000 -41355189882654534972423087513927680.000000 4
-0.903483 -0.146108 -53874334081272465781726350218887168.000000 5
-1.000000 -0.000000 -41355189882654534972423087513927680.000000 4
-0.992115 -0.125333 477779960246428975813243621387272192.000000 1
-0.362206 -0.401597 14470606275546282350335217369088.000000 53
-0.378100 -0.527404 -10885407367287787745576832991232.000000 52
-0.272489 -0.433048 664143296183158859721674326016.000000 67
-0.847640 -0.274036 15568183352791432106427053777092608.000000 11
-0.903483 -0.146108 -53874334081272465781726350218887168.000000 5
-0.968583 -0.248690 -54754867953387681301507020297338880.000000 2
-0.847640 -0.274036 15568183352791432106427053777092608.000000 11
-0.792049 -0.172045 3743348857942267875693108643495936.000000 13
-0.903483 -0.146108 -53874334081272465781726350218887168.000000 5
-0.876307 -0.481754 351681188829380613403090870075392.000000 6
-0.791796 -0.401964 -3320714137122282196789308195602432.000000 10
-0.929776 -0.368125 4358530785378867492197363169099776.000000 3
-0.664439 -0.453191 1504436678095342590405056143556608.000000 20
-0.791796 -0.401964 -3320714137122282196789308195602432.000000 10
-0.735953 -0.529892 397801576998215866894803684818944.000000 15
-0.680615 -0.197981 412516799136656730859778594570240.000000 22
-0.680489 -0.312940 -3116196941284054347721902152220672.000000 21
-0.569181 -0.223917 363270535304311261438328828854272.000000 34
-0.680615 -0.197981 412516799136656730859778594570240.000000 22
-0.792049 -0.172045 3743348857942267875693108643495936.000000 13
-0.680489 -0.312940 -3116196941284054347721902152220672.000000 21
-0.515073 -0.029496 -273665430646502559060141734363136.000000 39
-0.441136 -0.097722 -6498727219404563235179453218816.000000 50
-0.445745 0.037763 65484655329415226956623485337600.000000 54
-0.330420 -0.149981 12441705536597560608481062420480.000000 66
-0.469331 -0.217723 -87278402656368686280860130869248.000000 49
-0.346313 -0.275789 30770104166565021741753607127040.000000 64
-0.838383 -0.043527 17425288158334952436592996727652352.000000 12
-0.903483 -0.146108 -53874334081272465781726350218887168.000000 5
-0.792049 -0.172045 3743348857942267875693108643495936.000000 13
-0.735953 -0.529892 397801576998215866894803684818944.000000 15
-0.809017 -0.587785 -264847139595766731702382561853440.000000 7
-0.728969 -0.684547 -86743449164592217478504000782336.000000 14
-0.346313 -0.275789 30770104166565021741753607127040.000000 64
-0.469331 -0.217723 -87278402656368686280860130869248.000000 49
-0.443723 -0.339315 -128726315111260548118088836448256.000000 48
-0.876307 -0.481754 351681188829380613403090870075392.000000 6
-0.809017 -0.587785 -264847139595766731702382561853440.000000 7
-0.735953 -0.529892 397801576998215866894803684818944.000000 15
-0.309017 0.951057 -9912372461885582134334193664.000000 148
-0.317582 0.777124 19488641096577264145999593472.000000 131
-0.203275 0.856480 -549022042474509821397696512.000000 149
-0.915249 0.040903 2987526009242362618879020776816640.000000 9
-0.992115 0.125333 4045794850209517622271246346485760.000000 8
-1.000000 -0.000000 -41355189882654534972423087513927680.000000 4
-0.773283 0.059054 -2687017870149598270482996216725504.000000 18
-0.915249 0.040903 2987526009242362618879020776816640.000000 9
-0.838383 -0.043527 17425288158334952436592996727652352.000000 12
-0.773283 0.059054 -2687017870149598270482996216725504.000000 18
-0.838383 0.205163 -807932643347145378413426528747520.000000 17
-0.915249 0.040903 2987526009242362618879020776816640.000000 9
-0.317582 0.777124 19488641096577264145999593472.000000 131
-0.309017 0.951057 -9912372461885582134334193664.000000 148
-0.425779 0.904827 14357582658250167127954685952.000000 130
-0.447782 0.737755 -52090543407916845105051336704.000000 112
-0.425779 0.904827 14357582658250167127954685952.000000 130
-0.535827 0.844328 -16572915327094687227994701824.000000 111
-0.992115 0.125333 4045794850209517622271246346485760.000000 8
-0.915249 0.040903 2987526009242362618879020776816640.000000 9
-0.838383 0.205163 -807932643347145378413426528747520.000000 17
-0.382682 0.674543 -77032351283288271143160512512.000000 115
-0.447782 0.571962 671551545067284159583049744384.000000 97
-0.349368 0.525509 -493558173266942333541112872960.000000 113
-0.425779 0.904827 14357582658250167127954685952.000000 130
-0.447782 0.737755 -52090543407916845105051336704.000000 112
-0.317582 0.777124 19488641096577264145999593472.000000 131
-0.382682 0.674543 -77032351283288271143160512512.000000 115
-0.349368 0.525509 -493558173266942333541112872960.000000 113
-0.235061 0.604864 160344036512914234557908123648.000000 132
-0.816683 0.308437 167705373127992136762649368068096.000000 27
-0.968583 0.248690 -524039300670813942466585554845696.000000 16
-0.838383 0.205163 -807932643347145378413426528747520.000000 17
-0.816683 0.308437 167705373127992136762649368068096.000000 27
-0.929776 0.368125 51422676178288973820683588993024.000000 26
-0.968583 0.248690 -524039300670813942466585554845696.000000 16
-0.708183 0.161636 379354956082545598570541864714240.000000 28
-0.816683 0.308437 167705373127992136762649368068096.000000 27
-0.838383 0.205163 -807932643347145378413426528747520.000000 17
-0.794983 0.411712 -30076480474661838321181760946176.000000 41
-0.929776 0.368125 51422676178288973820683588993024.000000 26
-0.816683 0.308437 167705373127992136762649368068096.000000 27
-0.314527 -0.024174 -11991538017359509451777568145408.000000 65
-0.330420 -0.149981 12441705536597560608481062420480.000000 66
-0.157522 -0.079215 83279420781853830768494641152.000000 85
-0.080876 0.156675 -64764923039625329445739429888.000000 110
-0.189755 0.129154 1792943691586407067787009720320.000000 93
-0.119199 0.038730 -962172069512286028965882101760.000000 100
-0.576964 0.099699 -165763327349357413204903732445184.000000 44
-0.528266 0.210023 32627082561712750015535126675456.000000 59
-0.643082 0.264217 -36301346779227576742075873361920.000000 43
-0.773283 0.059054 -2687017870149598270482996216725504.000000 18
-0.658594 0.038247 1047399482373256063151175165280256.000000 29
-0.708183 0.161636 379354956082545598570541864714240.000000 28
-0.445745 0.037763 65484655329415226956623485337600.000000 54
-0.413450 0.155828 15981040445663949807096229265408.000000 60
-0.576964 0.099699 -165763327349357413204903732445184.000000 44
-0.216863 0.007278 5298226050358268450011592261632.000000 80
-0.298634 0.101634 -14466280674833129312335429632000.000000 73
-0.314527 -0.024174 -11991538017359509451777568145408.000000 65
-0.157522 -0.079215 83279420781853830768494641152.000000 85
-0.216863 0.007278 5298226050358268450011592261632.000000 80
-0.314527 -0.024174 -11991538017359509451777568145408.000000 65
-0.119199 0.038730 -962172069512286028965882101760.000000 100
-0.189755 0.129154 1792943691586407067787009720320.000000 93
-0.216863 0.007278 5298226050358268450011592261632.000000 80
-0.576964 0.099699 -165763327349357413204903732445184.000000 44
-0.643082 0.264217 -36301346779227576742075873361920.000000 43
-0.708183 0.161636 379354956082545598570541864714240.000000 28
-0.413450 0.155828 15981040445663949807096229265408.000000 60
-0.528266 0.210023 32627082561712750015535126675456.000000 59
-0.576964 0.099699 -165763327349357413204903732445184.000000 44
-0.298634 0.101634 -14466280674833129312335429632000.000000 73
-0.413450 0.155828 15981040445663949807096229265408.000000 60
-0.445745 0.037763 65484655329415226956623485337600.000000 54
-0.298634 0.101634 -14466280674833129312335429632000.000000 73
-0.282741 0.227442 625539875478002493937778950144.000000 79
-0.413450 0.155828 15981040445663949807096229265408.000000 60
-0.381154 0.273894 -7739276160653130528144228352000.000000 78
-0.266847 0.353249 889016606840614747680070959104.000000 98
-0.389865 0.411315 2451705126840419918426734067712.000000 95
-0.381154 0.273894 -7739276160653130528144228352000.000000 78
-0.282741 0.227442 625539875478002493937778950144.000000 79
-0.266847 0.353249 889016606840614747680070959104.000000 98
-0.528266 0.210023 32627082561712750015535126675456.000000 59
-0.381154 0.273894 -7739276160653130528144228352000.000000 78
-0.479568 0.320346 -7382295652448895564906454056960.000000 75
-0.413450 0.155828 15981040445663949807096229265408.000000 60
-0.282741 0.227442 625539875478002493937778950144.000000 79
-0.381154 0.273894 -7739276160653130528144228352000.000000 78
-0.577982 0.366799 14169414207403651839839774441472.000000 58
-0.643082 0.264217 -36301346779227576742075873361920.000000 43
-0.528266 0.210023 32627082561712750015535126675456.000000 59
-0.577982 0.366799 14169414207403651839839774441472.000000 58
-0.610532 0.481301 15588318380904885476390007209984.000000 57
-0.719033 0.337964 -81363514715742579144709868879872.000000 42
-0.621382 0.574733 -2884101041694497744934242615296.000000 76
-0.708183 0.493222 18048625619387889895158705029120.000000 56
-0.610532 0.481301 15588318380904885476390007209984.000000 57
-0.719033 0.337964 -81363514715742579144709868879872.000000 42
-0.816683 0.308437 167705373127992136762649368068096.000000 27
-0.708183 0.161636 379354956082545598570541864714240.000000 28
-0.577982 0.366799 14169414207403651839839774441472.000000 58
-0.719033 0.337964 -81363514715742579144709868879872.000000 42
-0.643082 0.264217 -36301346779227576742075873361920.000000 43
-0.794983 0.411712 -30076480474661838321181760946176.000000 41
-0.816683 0.308437 167705373127992136762649368068096.000000 27
-0.719033 0.337964 -81363514715742579144709868879872.000000 42
-0.708183 0.493222 18048625619387889895158705029120.000000 56
-0.794983 0.411712 -30076480474661838321181760946176.000000 41
-0.719033 0.337964 -81363514715742579144709868879872.000000 42
-0.610532 0.481301 15588318380904885476390007209984.000000 57
-0.708183 0.493222 18048625619387889895158705029120.000000 56
-0.719033 0.337964 -81363514715742579144709868879872.000000 42
-0.512882 0.469380 -2718520913987720876469723856896.000000 77
-0.610532 0.481301 15588318380904885476390007209984.000000 57
-0.577982 0.366799 14169414207403651839839774441472.000000 58
-0.512882 0.469380 -2718520913987720876469723856896.000000 77
-0.621382 0.574733 -2884101041694497744934242615296.000000 76
-0.610532 0.481301 15588318380904885476390007209984.000000 57
-0.621382 0.574733 -2884101041694497744934242615296.000000 76
-0.809017 0.587785 -4492071391182744413839705505792.000000 55
-0.708183 0.493222 18048625619387889895158705029120.000000 56
-0.876307 0.481754 -4158541442790458868574877384704.000000 40
-0.929776 0.368125 51422676178288973820683588993024.000000 26
-0.794983 0.411712 -30076480474661838321181760946176.000000 41
-0.445745 0.037763 65484655329415226956623485337600.000000 54
-0.441136 -0.097722 -6498727219404563235179453218816.000000 50
-0.314527 -0.024174 -11991538017359509451777568145408.000000 65
-0.838383 0.205163 -807932643347145378413426528747520.000000 17
-0.773283 0.059054 -2687017870149598270482996216725504.000000 18
-0.708183 0.161636 379354956082545598570541864714240.000000 28
-0.643082 0.264217 -36301346779227576742075873361920.000000 43
-0.719033 0.337964 -81363514715742579144709868879872.000000 42
-0.708183 0.161636 379354956082545598570541864714240.000000 28
-0.968583 0.248690 -524039300670813942466585554845696.000000 16
-0.992115 0.125333 4045794850209517622271246346485760.000000 8
-0.838383 0.205163 -807932643347145378413426528747520.000000 17
-0.515073 -0.029496 -273665430646502559060141734363136.000000 39
-0.576964 0.099699 -165763327349357413204903732445184.000000 44
-0.658594 0.038247 1047399482373256063151175165280256.000000 29
-0.441136 -0.097722 -6498727219404563235179453218816.000000 50
-0.515073 -0.029496 -273665430646502559060141734363136.000000 39
-0.584401 -0.096754 275884410355831655374798586904576.000000 35
-0.445745 0.037763 65484655329415226956623485337600.000000 54
-0.576964 0.099699 -165763327349357413204903732445184.000000 44
-0.515073 -0.029496 -273665430646502559060141734363136.000000 39
-0.794983 0.411712 -30076480474661838321181760946176.000000 41
-0.708183 0.493222 18048625619387889895158705029120.000000 56
-0.876307 0.481754 -4158541442790458868574877384704.000000 40
-0.447782 0.571962 671551545067284159583049744384.000000 97
-0.534582 0.656244 329483647537480019784123809792.000000 96
-0.621382 0.574733 -2884101041694497744934242615296.000000 76
-0.389865 0.411315 2451705126840419918426734067712.000000 95
-0.447782 0.571962 671551545067284159583049744384.000000 97
-0.512882 0.469380 -2718520913987720876469723856896.000000 77
-0.479568 0.320346 -7382295652448895564906454056960.000000 75
-0.389865 0.411315 2451705126840419918426734067712.000000 95
-0.512882 0.469380 -2718520913987720876469723856896.000000 77
-0.250954 0.479057 -512826322151661458072493096960.000000 114
-0.235061 0.604864 160344036512914234557908123648.000000 132
-0.349368 0.525509 -493558173266942333541112872960.000000 113
-0.382682 0.674543 -77032351283288271143160512512.000000 115
-0.534582 0.656244 329483647537480019784123809792.000000 96
-0.447782 0.571962 671551545067284159583049744384.000000 97
-0.728969 0.684547 2222968034367601526305969930240.000000 74
-0.809017 0.587785 -4492071391182744413839705505792.000000 55
-0.621382 0.574733 -2884101041694497744934242615296.000000 76
-0.447782 0.737755 -52090543407916845105051336704.000000 112
-0.382682 0.674543 -77032351283288271143160512512.000000 115
-0.317582 0.777124 19488641096577264145999593472.000000 131
-0.534582 0.656244 329483647537480019784123809792.000000 96
-0.447782 0.737755 -52090543407916845105051336704.000000 112
-0.535827 0.844328 -16572915327094687227994701824.000000 111
-0.534582 0.656244 329483647537480019784123809792.000000 96
-0.382682 0.674543 -77032351283288271143160512512.000000 115
-0.447782 0.737755 -52090543407916845105051336704.000000 112
-0.728969 0.684547 2222968034367601526305969930240.000000 74
-0.631775 0.670396 177259836315793082408872443904.000000 92
-0.637424 0.770513 -442346945224398578525203857408.000000 94
-0.621382 0.574733 -2884101041694497744934242615296.000000 76
-0.512882 0.469380 -2718520913987720876469723856896.000000 77
-0.447782 0.571962 671551545067284159583049744384.000000 97
-0.631775 0.670396 177259836315793082408872443904.000000 92
-0.534582 0.656244 329483647537480019784123809792.000000 96
-0.637424 0.770513 -442346945224398578525203857408.000000 94
-0.621382 0.574733 -2884101041694497744934242615296.000000 76
-0.631775 0.670396 177259836315793082408872443904.000000 92
-0.728969 0.684547 2222968034367601526305969930240.000000 74
-0.621382 0.574733 -2884101041694497744934242615296.000000 76
-0.534582 0.656244 329483647537480019784123809792.000000 96
-0.631775 0.670396 177259836315793082408872443904.000000 92
0.794983 0.411712 -1727513269401540026695680.000000 236
0.929776 0.368125 -1720584127265681885364224.000000 237
0.876307 0.481754 3741916999628188416999424.000000 242
0.708183 0.493222 -5215040954434903812866048.000000 238
0.794983 0.411712 -1727513269401540026695680.000000 236
0.876307 0.481754 3741916999628188416999424.000000 242
0.610532 0.481301 8928812722267271704084480.000000 223
0.577982 0.366799 -15189445643551660052578304.000000 208
0.719033 0.337964 5582420459239890755780608.000000 222
0.349368 0.525509 280562285257479835476819968.000000 189
0.512882 0.469380 -58649262518014763553783808.000000 207
0.447782 0.571962 -82997658609406459290583040.000000 205
0.349368 0.525509 280562285257479835476819968.000000 189
0.422415 0.360024 66720877293592840027242496.000000 190
0.512882 0.469380 -58649262518014763553783808.000000 207
0.445745 0.037763 -83199853626467640619827200.000000 170
0.314527 -0.024174 -1829993444296760824891965440.000000 157
0.441136 -0.097722 756200792924946963065995264.000000 175
0.643082 0.264217 -28742992560281792980975616.000000 206
0.522968 0.251959 75643725121926779738521600.000000 191
0.571666 0.141635 114935704483764096125108224.000000 188
0.794983 0.245918 5981768331707528337424384.000000 220
0.719033 0.337964 5582420459239890755780608.000000 222
0.643082 0.264217 -28742992560281792980975616.000000 206
0.870933 0.153872 2806085551137350215532544.000000 219
0.794983 0.245918 5981768331707528337424384.000000 220
0.708183 0.161636 -20107141852569941227601920.000000 204
0.870933 0.153872 2806085551137350215532544.000000 219
0.968583 0.248690 -2523468141599709655465984.000000 230
0.794983 0.245918 5981768331707528337424384.000000 220
0.577982 0.366799 -15189445643551660052578304.000000 208
0.422415 0.360024 66720877293592840027242496.000000 190
0.522968 0.251959 75643725121926779738521600.000000 191
0.040329 0.180264 -39460397134495252848545103872.000000 129
0.167922 0.223510 14981964371907482589627154432.000000 147
0.060580 0.300829 -9693283387982935099382431744.000000 136
0.794983 0.245918 5981768331707528337424384.000000 220
0.643082 0.264217 -28742992560281792980975616.000000 206
0.708183 0.161636 -20107141852569941227601920.000000 204
0.708183 0.493222 -5215040954434903812866048.000000 238
0.719033 0.337964 5582420459239890755780608.000000 222
0.794983 0.411712 -1727513269401540026695680.000000 236
0.577982 0.366799 -15189445643551660052578304.000000 208
0.643082 0.264217 -28742992560281792980975616.000000 206
0.719033 0.337964 5582420459239890755780608.000000 222
0.915249 0.040903 -427772419450049233158144.000000 228
0.773283 0.059054 1452856224854738361909248.000000 215
0.838383 -0.043527 -4860788189874101881405440.000000 225
1.000000 -0.000000 3304500003819562461036544.000000 240
0.915249 0.040903 -427772419450049233158144.000000 228
0.838383 -0.043527 -4860788189874101881405440.000000 225
0.992115 0.125333 -854215078584164622008320.000000 233
0.968583 0.248690 -2523468141599709655465984.000000 230
0.870933 0.153872 2806085551137350215532544.000000 219
0.794983 0.245918 5981768331707528337424384.000000 220
0.929776 0.368125 -1720584127265681885364224.000000 237
0.794983 0.411712 -1727513269401540026695680.000000 236
0.062791 0.998027 -82635726730650999525998592.000000 198
0.023973 0.872212 -25884191251318334726078464.000000 184
0.187381 0.982287 -114609713601899940198481920.000000 199
0.425779 0.904827 19069709405026539775459328.000000 216
0.309017 0.951057 -178563083698705237547155456.000000 214
0.360982 0.819266 77974977369745040317874176.000000 203
0.309017 0.951057 -178563083698705237547155456.000000 214
0.203275 0.856480 464220771914914000978051072.000000 200
0.360982 0.819266 77974977369745040317874176.000000 203
0.382682 0.674543 228402985034072653979189248.000000 202
0.447782 0.737755 -55571506633628622413365248.000000 218
0.360982 0.819266 77974977369745040317874176.000000 203
0.512882 0.469380 -58649262518014763553783808.000000 207
0.621382 0.574733 24333850801025804008423424.000000 221
0.447782 0.571962 -82997658609406459290583040.000000 205
0.719033 0.337964 5582420459239890755780608.000000 222
0.708183 0.493222 -5215040954434903812866048.000000 238
0.610532 0.481301 8928812722267271704084480.000000 223
0.809017 0.587785 -5745041484404640228311040.000000 235
0.728969 0.684547 -7856145268389084888301568.000000 234
0.621382 0.574733 24333850801025804008423424.000000 221
0.621382 0.574733 24333850801025804008423424.000000 221
0.534582 0.656244 -17002458979487128576065536.000000 217
0.447782 0.571962 -82997658609406459290583040.000000 205
0.809017 0.587785 -5745041484404640228311040.000000 235
0.621382 0.574733 24333850801025804008423424.000000 221
0.708183 0.493222 -5215040954434903812866048.000000 238
0.631775 0.670396 -345396277135317254799360.000000 229
0.534582 0.656244 -17002458979487128576065536.000000 217
0.621382 0.574733 24333850801025804008423424.000000 221
0.728969 0.684547 -7856145268389084888301568.000000 234
0.631775 0.670396 -345396277135317254799360.000000 229
0.621382 0.574733 24333850801025804008423424.000000 221
0.728969 0.684547 -7856145268389084888301568.000000 234
0.637424 0.770513 2487507671452084303036416.000000 231
0.631775 0.670396 -345396277135317254799360.000000 229
0.447782 0.737755 -55571506633628622413365248.000000 218
0.425779 0.904827 19069709405026539775459328.000000 216
0.360982 0.819266 77974977369745040317874176.000000 203
0.794983 0.245918 5981768331707528337424384.000000 220
0.794983 0.411712 -1727513269401540026695680.000000 236
0.719033 0.337964 5582420459239890755780608.000000 222
0.610532 0.481301 8928812722267271704084480.000000 223
0.621382 0.574733 24333850801025804008423424.000000 221
0.512882 0.469380 -58649262518014763553783808.000000 207
0.577982 0.366799 -15189445643551660052578304.000000 208
0.610532 0.481301 8928812722267271704084480.000000 223
0.512882 0.469380 -58649262518014763553783808.000000 207
0.708183 0.493222 -5215040954434903812866048.000000 238
0.621382 0.574733 24333850801025804008423424.000000 221
0.610532 0.481301 8928812722267271704084480.000000 223
0.637424 0.770513 2487507671452084303036416.000000 231
0.534582 0.656244 -17002458979487128576065536.000000 217
0.631775 0.670396 -345396277135317254799360.000000 229
0.637424 0.770513 2487507671452084303036416.000000 231
0.535827 0.844328 19868146633424829453172736.000000 232
0.534582 0.656244 -17002458979487128576065536.000000 217
0.235061 0.604864 -616979191055881889659224064.000000 186
0.219168 0.730672 -813283177555656497053040640.000000 187
0.072414 0.628453 6704081866755058549693349888.000000 169
0.447782 0.737755 -55571506633628622413365248.000000 218
0.535827 0.844328 19868146633424829453172736.000000 232
0.425779 0.904827 19069709405026539775459328.000000 216
0.534582 0.656244 -17002458979487128576065536.000000 217
0.447782 0.737755 -55571506633628622413365248.000000 218
0.382682 0.674543 228402985034072653979189248.000000 202
0.534582 0.656244 -17002458979487128576065536.000000 217
0.535827 0.844328 19868146633424829453172736.000000 232
0.447782 0.737755 -55571506633628622413365248.000000 218
-0.135539 0.372907 2934432598938414465838743552.000000 116
-0.250954 0.479057 -512826322151661458072493096960.000000 114
-0.266847 0.353249 889016606840614747680070959104.000000 98
0.060580 0.300829 -9693283387982935099382431744.000000 136
-0.004231 0.392564 -30989502916568212217471696896.000000 135
-0.042554 0.274619 120677776438311078078541987840.000000 117
0.040329 0.180264 -39460397134495252848545103872.000000 129
0.060580 0.300829 -9693283387982935099382431744.000000 136
-0.042554 0.274619 120677776438311078078541987840.000000 117
0.163714 0.327039 -2468313023845190235865481216.000000 153
0.123361 0.435810 7059585975501754629294653440.000000 154
0.060580 0.300829 -9693283387982935099382431744.000000 136
-0.080876 0.156675 -64764923039625329445739429888.000000 110
0.020079 0.059698 186628846570464307164968124416.000000 118
0.040329 0.180264 -39460397134495252848545103872.000000 129
0.266847 0.353249 -719264471860071952382164992.000000 172
0.250954 0.479057 -992045447451503552377126912.000000 171
0.123361 0.435810 7059585975501754629294653440.000000 154
-0.108431 0.494783 69975800050545130301135257600.000000 133
-0.250954 0.479057 -512826322151661458072493096960.000000 114
-0.135539 0.372907 2934432598938414465838743552.000000 116
-0.004231 0.392564 -30989502916568212217471696896.000000 135
-0.108431 0.494783 69975800050545130301135257600.000000 133
-0.135539 0.372907 2934432598938414465838743552.000000 116
0.034091 0.510509 -2731857328363126250862018560.000000 151
0.072414 0.628453 6704081866755058549693349888.000000 169
-0.081324 0.616659 -36270297706312237992034435072.000000 152
0.034091 0.510509 -2731857328363126250862018560.000000 151
0.123361 0.435810 7059585975501754629294653440.000000 154
0.134576 0.557687 -1838690714597878702643609600.000000 168
0.381154 0.273894 16177691049948262852198400.000000 173
0.266847 0.353249 -719264471860071952382164992.000000 172
0.282741 0.227442 1109564114684182958184595456.000000 155
0.413450 0.155828 -562997345362257040679895040.000000 174
0.445745 0.037763 -83199853626467640619827200.000000 170
0.571666 0.141635 114935704483764096125108224.000000 188
0.282741 0.227442 1109564114684182958184595456.000000 155
0.413450 0.155828 -562997345362257040679895040.000000 174
0.381154 0.273894 16177691049948262852198400.000000 173
0.298634 0.101634 2318226513017660799109300224.000000 156
0.445745 0.037763 -83199853626467640619827200.000000 170
0.413450 0.155828 -562997345362257040679895040.000000 174
0.577982 0.366799 -15189445643551660052578304.000000 208
0.512882 0.469380 -58649262518014763553783808.000000 207
0.422415 0.360024 66720877293592840027242496.000000 190
0.134576 0.557687 -1838690714597878702643609600.000000 168
0.235061 0.604864 -616979191055881889659224064.000000 186
0.072414 0.628453 6704081866755058549693349888.000000 169
0.034091 0.510509 -2731857328363126250862018560.000000 151
0.134576 0.557687 -1838690714597878702643609600.000000 168
0.072414 0.628453 6704081866755058549693349888.000000 169
0.123361 0.435810 7059585975501754629294653440.000000 154
0.250954 0.479057 -992045447451503552377126912.000000 171
0.134576 0.557687 -1838690714597878702643609600.000000 168
0.422415 0.360024 66720877293592840027242496.000000 190
0.349368 0.525509 280562285257479835476819968.000000 189
0.266847 0.353249 -719264471860071952382164992.000000 172
0.349368 0.525509 280562285257479835476819968.000000 189
0.235061 0.604864 -616979191055881889659224064.000000 186
0.250954 0.479057 -992045447451503552377126912.000000 171
0.266847 0.353249 -719264471860071952382164992.000000 172
0.349368 0.525509 280562285257479835476819968.000000 189
0.250954 0.479057 -992045447451503552377126912.000000 171
0.447782 0.571962 -82997658609406459290583040.000000 205
0.382682 0.674543 228402985034072653979189248.000000 202
0.349368 0.525509 280562285257479835476819968.000000 189
0.023973 0.872212 -25884191251318334726078464.000000 184
0.062791 0.998027 -82635726730650999525998592.000000 198
-0.062791 0.998027 506333656829709754768031744.000000 182
-0.089651 0.864346 -2843727492885096226430648320.000000 166
0.023973 0.872212 -25884191251318334726078464.000000 184
-0.062791 0.998027 506333656829709754768031744.000000 182
-0.187381 0.982287 2664436561368368812063195136.000000 165
-0.089651 0.864346 -2843727492885096226430648320.000000 166
-0.062791 0.998027 506333656829709754768031744.000000 182
-0.203275 0.856480 -549022042474509821397696512.000000 149
-0.109200 0.735914 10325862788930334921873948672.000000 150
-0.089651 0.864346 -2843727492885096226430648320.000000 166
0.000768 0.741156 4504455099660057235509215232.000000 167
0.110736 0.746398 -1936575524799840029004267520.000000 183
0.023973 0.872212 -25884191251318334726078464.000000 184
0.219168 0.730672 -813283177555656497053040640.000000 187
0.110736 0.746398 -1936575524799840029004267520.000000 183
0.072414 0.628453 6704081866755058549693349888.000000 169
0.203275 0.856480 464220771914914000978051072.000000 200
0.187381 0.982287 -114609713601899940198481920.000000 199
0.023973 0.872212 -25884191251318334726078464.000000 184
0.187381 0.982287 -114609713601899940198481920.000000 199
0.203275 0.856480 464220771914914000978051072.000000 200
0.309017 0.951057 -178563083698705237547155456.000000 214
-0.235061 0.604864 160344036512914234557908123648.000000 132
-0.250954 0.479057 -512826322151661458072493096960.000000 114
-0.108431 0.494783 69975800050545130301135257600.000000 133
-0.109200 0.735914 10325862788930334921873948672.000000 150
-0.203275 0.856480 -549022042474509821397696512.000000 149
-0.219168 0.730672 -17918158142701622623394070528.000000 134
0.072414 0.628453 6704081866755058549693349888.000000 169
0.000768 0.741156 4504455099660057235509215232.000000 167
-0.081324 0.616659 -36270297706312237992034435072.000000 152
0.000768 0.741156 4504455099660057235509215232.000000 167
0.023973 0.872212 -25884191251318334726078464.000000 184
-0.089651 0.864346 -2843727492885096226430648320.000000 166
-0.219168 0.730672 -17918158142701622623394070528.000000 134
-0.317582 0.777124 19488641096577264145999593472.000000 131
-0.382682 0.674543 -77032351283288271143160512512.000000 115
-0.108431 0.494783 69975800050545130301135257600.000000 133
-0.081324 0.616659 -36270297706312237992034435072.000000 152
-0.235061 0.604864 160344036512914234557908123648.000000 132
-0.203275 0.856480 -549022042474509821397696512.000000 149
-0.317582 0.777124 19488641096577264145999593472.000000 131
-0.219168 0.730672 -17918158142701622623394070528.000000 134
0.809017 0.587785 -5745041484404640228311040.000000 235
0.708183 0.493222 -5215040954434903812866048.000000 238
0.876307 0.481754 3741916999628188416999424.000000 242
0.469331 -0.217723 -851927068233679585031487488.000000 178
0.443723 -0.339315 -1750592563886319250020761600.000000 177
0.569181 -0.223917 364078714176018017821917184.000000 195
0.992115 -0.125333 2553035136210731668602880.000000 243
0.903483 -0.146108 -6676466782401139495141376.000000 239
0.968583 -0.248690 -246762796112057599000576.000000 241
0.992115 -0.125333 2553035136210731668602880.000000 243
1.000000 -0.000000 3304500003819562461036544.000000 240
0.903483 -0.146108 -6676466782401139495141376.000000 239
-0.616669 -0.529062 -305334695923805645941073648812032.000000 25
-0.518255 -0.575515 51455144363332938736478814470144.000000 36
-0.486789 -0.444362 14062517912576567996060836823040.000000 38
-0.728969 -0.684547 -86743449164592217478504000782336.000000 14
-0.658410 -0.623625 -11577625965062107562059497472000.000000 24
-0.735953 -0.529892 397801576998215866894803684818944.000000 15
-0.433694 -0.622226 -6309354030865361572393687973888.000000 37
-0.409886 -0.779019 2393813668842562418672721199104.000000 45
-0.349134 -0.668938 2095178595646949454793247031296.000000 51
-0.637424 -0.770513 18644595146389566228887597219840.000000 19
-0.534148 -0.701322 -8009291871706587443498015784960.000000 31
-0.658410 -0.623625 -11577625965062107562059497472000.000000 24
-0.637424 -0.770513 18644595146389566228887597219840.000000 19
-0.535827 -0.844328 -866985978295600188987726102528.000000 30
-0.534148 -0.701322 -8009291871706587443498015784960.000000 31
0.664439 -0.453191 -64836233976507300845715456.000000 197
0.736206 -0.299972 -124565099067670851632496640.000000 212
0.592925 -0.376490 370712991016177961306947584.000000 194
0.736206 -0.299972 -124565099067670851632496640.000000 212
0.792049 -0.172045 28669727282628567326785536.000000 224
0.680615 -0.197981 -54713114200655479533731840.000000 209
0.929776 -0.368125 -14664474436754401103183872.000000 226
0.847640 -0.274036 12829956612819937239498752.000000 227
0.791796 -0.401964 34111659344063865181700096.000000 213
0.929776 -0.368125 -14664474436754401103183872.000000 226
0.968583 -0.248690 -246762796112057599000576.000000 241
0.847640 -0.274036 12829956612819937239498752.000000 227
0.715365 -0.101593 5659530545512465523802112.000000 210
0.584401 -0.096754 -17998482848899591359692800.000000 192
0.680615 -0.197981 -54713114200655479533731840.000000 209
0.773283 0.059054 1452856224854738361909248.000000 215
0.715365 -0.101593 5659530545512465523802112.000000 210
0.838383 -0.043527 -4860788189874101881405440.000000 225
0.662567 0.006795 8508586616332832215138304.000000 201
0.708183 0.161636 -20107141852569941227601920.000000 204
0.571666 0.141635 114935704483764096125108224.000000 188
-0.592925 -0.376490 280125831570643219025877224390656.000000 33
-0.486789 -0.444362 14062517912576567996060836823040.000000 38
-0.443723 -0.339315 -128726315111260548118088836448256.000000 48
-0.791796 -0.401964 -3320714137122282196789308195602432.000000 10
-0.664439 -0.453191 1504436678095342590405056143556608.000000 20
-0.680489 -0.312940 -3116196941284054347721902152220672.000000 21
-0.616669 -0.529062 -305334695923805645941073648812032.000000 25
-0.486789 -0.444362 14062517912576567996060836823040.000000 38
-0.592925 -0.376490 280125831570643219025877224390656.000000 33
-0.584401 -0.096754 275884410355831655374798586904576.000000 35
-0.569181 -0.223917 363270535304311261438328828854272.000000 34
-0.469331 -0.217723 -87278402656368686280860130869248.000000 49
-0.680489 -0.312940 -3116196941284054347721902152220672.000000 21
-0.847640 -0.274036 15568183352791432106427053777092608.000000 11
-0.791796 -0.401964 -3320714137122282196789308195602432.000000 10
-0.035536 -0.096906 37374152182192857449368649728.000000 104
-0.119199 0.038730 -962172069512286028965882101760.000000 100
-0.157522 -0.079215 83279420781853830768494641152.000000 85
-0.195844 -0.197159 -7124960625776791460717164232704.000000 84
-0.064278 -0.185365 954240554315516261381535956992.000000 103
-0.157522 -0.079215 83279420781853830768494641152.000000 85
0.196515 -0.037934 8089548522042210903799103488.000000 140
0.314527 -0.024174 -1829993444296760824891965440.000000 157
0.298634 0.101634 2318226513017660799109300224.000000 156
0.125317 0.034143 -40739800100771984701315350528.000000 128
0.196515 -0.037934 8089548522042210903799103488.000000 140
0.172130 0.119981 -19642823753832429253784764416.000000 137
-0.035536 -0.096906 37374152182192857449368649728.000000 104
0.078503 -0.051694 -18853702633886299954392072192.000000 122
0.020079 0.059698 186628846570464307164968124416.000000 118
-0.035536 -0.096906 37374152182192857449368649728.000000 104
0.067288 -0.173570 -84294046959696772127443124224.000000 121
0.078503 -0.051694 -18853702633886299954392072192.000000 122
0.198854 -0.161776 6852723467755871537670914048.000000 141
0.330420 -0.149981 -1621381340352256299306582016.000000 160
0.196515 -0.037934 8089548522042210903799103488.000000 140
0.078503 -0.051694 -18853702633886299954392072192.000000 122
0.198854 -0.161776 6852723467755871537670914048.000000 141
0.196515 -0.037934 8089548522042210903799103488.000000 140
-0.001975 -0.299378 -479857511438688999281369546752.000000 107
0.114121 -0.291515 82546552490846222794308452352.000000 124
0.067288 -0.173570 -84294046959696772127443124224.000000 121
-0.065162 -0.389016 -331050644589902947237169725440.000000 106
-0.001975 -0.299378 -479857511438688999281369546752.000000 107
-0.118071 -0.307241 2504413976883450466455965925376.000000 89
-0.145550 -0.426758 700002819222295935513043927040.000000 87
-0.065162 -0.389016 -331050644589902947237169725440.000000 106
-0.118071 -0.307241 2504413976883450466455965925376.000000 89
-0.012254 -0.470791 43589399629875088356678828032.000000 105
0.108328 -0.414177 101486973504953797853392666624.000000 123
-0.065162 -0.389016 -331050644589902947237169725440.000000 106
-0.065162 -0.389016 -331050644589902947237169725440.000000 106
0.108328 -0.414177 101486973504953797853392666624.000000 123
-0.001975 -0.299378 -479857511438688999281369546752.000000 107
0.441136 -0.097722 756200792924946963065995264.000000 175
0.314527 -0.024174 -1829993444296760824891965440.000000 157
0.330420 -0.149981 -1621381340352256299306582016.000000 160
-0.035536 -0.096906 37374152182192857449368649728.000000 104
0.020079 0.059698 186628846570464307164968124416.000000 118
-0.119199 0.038730 -962172069512286028965882101760.000000 100
0.522968 0.251959 75643725121926779738521600.000000 191
0.643082 0.264217 -28742992560281792980975616.000000 206
0.577982 0.366799 -15189445643551660052578304.000000 208
0.381154 0.273894 16177691049948262852198400.000000 173
0.522968 0.251959 75643725121926779738521600.000000 191
0.422415 0.360024 66720877293592840027242496.000000 190
0.266847 0.353249 -719264471860071952382164992.000000 172
0.381154 0.273894 16177691049948262852198400.000000 173
0.422415 0.360024 66720877293592840027242496.000000 190
0.282741 0.227442 1109564114684182958184595456.000000 155
0.298634 0.101634 2318226513017660799109300224.000000 156
0.413450 0.155828 -562997345362257040679895040.000000 174
0.584401 -0.096754 -17998482848899591359692800.000000 192
0.441136 -0.097722 756200792924946963065995264.000000 175
0.469331 -0.217723 -851927068233679585031487488.000000 178
0.381154 0.273894 16177691049948262852198400.000000 173
0.413450 0.155828 -562997345362257040679895040.000000 174
0.522968 0.251959 75643725121926779738521600.000000 191
0.298634 0.101634 2318226513017660799109300224.000000 156
0.314527 -0.024174 -1829993444296760824891965440.000000 157
0.445745 0.037763 -83199853626467640619827200.000000 170
0.571666 0.141635 114935704483764096125108224.000000 188
0.708183 0.161636 -20107141852569941227601920.000000 204
0.643082 0.264217 -28742992560281792980975616.000000 206
0.413450 0.155828 -562997345362257040679895040.000000 174
0.571666 0.141635 114935704483764096125108224.000000 188
0.522968 0.251959 75643725121926779738521600.000000 191
0.662567 0.006795 8508586616332832215138304.000000 201
0.715365 -0.101593 5659530545512465523802112.000000 210
0.773283 0.059054 1452856224854738361909248.000000 215
0.708183 0.161636 -20107141852569941227601920.000000 204
0.662567 0.006795 8508586616332832215138304.000000 201
0.773283 0.059054 1452856224854738361909248.000000 215
0.543905 0.017440 -164466712292682694114934784.000000 185
0.584401 -0.096754 -17998482848899591359692800.000000 192
0.662567 0.006795 8508586616332832215138304.000000 201
0.445745 0.037763 -83199853626467640619827200.000000 170
0.543905 0.017440 -164466712292682694114934784.000000 185
0.571666 0.141635 114935704483764096125108224.000000 188
0.445745 0.037763 -83199853626467640619827200.000000 170
0.441136 -0.097722 756200792924946963065995264.000000 175
0.543905 0.017440 -164466712292682694114934784.000000 185
0.794983 0.245918 5981768331707528337424384.000000 220
0.968583 0.248690 -2523468141599709655465984.000000 230
0.929776 0.368125 -1720584127265681885364224.000000 237
0.773283 0.059054 1452856224854738361909248.000000 215
0.870933 0.153872 2806085551137350215532544.000000 219
0.708183 0.161636 -20107141852569941227601920.000000 204
0.773283 0.059054 1452856224854738361909248.000000 215
0.915249 0.040903 -427772419450049233158144.000000 228
0.870933 0.153872 2806085551137350215532544.000000 219
0.838383 -0.043527 -4860788189874101881405440.000000 225
0.903483 -0.146108 -6676466782401139495141376.000000 239
1.000000 -0.000000 3304500003819562461036544.000000 240
0.584401 -0.096754 -17998482848899591359692800.000000 192
0.569181 -0.223917 364078714176018017821917184.000000 195
0.680615 -0.197981 -54713114200655479533731840.000000 209
0.662567 0.006795 8508586616332832215138304.000000 201
0.584401 -0.096754 -17998482848899591359692800.000000 192
0.715365 -0.101593 5659530545512465523802112.000000 210
0.543905 0.017440 -164466712292682694114934784.000000 185
0.441136 -0.097722 756200792924946963065995264.000000 175
0.584401 -0.096754 -17998482848899591359692800.000000 192
0.662567 0.006795 8508586616332832215138304.000000 201
0.571666 0.141635 114935704483764096125108224.000000 188
0.543905 0.017440 -164466712292682694114934784.000000 185
0.330420 -0.149981 -1621381340352256299306582016.000000 160
0.346313 -0.275789 7063533604412991975955890176.000000 161
0.469331 -0.217723 -851927068233679585031487488.000000 178
0.664439 -0.453191 -64836233976507300845715456.000000 197
0.592925 -0.376490 370712991016177961306947584.000000 194
0.616669 -0.529062 107725069611596239542943744.000000 181
0.735953 -0.529892 -5258889334290194708299776.000000 196
0.664439 -0.453191 -64836233976507300845715456.000000 197
0.616669 -0.529062 107725069611596239542943744.000000 181
0.735953 -0.529892 -5258889334290194708299776.000000 196
0.791796 -0.401964 34111659344063865181700096.000000 213
0.664439 -0.453191 -64836233976507300845715456.000000 197
0.838383 -0.043527 -4860788189874101881405440.000000 225
0.715365 -0.101593 5659530545512465523802112.000000 210
0.792049 -0.172045 28669727282628567326785536.000000 224
0.443723 -0.339315 -1750592563886319250020761600.000000 177
0.346313 -0.275789 7063533604412991975955890176.000000 161
0.362206 -0.401597 6104497926124062348555583488.000000 159
0.584401 -0.096754 -17998482848899591359692800.000000 192
0.469331 -0.217723 -851927068233679585031487488.000000 178
0.569181 -0.223917 364078714176018017821917184.000000 195
0.441136 -0.097722 756200792924946963065995264.000000 175
0.330420 -0.149981 -1621381340352256299306582016.000000 160
0.469331 -0.217723 -851927068233679585031487488.000000 178
0.915249 0.040903 -427772419450049233158144.000000 228
0.992115 0.125333 -854215078584164622008320.000000 233
0.870933 0.153872 2806085551137350215532544.000000 219
0.219168 0.730672 -813283177555656497053040640.000000 187
0.360982 0.819266 77974977369745040317874176.000000 203
0.203275 0.856480 464220771914914000978051072.000000 200
0.110736 0.746398 -1936575524799840029004267520.000000 183
0.219168 0.730672 -813283177555656497053040640.000000 187
0.203275 0.856480 464220771914914000978051072.000000 200
0.235061 0.604864 -616979191055881889659224064.000000 186
0.382682 0.674543 228402985034072653979189248.000000 202
0.219168 0.730672 -813283177555656497053040640.000000 187
0.123361 0.435810 7059585975501754629294653440.000000 154
-0.004231 0.392564 -30989502916568212217471696896.000000 135
0.060580 0.300829 -9693283387982935099382431744.000000 136
-0.081324 0.616659 -36270297706312237992034435072.000000 152
-0.108431 0.494783 69975800050545130301135257600.000000 133
0.034091 0.510509 -2731857328363126250862018560.000000 151
0.000768 0.741156 4504455099660057235509215232.000000 167
-0.109200 0.735914 10325862788930334921873948672.000000 150
-0.081324 0.616659 -36270297706312237992034435072.000000 152
0.110736 0.746398 -1936575524799840029004267520.000000 183
0.000768 0.741156 4504455099660057235509215232.000000 167
0.072414 0.628453 6704081866755058549693349888.000000 169
0.110736 0.746398 -1936575524799840029004267520.000000 183
0.203275 0.856480 464220771914914000978051072.000000 200
0.023973 0.872212 -25884191251318334726078464.000000 184
-0.219168 0.730672 -17918158142701622623394070528.000000 134
-0.235061 0.604864 160344036512914234557908123648.000000 132
-0.081324 0.616659 -36270297706312237992034435072.000000 152
0.123361 0.435810 7059585975501754629294653440.000000 154
0.163714 0.327039 -2468313023845190235865481216.000000 153
0.266847 0.353249 -719264471860071952382164992.000000 172
0.235061 0.604864 -616979191055881889659224064.000000 186
0.134576 0.557687 -1838690714597878702643609600.000000 168
0.250954 0.479057 -992045447451503552377126912.000000 171
0.034091 0.510509 -2731857328363126250862018560.000000 151
-0.004231 0.392564 -30989502916568212217471696896.000000 135
0.123361 0.435810 7059585975501754629294653440.000000 154
0.382682 0.674543 228402985034072653979189248.000000 202
0.360982 0.819266 77974977369745040317874176.000000 203
0.219168 0.730672 -813283177555656497053040640.000000 187
0.349368 0.525509 280562285257479835476819968.000000 189
0.382682 0.674543 228402985034072653979189248.000000 202
0.235061 0.604864 -616979191055881889659224064.000000 186
0.447782 0.571962 -82997658609406459290583040.000000 205
0.534582 0.656244 -17002458979487128576065536.000000 217
0.382682 0.674543 228402985034072653979189248.000000 202
-0.876307 0.481754 -4158541442790458868574877384704.000000 40
-0.708183 0.493222 18048625619387889895158705029120.000000 56
-0.809017 0.587785 -4492071391182744413839705505792.000000 55
-0.389865 0.411315 2451705126840419918426734067712.000000 95
-0.250954 0.479057 -512826322151661458072493096960.000000 114
-0.349368 0.525509 -493558173266942333541112872960.000000 113
-0.162647 0.251030 -560120134968084968598826647552.000000 99
-0.135539 0.372907 2934432598938414465838743552.000000 116
-0.266847 0.353249 889016606840614747680070959104.000000 98
-0.298634 0.101634 -14466280674833129312335429632000.000000 73
-0.189755 0.129154 1792943691586407067787009720320.000000 93
-0.282741 0.227442 625539875478002493937778950144.000000 79
-0.042554 0.274619 120677776438311078078541987840.000000 117
-0.135539 0.372907 2934432598938414465838743552.000000 116
-0.162647 0.251030 -560120134968084968598826647552.000000 99
-0.108431 0.494783 69975800050545130301135257600.000000 133
-0.004231 0.392564 -30989502916568212217471696896.000000 135
0.034091 0.510509 -2731857328363126250862018560.000000 151
-0.282741 0.227442 625539875478002493937778950144.000000 79
-0.162647 0.251030 -560120134968084968598826647552.000000 99
-0.266847 0.353249 889016606840614747680070959104.000000 98
-0.042554 0.274619 120677776438311078078541987840.000000 117
-0.004231 0.392564 -30989502916568212217471696896.000000 135
-0.135539 0.372907 2934432598938414465838743552.000000 116
0.167922 0.223510 14981964371907482589627154432.000000 147
0.172130 0.119981 -19642823753832429253784764416.000000 137
0.282741 0.227442 1109564114684182958184595456.000000 155
0.060580 0.300829 -9693283387982935099382431744.000000 136
0.167922 0.223510 14981964371907482589627154432.000000 147
0.163714 0.327039 -2468313023845190235865481216.000000 153
0.040329 0.180264 -39460397134495252848545103872.000000 129
0.172130 0.119981 -19642823753832429253784764416.000000 137
0.167922 0.223510 14981964371907482589627154432.000000 147
-0.080876 0.156675 -64764923039625329445739429888.000000 110
0.040329 0.180264 -39460397134495252848545103872.000000 129
-0.042554 0.274619 120677776438311078078541987840.000000 117
0.020079 0.059698 186628846570464307164968124416.000000 118
0.172130 0.119981 -19642823753832429253784764416.000000 137
0.040329 0.180264 -39460397134495252848545103872.000000 129
0.282741 0.227442 1109564114684182958184595456.000000 155
0.266847 0.353249 -719264471860071952382164992.000000 172
0.163714 0.327039 -2468313023845190235865481216.000000 153
-0.534582 0.656244 329483647537480019784123809792.000000 96
-0.535827 0.844328 -16572915327094687227994701824.000000 111
-0.637424 0.770513 -442346945224398578525203857408.000000 94
0.847640 -0.274036 12829956612819937239498752.000000 227
0.903483 -0.146108 -6676466782401139495141376.000000 239
0.792049 -0.172045 28669727282628567326785536.000000 224
0.968583 -0.248690 -246762796112057599000576.000000 241
0.903483 -0.146108 -6676466782401139495141376.000000 239
0.847640 -0.274036 12829956612819937239498752.000000 227
0.791796 -0.401964 34111659344063865181700096.000000 213
0.735953 -0.529892 -5258889334290194708299776.000000 196
0.876307 -0.481754 -8545615599407241680125952.000000 211
0.929776 -0.368125 -14664474436754401103183872.000000 226
0.791796 -0.401964 34111659344063865181700096.000000 213
0.876307 -0.481754 -8545615599407241680125952.000000 211
0.592925 -0.376490 370712991016177961306947584.000000 194
0.569181 -0.223917 364078714176018017821917184.000000 195
0.443723 -0.339315 -1750592563886319250020761600.000000 177
0.616669 -0.529062 107725069611596239542943744.000000 181
0.592925 -0.376490 370712991016177961306947584.000000 194
0.486789 -0.444362 -823329073166716515320332288.000000 176
0.736206 -0.299972 -124565099067670851632496640.000000 212
0.569181 -0.223917 364078714176018017821917184.000000 195
0.592925 -0.376490 370712991016177961306947584.000000 194
0.847640 -0.274036 12829956612819937239498752.000000 227
0.736206 -0.299972 -124565099067670851632496640.000000 212
0.791796 -0.401964 34111659344063865181700096.000000 213
0.680615 -0.197981 -54713114200655479533731840.000000 209
0.569181 -0.223917 364078714176018017821917184.000000 195
0.736206 -0.299972 -124565099067670851632496640.000000 212
0.378100 -0.527404 392506745540802857079406592.000000 158
0.486789 -0.444362 -823329073166716515320332288.000000 176
0.362206 -0.401597 6104497926124062348555583488.000000 159
0.518255 -0.575515 111716374723039559346552832.000000 164
0.393993 -0.653212 -260600773936392404557889536.000000 146
0.515708 -0.711863 -50169404570530984836988928.000000 162
0.486789 -0.444362 -823329073166716515320332288.000000 176
0.518255 -0.575515 111716374723039559346552832.000000 164
0.616669 -0.529062 107725069611596239542943744.000000 181
0.378100 -0.527404 392506745540802857079406592.000000 158
0.393993 -0.653212 -260600773936392404557889536.000000 146
0.518255 -0.575515 111716374723039559346552832.000000 164
0.658410 -0.623625 -33380366465657152208896000.000000 179
0.728969 -0.684547 2550553272812242879905792.000000 180
0.735953 -0.529892 -5258889334290194708299776.000000 196
0.196515 -0.037934 8089548522042210903799103488.000000 140
0.330420 -0.149981 -1621381340352256299306582016.000000 160
0.314527 -0.024174 -1829993444296760824891965440.000000 157
-0.195844 -0.197159 -7124960625776791460717164232704.000000 84
-0.118071 -0.307241 2504413976883450466455965925376.000000 89
-0.064278 -0.185365 954240554315516261381535956992.000000 103
-0.118071 -0.307241 2504413976883450466455965925376.000000 89
-0.234167 -0.315104 -7197638630312033714997647376384.000000 70
-0.145550 -0.426758 700002819222295935513043927040.000000 87
0.210774 -0.256132 -9605334863161217527129833472.000000 142
0.346313 -0.275789 7063533604412991975955890176.000000 161
0.330420 -0.149981 -1621381340352256299306582016.000000 160
0.210774 -0.256132 -9605334863161217527129833472.000000 142
0.235267 -0.407887 -28173697347043518128202973184.000000 143
0.346313 -0.275789 7063533604412991975955890176.000000 161
0.067288 -0.173570 -84294046959696772127443124224.000000 121
0.114121 -0.291515 82546552490846222794308452352.000000 124
0.198854 -0.161776 6852723467755871537670914048.000000 141
0.108328 -0.414177 101486973504953797853392666624.000000 123
0.114121 -0.291515 82546552490846222794308452352.000000 124
-0.001975 -0.299378 -479857511438688999281369546752.000000 107
0.247982 -0.508533 -11623191980301649612048957440.000000 139
0.362206 -0.401597 6104497926124062348555583488.000000 159
0.235267 -0.407887 -28173697347043518128202973184.000000 143
0.443723 -0.339315 -1750592563886319250020761600.000000 177
0.486789 -0.444362 -823329073166716515320332288.000000 176
0.592925 -0.376490 370712991016177961306947584.000000 194
0.346313 -0.275789 7063533604412991975955890176.000000 161
0.443723 -0.339315 -1750592563886319250020761600.000000 177
0.469331 -0.217723 -851927068233679585031487488.000000 178
0.362206 -0.401597 6104497926124062348555583488.000000 159
0.486789 -0.444362 -823329073166716515320332288.000000 176
0.443723 -0.339315 -1750592563886319250020761600.000000 177
0.518255 -0.575515 111716374723039559346552832.000000 164
0.658410 -0.623625 -33380366465657152208896000.000000 179
0.616669 -0.529062 107725069611596239542943744.000000 181
0.735953 -0.529892 -5258889334290194708299776.000000 196
0.809017 -0.587785 4120919085415678798200832.000000 193
0.876307 -0.481754 -8545615599407241680125952.000000 211
0.616669 -0.529062 107725069611596239542943744.000000 181
0.658410 -0.623625 -33380366465657152208896000.000000 179
0.735953 -0.529892 -5258889334290194708299776.000000 196
0.791796 -0.401964 34111659344063865181700096.000000 213
0.736206 -0.299972 -124565099067670851632496640.000000 212
0.664439 -0.453191 -64836233976507300845715456.000000 197
0.486789 -0.444362 -823329073166716515320332288.000000 176
0.378100 -0.527404 392506745540802857079406592.000000 158
0.518255 -0.575515 111716374723039559346552832.000000 164
0.728969 -0.684547 2550553272812242879905792.000000 180
0.809017 -0.587785 4120919085415678798200832.000000 193
0.735953 -0.529892 -5258889334290194708299776.000000 196
0.847640 -0.274036 12829956612819937239498752.000000 227
0.792049 -0.172045 28669727282628567326785536.000000 224
0.736206 -0.299972 -124565099067670851632496640.000000 212
0.838383 -0.043527 -4860788189874101881405440.000000 225
0.792049 -0.172045 28669727282628567326785536.000000 224
0.903483 -0.146108 -6676466782401139495141376.000000 239
0.715365 -0.101593 5659530545512465523802112.000000 210
0.680615 -0.197981 -54713114200655479533731840.000000 209
0.792049 -0.172045 28669727282628567326785536.000000 224
1.000000 -0.000000 3304500003819562461036544.000000 240
0.992115 0.125333 -854215078584164622008320.000000 233
0.915249 0.040903 -427772419450049233158144.000000 228
0.295977 -0.844070 303282454015900228127817728.000000 125
0.177179 -0.862891 1995821715242420679529725952.000000 109
0.309017 -0.951057 -558644047686302905793511424.000000 108
0.425779 -0.904827 -203583889253014681073745920.000000 126
0.295977 -0.844070 303282454015900228127817728.000000 125
0.309017 -0.951057 -558644047686302905793511424.000000 108
0.282937 -0.737084 -3460015430430877650817908736.000000 127
0.177179 -0.862891 1995821715242420679529725952.000000 109
0.295977 -0.844070 303282454015900228127817728.000000 125
0.062791 -0.998027 -7648353301986367218366021632.000000 72
0.060826 -0.904827 4689464579495577408323452928.000000 91
-0.062791 -0.998027 22165879160683125385791012864.000000 71
-0.272489 -0.433048 664143296183158859721674326016.000000 67
-0.234167 -0.315104 -7197638630312033714997647376384.000000 70
-0.362206 -0.401597 14470606275546282350335217369088.000000 53
-0.349134 -0.668938 2095178595646949454793247031296.000000 51
-0.166657 -0.668938 -537808929456957902407679868928.000000 68
-0.219573 -0.550993 1605039564321431741651360940032.000000 69
-0.005837 -0.810471 -24865448451440819052623167488.000000 101
-0.060826 -0.904827 -18868252305824300775912767488.000000 82
0.060826 -0.904827 4689464579495577408323452928.000000 91
0.177179 -0.862891 1995821715242420679529725952.000000 109
-0.005837 -0.810471 -24865448451440819052623167488.000000 101
0.060826 -0.904827 4689464579495577408323452928.000000 91
-0.072500 -0.716116 51648267895349326839325655040.000000 83
-0.156928 -0.826197 170980876572908530176618397696.000000 81
-0.005837 -0.810471 -24865448451440819052623167488.000000 101
-0.272489 -0.433048 664143296183158859721674326016.000000 67
-0.219573 -0.550993 1605039564321431741651360940032.000000 69
-0.145550 -0.426758 700002819222295935513043927040.000000 87
-0.321429 -0.833823 -283168963862794111792525082624.000000 46
-0.409886 -0.779019 2393813668842562418672721199104.000000 45
-0.425779 -0.904827 -583588060285962542287440314368.000000 32
-0.232973 -0.888627 163035213383286304382277124096.000000 62
-0.321429 -0.833823 -283168963862794111792525082624.000000 46
-0.309017 -0.951057 181050996048196459642379829248.000000 47
-0.232973 -0.888627 163035213383286304382277124096.000000 62
-0.253031 -0.747568 -714989647898170876008845017088.000000 61
-0.321429 -0.833823 -283168963862794111792525082624.000000 46
-0.166657 -0.668938 -537808929456957902407679868928.000000 68
-0.253031 -0.747568 -714989647898170876008845017088.000000 61
-0.156928 -0.826197 170980876572908530176618397696.000000 81
-0.349134 -0.668938 2095178595646949454793247031296.000000 51
-0.409886 -0.779019 2393813668842562418672721199104.000000 45
-0.253031 -0.747568 -714989647898170876008845017088.000000 61
0.187381 -0.982287 -1012315591371282017779974144.000000 90
0.060826 -0.904827 4689464579495577408323452928.000000 91
0.062791 -0.998027 -7648353301986367218366021632.000000 72
0.235267 -0.407887 -28173697347043518128202973184.000000 143
0.362206 -0.401597 6104497926124062348555583488.000000 159
0.346313 -0.275789 7063533604412991975955890176.000000 161
0.298781 -0.621760 4609984629279219081096986624.000000 138
0.378100 -0.527404 392506745540802857079406592.000000 158
0.247982 -0.508533 -11623191980301649612048957440.000000 139
0.518255 -0.575515 111716374723039559346552832.000000 164
0.515708 -0.711863 -50169404570530984836988928.000000 162
0.658410 -0.623625 -33380366465657152208896000.000000 179
0.298781 -0.621760 4609984629279219081096986624.000000 138
0.393993 -0.653212 -260600773936392404557889536.000000 146
0.378100 -0.527404 392506745540802857079406592.000000 158
0.141155 -0.577727 -22470121179303799848244871168.000000 120
0.164458 -0.730094 12805954260652802130501959680.000000 119
0.298781 -0.621760 4609984629279219081096986624.000000 138
0.108328 -0.414177 101486973504953797853392666624.000000 123
0.141155 -0.577727 -22470121179303799848244871168.000000 120
0.247982 -0.508533 -11623191980301649612048957440.000000 139
0.034327 -0.646921 -25028488432273738490275954688.000000 102
0.164458 -0.730094 12805954260652802130501959680.000000 119
0.141155 -0.577727 -22470121179303799848244871168.000000 120
0.108328 -0.414177 101486973504953797853392666624.000000 123
-0.012254 -0.470791 43589399629875088356678828032.000000 105
0.141155 -0.577727 -22470121179303799848244871168.000000 120
-0.072500 -0.716116 51648267895349326839325655040.000000 83
-0.005837 -0.810471 -24865448451440819052623167488.000000 101
0.034327 -0.646921 -25028488432273738490275954688.000000 102
0.282937 -0.737084 -3460015430430877650817908736.000000 127
0.393993 -0.653212 -260600773936392404557889536.000000 146
0.298781 -0.621760 4609984629279219081096986624.000000 138
-0.005837 -0.810471 -24865448451440819052623167488.000000 101
0.177179 -0.862891 1995821715242420679529725952.000000 109
0.164458 -0.730094 12805954260652802130501959680.000000 119
0.187381 -0.982287 -1012315591371282017779974144.000000 90
0.177179 -0.862891 1995821715242420679529725952.000000 109
0.060826 -0.904827 4689464579495577408323452928.000000 91
0.187381 -0.982287 -1012315591371282017779974144.000000 90
0.309017 -0.951057 -558644047686302905793511424.000000 108
0.177179 -0.862891 1995821715242420679529725952.000000 109
0.409886 -0.779019 622374848111200848356311040.000000 144
0.393993 -0.653212 -260600773936392404557889536.000000 146
0.282937 -0.737084 -3460015430430877650817908736.000000 127
0.515708 -0.711863 -50169404570530984836988928.000000 162
0.637424 -0.770513 56955107473583762820825088.000000 163
0.658410 -0.623625 -33380366465657152208896000.000000 179
0.409886 -0.779019 622374848111200848356311040.000000 144
0.515708 -0.711863 -50169404570530984836988928.000000 162
0.393993 -0.653212 -260600773936392404557889536.000000 146
0.409886 -0.779019 622374848111200848356311040.000000 144
0.535827 -0.844328 -167296841724193272036851712.000000 145
0.515708 -0.711863 -50169404570530984836988928.000000 162
0.425779 -0.904827 -203583889253014681073745920.000000 126
0.409886 -0.779019 622374848111200848356311040.000000 144
0.295977 -0.844070 303282454015900228127817728.000000 125
-0.065162 -0.389016 -331050644589902947237169725440.000000 106
-0.145550 -0.426758 700002819222295935513043927040.000000 87
-0.115913 -0.510892 -246341106976905236810500669440.000000 88
-0.272489 -0.433048 664143296183158859721674326016.000000 67
-0.145550 -0.426758 700002819222295935513043927040.000000 87
-0.234167 -0.315104 -7197638630312033714997647376384.000000 70
-0.219573 -0.550993 1605039564321431741651360940032.000000 69
-0.378100 -0.527404 -10885407367287787745576832991232.000000 52
-0.349134 -0.668938 2095178595646949454793247031296.000000 51
-0.072500 -0.716116 51648267895349326839325655040.000000 83
-0.042377 -0.593453 164771031567176474303987187712.000000 86
-0.166657 -0.668938 -537808929456957902407679868928.000000 68
-0.272489 -0.433048 664143296183158859721674326016.000000 67
-0.378100 -0.527404 -10885407367287787745576832991232.000000 52
-0.219573 -0.550993 1605039564321431741651360940032.000000 69
0.535827 -0.844328 -167296841724193272036851712.000000 145
0.409886 -0.779019 622374848111200848356311040.000000 144
0.425779 -0.904827 -203583889253014681073745920.000000 126
0.535827 -0.844328 -167296841724193272036851712.000000 145
0.637424 -0.770513 56955107473583762820825088.000000 163
0.515708 -0.711863 -50169404570530984836988928.000000 162
0.409886 -0.779019 622374848111200848356311040.000000 144
0.282937 -0.737084 -3460015430430877650817908736.000000 127
0.295977 -0.844070 303282454015900228127817728.000000 125
0.637424 -0.770513 56955107473583762820825088.000000 163
0.728969 -0.684547 2550553272812242879905792.000000 180
0.658410 -0.623625 -33380366465657152208896000.000000 179
-0.309017 0.951057 -9912372461885582134334193664.000000 148
-0.203275 0.856480 -549022042474509821397696512.000000 149
-0.187381 0.982287 2664436561368368812063195136.000000 165
-0.109200 0.735914 10325862788930334921873948672.000000 150
-0.219168 0.730672 -17918158142701622623394070528.000000 134
-0.081324 0.616659 -36270297706312237992034435072.000000 152
-0.187381 0.982287 2664436561368368812063195136.000000 165
-0.203275 0.856480 -549022042474509821397696512.000000 149
-0.089651 0.864346 -2843727492885096226430648320.000000 166
-0.219168 0.730672 -17918158142701622623394070528.000000 134
-0.382682 0.674543 -77032351283288271143160512512.000000 115
-0.235061 0.604864 160344036512914234557908123648.000000 132
-0.089651 0.864346 -2843727492885096226430648320.000000 166
-0.109200 0.735914 10325862788930334921873948672.000000 150
0.000768 0.741156 4504455099660057235509215232.000000 167
-0.253031 -0.747568 -714989647898170876008845017088.000000 61
-0.166657 -0.668938 -537808929456957902407679868928.000000 68
-0.349134 -0.668938 2095178595646949454793247031296.000000 51
-0.060826 -0.904827 -18868252305824300775912767488.000000 82
-0.156928 -0.826197 170980876572908530176618397696.000000 81
-0.187381 -0.982287 -96417775867436468324288954368.000000 63
-0.060826 -0.904827 -18868252305824300775912767488.000000 82
-0.005837 -0.810471 -24865448451440819052623167488.000000 101
-0.156928 -0.826197 170980876572908530176618397696.000000 81
-0.232973 -0.888627 163035213383286304382277124096.000000 62
-0.156928 -0.826197 170980876572908530176618397696.000000 81
-0.253031 -0.747568 -714989647898170876008845017088.000000 61
-0.187381 -0.982287 -96417775867436468324288954368.000000 63
-0.232973 -0.888627 163035213383286304382277124096.000000 62
-0.309017 -0.951057 181050996048196459642379829248.000000 47
-0.187381 -0.982287 -96417775867436468324288954368.000000 63
-0.156928 -0.826197 170980876572908530176618397696.000000 81
-0.232973 -0.888627 163035213383286304382277124096.000000 62
-0.062791 -0.998027 22165879160683125385791012864.000000 71
-0.060826 -0.904827 -18868252305824300775912767488.000000 82
-0.187381 -0.982287 -96417775867436468324288954368.000000 63
-0.042377 -0.593453 164771031567176474303987187712.000000 86
-0.072500 -0.716116 51648267895349326839325655040.000000 83
0.034327 -0.646921 -25028488432273738490275954688.000000 102
-0.012254 -0.470791 43589399629875088356678828032.000000 105
-0.042377 -0.593453 164771031567176474303987187712.000000 86
0.034327 -0.646921 -25028488432273738490275954688.000000 102
-0.115913 -0.510892 -246341106976905236810500669440.000000 88
-0.166657 -0.668938 -537808929456957902407679868928.000000 68
-0.042377 -0.593453 164771031567176474303987187712.000000 86
-0.518255 -0.575515 51455144363332938736478814470144.000000 36
-0.616669 -0.529062 -305334695923805645941073648812032.000000 25
-0.658410 -0.623625 -11577625965062107562059497472000.000000 24
-0.433694 -0.622226 -6309354030865361572393687973888.000000 37
-0.518255 -0.575515 51455144363332938736478814470144.000000 36
-0.534148 -0.701322 -8009291871706587443498015784960.000000 31
-0.409886 -0.779019 2393813668842562418672721199104.000000 45
-0.433694 -0.622226 -6309354030865361572393687973888.000000 37
-0.534148 -0.701322 -8009291871706587443498015784960.000000 31
-0.349134 -0.668938 2095178595646949454793247031296.000000 51
-0.378100 -0.527404 -10885407367287787745576832991232.000000 52
-0.433694 -0.622226 -6309354030865361572393687973888.000000 37
-0.378100 -0.527404 -10885407367287787745576832991232.000000 52
-0.486789 -0.444362 14062517912576567996060836823040.000000 38
-0.518255 -0.575515 51455144363332938736478814470144.000000 36
0.060826 -0.904827 4689464579495577408323452928.000000 91
-0.060826 -0.904827 -18868252305824300775912767488.000000 82
-0.062791 -0.998027 22165879160683125385791012864.000000 71
-0.534148 -0.701322 -8009291871706587443498015784960.000000 31
-0.535827 -0.844328 -866985978295600188987726102528.000000 30
-0.409886 -0.779019 2393813668842562418672721199104.000000 45
-0.486789 -0.444362 14062517912576567996060836823040.000000 38
-0.378100 -0.527404 -10885407367287787745576832991232.000000 52
-0.362206 -0.401597 14470606275546282350335217369088.000000 53
-0.728969 -0.684547 -86743449164592217478504000782336.000000 14
-0.637424 -0.770513 18644595146389566228887597219840.000000 19
-0.658410 -0.623625 -11577625965062107562059497472000.000000 24
-0.321429 -0.833823 -283168963862794111792525082624.000000 46
-0.253031 -0.747568 -714989647898170876008845017088.000000 61
-0.409886 -0.779019 2393813668842562418672721199104.000000 45
-0.346313 -0.275789 30770104166565021741753607127040.000000 64
-0.362206 -0.401597 14470606275546282350335217369088.000000 53
-0.234167 -0.315104 -7197638630312033714997647376384.000000 70
-0.195844 -0.197159 -7124960625776791460717164232704.000000 84
-0.346313 -0.275789 30770104166565021741753607127040.000000 64
-0.234167 -0.315104 -7197638630312033714997647376384.000000 70
-0.658594 0.038247 1047399482373256063151175165280256.000000 29
-0.584401 -0.096754 275884410355831655374798586904576.000000 35
-0.515073 -0.029496 -273665430646502559060141734363136.000000 39
-0.330420 -0.149981 12441705536597560608481062420480.000000 66
-0.441136 -0.097722 -6498727219404563235179453218816.000000 50
-0.469331 -0.217723 -87278402656368686280860130869248.000000 49
-0.330420 -0.149981 12441705536597560608481062420480.000000 66
-0.314527 -0.024174 -11991538017359509451777568145408.000000 65
-0.441136 -0.097722 -6498727219404563235179453218816.000000 50
-0.321429 -0.833823 -283168963862794111792525082624.000000 46
-0.425779 -0.904827 -583588060285962542287440314368.000000 32
-0.309017 -0.951057 181050996048196459642379829248.000000 47
-0.378100 -0.527404 -10885407367287787745576832991232.000000 52
-0.518255 -0.575515 51455144363332938736478814470144.000000 36
-0.433694 -0.622226 -6309354030865361572393687973888.000000 37
-0.535827 -0.844328 -866985978295600188987726102528.000000 30
-0.425779 -0.904827 -583588060285962542287440314368.000000 32
-0.409886 -0.779019 2393813668842562418672721199104.000000 45
0.298634 0.101634 2318226513017660799109300224.000000 156
0.172130 0.119981 -19642823753832429253784764416.000000 137
0.196515 -0.037934 8089548522042210903799103488.000000 140
-0.216863 0.007278 5298226050358268450011592261632.000000 80
-0.157522 -0.079215 83279420781853830768494641152.000000 85
-0.119199 0.038730 -962172069512286028965882101760.000000 100
0.198854 -0.161776 6852723467755871537670914048.000000 141
0.210774 -0.256132 -9605334863161217527129833472.000000 142
0.330420 -0.149981 -1621381340352256299306582016.000000 160
-0.118071 -0.307241 2504413976883450466455965925376.000000 89
-0.195844 -0.197159 -7124960625776791460717164232704.000000 84
-0.234167 -0.315104 -7197638630312033714997647376384.000000 70
0.114121 -0.291515 82546552490846222794308452352.000000 124
0.235267 -0.407887 -28173697347043518128202973184.000000 143
0.210774 -0.256132 -9605334863161217527129833472.000000 142
0.114121 -0.291515 82546552490846222794308452352.000000 124
0.108328 -0.414177 101486973504953797853392666624.000000 123
0.235267 -0.407887 -28173697347043518128202973184.000000 143
0.198854 -0.161776 6852723467755871537670914048.000000 141
0.114121 -0.291515 82546552490846222794308452352.000000 124
0.210774 -0.256132 -9605334863161217527129833472.000000 142
0.067288 -0.173570 -84294046959696772127443124224.000000 121
-0.064278 -0.185365 954240554315516261381535956992.000000 103
-0.001975 -0.299378 -479857511438688999281369546752.000000 107
-0.012254 -0.470791 43589399629875088356678828032.000000 105
0.034327 -0.646921 -25028488432273738490275954688.000000 102
0.141155 -0.577727 -22470121179303799848244871168.000000 120
-0.064278 -0.185365 954240554315516261381535956992.000000 103
-0.035536 -0.096906 37374152182192857449368649728.000000 104
-0.157522 -0.079215 83279420781853830768494641152.000000 85
-0.001975 -0.299378 -479857511438688999281369546752.000000 107
-0.064278 -0.185365 954240554315516261381535956992.000000 103
-0.118071 -0.307241 2504413976883450466455965925376.000000 89
0.067288 -0.173570 -84294046959696772127443124224.000000 121
-0.035536 -0.096906 37374152182192857449368649728.000000 104
-0.064278 -0.185365 954240554315516261381535956992.000000 103
-0.330420 -0.149981 12441705536597560608481062420480.000000 66
-0.195844 -0.197159 -7124960625776791460717164232704.000000 84
-0.157522 -0.079215 83279420781853830768494641152.000000 85
-0.330420 -0.149981 12441705536597560608481062420480.000000 66
-0.346313 -0.275789 30770104166565021741753607127040.000000 64
-0.195844 -0.197159 -7124960625776791460717164232704.000000 84
-0.658594 0.038247 1047399482373256063151175165280256.000000 29
-0.576964 0.099699 -165763327349357413204903732445184.000000 44
-0.708183 0.161636 379354956082545598570541864714240.000000 28
-0.838383 -0.043527 17425288158334952436592996727652352.000000 12
-0.715365 -0.101593 -3230550084543457716547536824565760.000000 23
-0.773283 0.059054 -2687017870149598270482996216725504.000000 18
-0.584401 -0.096754 275884410355831655374798586904576.000000 35
-0.469331 -0.217723 -87278402656368686280860130869248.000000 49
-0.441136 -0.097722 -6498727219404563235179453218816.000000 50
-0.715365 -0.101593 -3230550084543457716547536824565760.000000 23
-0.584401 -0.096754 275884410355831655374798586904576.000000 35
-0.658594 0.038247 1047399482373256063151175165280256.000000 29
-0.773283 0.059054 -2687017870149598270482996216725504.000000 18
-0.715365 -0.101593 -3230550084543457716547536824565760.000000 23
-0.658594 0.038247 1047399482373256063151175165280256.000000 29
-0.680615 -0.197981 412516799136656730859778594570240.000000 22
-0.569181 -0.223917 363270535304311261438328828854272.000000 34
-0.584401 -0.096754 275884410355831655374798586904576.000000 35
-0.792049 -0.172045 3743348857942267875693108643495936.000000 13
-0.680615 -0.197981 412516799136656730859778594570240.000000 22
-0.715365 -0.101593 -3230550084543457716547536824565760.000000 23
-0.792049 -0.172045 3743348857942267875693108643495936.000000 13
-0.847640 -0.274036 15568183352791432106427053777092608.000000 11
-0.680489 -0.312940 -3116196941284054347721902152220672.000000 21
-0.715365 -0.101593 -3230550084543457716547536824565760.000000 23
-0.680615 -0.197981 412516799136656730859778594570240.000000 22
-0.584401 -0.096754 275884410355831655374798586904576.000000 35
-0.838383 -0.043527 17425288158334952436592996727652352.000000 12
-0.792049 -0.172045 3743348857942267875693108643495936.000000 13
-0.715365 -0.101593 -3230550084543457716547536824565760.000000 23
-0.314527 -0.024174 -11991538017359509451777568145408.000000 65
-0.298634 0.101634 -14466280674833129312335429632000.000000 73
-0.445745 0.037763 65484655329415226956623485337600.000000 54
-0.680489 -0.312940 -3116196941284054347721902152220672.000000 21
-0.592925 -0.376490 280125831570643219025877224390656.000000 33
-0.569181 -0.223917 363270535304311261438328828854272.000000 34
-0.569181 -0.223917 363270535304311261438328828854272.000000 34
-0.592925 -0.376490 280125831570643219025877224390656.000000 33
-0.443723 -0.339315 -128726315111260548118088836448256.000000 48
-0.658410 -0.623625 -11577625965062107562059497472000.000000 24
-0.616669 -0.529062 -305334695923805645941073648812032.000000 25
-0.735953 -0.529892 397801576998215866894803684818944.000000 15
-0.658410 -0.623625 -11577625965062107562059497472000.000000 24
-0.534148 -0.701322 -8009291871706587443498015784960.000000 31
-0.518255 -0.575515 51455144363332938736478814470144.000000 36
-0.443723 -0.339315 -128726315111260548118088836448256.000000 48
-0.469331 -0.217723 -87278402656368686280860130869248.000000 49
-0.569181 -0.223917 363270535304311261438328828854272.000000 34
-0.362206 -0.401597 14470606275546282350335217369088.000000 53
-0.443723 -0.339315 -128726315111260548118088836448256.000000 48
-0.486789 -0.444362 14062517912576567996060836823040.000000 38
-0.362206 -0.401597 14470606275546282350335217369088.000000 53
-0.346313 -0.275789 30770104166565021741753607127040.000000 64
-0.443723 -0.339315 -128726315111260548118088836448256.000000 48
0.247982 -0.508533 -11623191980301649612048957440.000000 139
0.141155 -0.577727 -22470121179303799848244871168.000000 120
0.298781 -0.621760 4609984629279219081096986624.000000 138
-0.156928 -0.826197 170980876572908530176618397696.000000 81
-0.072500 -0.716116 51648267895349326839325655040.000000 83
-0.166657 -0.668938 -537808929456957902407679868928.000000 68
0.164458 -0.730094 12805954260652802130501959680.000000 119
0.177179 -0.862891 1995821715242420679529725952.000000 109
0.282937 -0.737084 -3460015430430877650817908736.000000 127
0.298781 -0.621760 4609984629279219081096986624.000000 138
0.164458 -0.730094 12805954260652802130501959680.000000 119
0.282937 -0.737084 -3460015430430877650817908736.000000 127
0.034327 -0.646921 -25028488432273738490275954688.000000 102
-0.005837 -0.810471 -24865448451440819052623167488.000000 101
0.164458 -0.730094 12805954260652802130501959680.000000 119
0.108328 -0.414177 101486973504953797853392666624.000000 123
0.247982 -0.508533 -11623191980301649612048957440.000000 139
0.235267 -0.407887 -28173697347043518128202973184.000000 143
-0.115913 -0.510892 -246341106976905236810500669440.000000 88
-0.012254 -0.470791 43589399629875088356678828032.000000 105
-0.065162 -0.389016 -331050644589902947237169725440.000000 106
-0.219573 -0.550993 1605039564321431741651360940032.000000 69
-0.115913 -0.510892 -246341106976905236810500669440.000000 88
-0.145550 -0.426758 700002819222295935513043927040.000000 87
-0.219573 -0.550993 1605039564321431741651360940032.000000 69
-0.166657 -0.668938 -537808929456957902407679868928.000000 68
-0.115913 -0.510892 -246341106976905236810500669440.000000 88
-0.115913 -0.510892 -246341106976905236810500669440.000000 88
-0.042377 -0.593453 164771031567176474303987187712.000000 86
-0.012254 -0.470791 43589399629875088356678828032.000000 105
0.378100 -0.527404 392506745540802857079406592.000000 158
0.362206 -0.401597 6104497926124062348555583488.000000 159
0.247982 -0.508533 -11623191980301649612048957440.000000 139
