-0.903483 -0.146108 -215497336325089900020393548294651904.000000 5
-0.992115 -0.125333 1911119840985715903252974485549088768.000000 1
-0.968583 -0.248690 -219019471813550762099516228608458752.000000 2
-0.929776 -0.368125 17434123141515469968789452676399104.000000 3
-0.847640 -0.274036 62272733411165746872452288817922048.000000 11
-0.968583 -0.248690 -219019471813550762099516228608458752.000000 2
-0.838383 -0.043527 69701152633339837416488097474936832.000000 12
-1.000000 -0.000000 -165420759530618139889692350055710720.000000 4
-0.903483 -0.146108 -215497336325089900020393548294651904.000000 5
-0.791796 -0.401964 -13282856548489131093000241996103680.000000 10
-0.876307 -0.481754 1406724755317523606533868087148544.000000 6
-0.735953 -0.529892 1591206307992863467579214739275776.000000 15
-0.664439 -0.453191 6017746712381373820384738394767360.000000 20
-0.592925 -0.376490 1120503326282573164333885049274368.000000 33
-0.680489 -0.312940 -12464787765136222002573627036270592.000000 21
-0.616669 -0.529062 -1221338783695223016109858822815744.000000 25
-0.664439 -0.453191 6017746712381373820384738394767360.000000 20
-0.735953 -0.529892 1591206307992863467579214739275776.000000 15
-0.616669 -0.529062 -1221338783695223016109858822815744.000000 25
-0.592925 -0.376490 1120503326282573164333885049274368.000000 33
-0.664439 -0.453191 6017746712381373820384738394767360.000000 20
-0.847640 -0.274036 62272733411165746872452288817922048.000000 11
-0.929776 -0.368125 17434123141515469968789452676399104.000000 3
-0.791796 -0.401964 -13282856548489131093000241996103680.000000 10
-0.577982 0.366799 56677656829614562323362824060928.000000 58
-0.479568 0.320346 -29529182609795582259625816227840.000000 75
-0.512882 0.469380 -10874083655950874498679640686592.000000 77
-0.381154 0.273894 -30957104642612540126975422889984.000000 78
-0.528266 0.210023 130508330246851018076539016183808.000000 59
-0.413450 0.155828 63924161782655835257181936025600.000000 60
-0.389865 0.411315 9806820507361679673706936270848.000000 95
-0.479568 0.320346 -29529182609795582259625816227840.000000 75
-0.381154 0.273894 -30957104642612540126975422889984.000000 78
-0.250954 0.479057 -2051305288606645832289972387840.000000 114
-0.389865 0.411315 9806820507361679673706936270848.000000 95
-0.266847 0.353249 3556066427362462931369957785600.000000 98
-0.349368 0.525509 -1974232693067769615639428202496.000000 113
-0.447782 0.571962 2686206180269136638332198977536.000000 97
-0.389865 0.411315 9806820507361679673706936270848.000000 95
-0.577982 0.366799 56677656829614562323362824060928.000000 58
-0.528266 0.210023 130508330246851018076539016183808.000000 59
-0.479568 0.320346 -29529182609795582259625816227840.000000 75
-0.080876 0.156675 -259059692158500965939236831232.000000 110
-0.042554 0.274619 482711105753244382682912129024.000000 117
-0.162647 0.251030 -2240480539872339874395306590208.000000 99
-0.189755 0.129154 7171774766345626019348225196032.000000 93
-0.080876 0.156675 -259059692158500965939236831232.000000 110
-0.162647 0.251030 -2240480539872339874395306590208.000000 99
-0.282741 0.227442 2502159501912008286901255536640.000000 79
-0.189755 0.129154 7171774766345626019348225196032.000000 93
-0.162647 0.251030 -2240480539872339874395306590208.000000 99
-0.298634 0.101634 -57865122699332526256540973268992.000000 73
-0.216863 0.007278 21192904201433082807245623787520.000000 80
-0.189755 0.129154 7171774766345626019348225196032.000000 93
0.198854 -0.161776 27410893871023472956544122880.000000 141
0.078503 -0.051694 -75414810535545076672265977856.000000 122
0.067288 -0.173570 -337176187838787369984749207552.000000 121
0.125317 0.034143 -162959200403088044358377668608.000000 128
0.020079 0.059698 746515386281857791609825918976.000000 118
0.078503 -0.051694 -75414810535545076672265977856.000000 122
0.196515 -0.037934 32358194088168852411289436160.000000 140
0.125317 0.034143 -162959200403088044358377668608.000000 128
0.078503 -0.051694 -75414810535545076672265977856.000000 122
0.172130 0.119981 -78571295015329725811232079872.000000 137
0.020079 0.059698 746515386281857791609825918976.000000 118
0.125317 0.034143 -162959200403088044358377668608.000000 128
0.282741 0.227442 4438256458736727434691870720.000000 155
0.172130 0.119981 -78571295015329725811232079872.000000 137
0.298634 0.101634 9272906052070646494972084224.000000 156
0.282741 0.227442 4438256458736727434691870720.000000 155
0.163714 0.327039 -9873252095380765341508435968.000000 153
0.167922 0.223510 59927857487629983135066750976.000000 147
-0.080876 0.156675 -259059692158500965939236831232.000000 110
-0.119199 0.038730 -3848688278049146367663342092288.000000 100
0.020079 0.059698 746515386281857791609825918976.000000 118
-0.838383 -0.043527 69701152633339837416488097474936832.000000 12
-0.915249 0.040903 11950104036969445863830064679878656.000000 9
-1.000000 -0.000000 -165420759530618139889692350055710720.000000 4
-0.903483 -0.146108 -215497336325089900020393548294651904.000000 5
-1.000000 -0.000000 -165420759530618139889692350055710720.000000 4
-0.992115 -0.125333 1911119840985715903252974485549088768.000000 1
-0.362206 -0.401597 57882425102185120394141614735360.000000 53
-0.378100 -0.527404 -43541629469151168996705841446912.000000 52
-0.272489 -0.433048 2656573184732643320186045202432.000000 67
-0.847640 -0.274036 62272733411165746872452288817922048.000000 11
-0.903483 -0.146108 -215497336325089900020393548294651904.000000 5
-0.968583 -0.248690 -219019471813550762099516228608458752.000000 2
-0.847640 -0.274036 62272733411165746872452288817922048.000000 11
-0.792049 -0.172045 14973395431769071502772434573983744.000000 13
-0.903483 -0.146108 -215497336325089900020393548294651904.000000 5
-0.876307 -0.481754 1406724755317523606533868087148544.000000 6
-0.791796 -0.401964 -13282856548489131093000241996103680.000000 10
-0.929776 -0.368125 17434123141515469968789452676399104.000000 3
-0.664439 -0.453191 6017746712381373820384738394767360.000000 20
-0.791796 -0.401964 -13282856548489131093000241996103680.000000 10
-0.735953 -0.529892 1591206307992863467579214739275776.000000 15
-0.680615 -0.197981 1650067196546627788130242833416192.000000 22
-0.680489 -0.312940 -12464787765136222002573627036270592.000000 21
-0.569181 -0.223917 1453082141217245333983691467128832.000000 34
-0.680615 -0.197981 1650067196546627788130242833416192.000000 22
-0.792049 -0.172045 14973395431769071502772434573983744.000000 13
-0.680489 -0.312940 -12464787765136222002573627036270592.000000 21
-0.515073 -0.029496 -1094661722586010524470943089164288.000000 39
-0.441136 -0.097722 -25994908877618194393922657058816.000000 50
-0.445745 0.037763 261938621317661015912884998242304.000000 54
-0.330420 -0.149981 49766822146390260448322759163904.000000 66
-0.469331 -0.217723 -349113610625475105411410713116672.000000 49
-0.346313 -0.275789 123080416666260177039006975918080.000000 64
-0.838383 -0.043527 69701152633339837416488097474936832.000000 12
-0.903483 -0.146108 -215497336325089900020393548294651904.000000 5
-0.792049 -0.172045 14973395431769071502772434573983744.000000 13
-0.735953 -0.529892 1591206307992863467579214739275776.000000 15
-0.809017 -0.587785 -1059388558383066926809530247413760.000000 7
-0.728969 -0.684547 -346973796658368581683639851417600.000000 14
-0.346313 -0.275789 123080416666260177039006975918080.000000 64
-0.469331 -0.217723 -349113610625475105411410713116672.000000 49
-0.443723 -0.339315 -514905260445042264529949383720960.000000 48
-0.876307 -0.481754 1406724755317523606533868087148544.000000 6
-0.809017 -0.587785 -1059388558383066926809530247413760.000000 7
-0.735953 -0.529892 1591206307992863467579214739275776.000000 15
-0.309017 0.951057 -39649489847542328537336774656.000000 148
-0.317582 0.777124 77954564386309056583998373888.000000 131
-0.203275 0.856480 -2196088169898042584125669376.000000 149
-0.915249 0.040903 11950104036969445863830064679878656.000000 9
-0.992115 0.125333 16183179400838075100771003813330944.000000 8
-1.000000 -0.000000 -165420759530618139889692350055710720.000000 4
-0.773283 0.059054 -10748071480598397693618003294289920.000000 18
-0.915249 0.040903 11950104036969445863830064679878656.000000 9
-0.838383 -0.043527 69701152633339837416488097474936832.000000 12
-0.773283 0.059054 -10748071480598397693618003294289920.000000 18
-0.838383 0.205163 -3231730573388579784271449204719616.000000 17
-0.915249 0.040903 11950104036969445863830064679878656.000000 9
-0.317582 0.777124 77954564386309056583998373888.000000 131
-0.309017 0.951057 -39649489847542328537336774656.000000 148
-0.425779 0.904827 57430330633000703696190832640.000000 130
-0.447782 0.737755 -208362173631667450788949524480.000000 112
-0.425779 0.904827 57430330633000703696190832640.000000 130
-0.535827 0.844328 -66291661308378880853374140416.000000 111
-0.992115 0.125333 16183179400838075100771003813330944.000000 8
-0.915249 0.040903 11950104036969445863830064679878656.000000 9
-0.838383 0.205163 -3231730573388579784271449204719616.000000 17
-0.382682 0.674543 -308129405133153225310130405376.000000 115
-0.447782 0.571962 2686206180269136638332198977536.000000 97
-0.349368 0.525509 -1974232693067769615639428202496.000000 113
-0.425779 0.904827 57430330633000703696190832640.000000 130
-0.447782 0.737755 -208362173631667450788949524480.000000 112
-0.317582 0.777124 77954564386309056583998373888.000000 131
-0.382682 0.674543 -308129405133153225310130405376.000000 115
-0.349368 0.525509 -1974232693067769615639428202496.000000 113
-0.235061 0.604864 641376146051656938231632494592.000000 132
-0.816683 0.308437 670821492511968402935409396416512.000000 27
-0.968583 0.248690 -2096157202683256922787846826229760.000000 16
-0.838383 0.205163 -3231730573388579784271449204719616.000000 17
-0.816683 0.308437 670821492511968402935409396416512.000000 27
-0.929776 0.368125 205690704713156219541907526647808.000000 26
-0.968583 0.248690 -2096157202683256922787846826229760.000000 16
-0.708183 0.161636 1517419824330182394282167458856960.000000 28
-0.816683 0.308437 670821492511968402935409396416512.000000 27
-0.838383 0.205163 -3231730573388579784271449204719616.000000 17
-0.794983 0.411712 -120305921898647443356719591194624.000000 41
-0.929776 0.368125 205690704713156219541907526647808.000000 26
-0.816683 0.308437 670821492511968402935409396416512.000000 27
-0.314527 -0.024174 -47966152069438073835907291545600.000000 65
-0.330420 -0.149981 49766822146390260448322759163904.000000 66
-0.157522 -0.079215 333117683127418489667466559488.000000 85
-0.080876 0.156675 -259059692158500965939236831232.000000 110
-0.189755 0.129154 7171774766345626019348225196032.000000 93
-0.119199 0.038730 -3848688278049146367663342092288.000000 100
-0.576964 0.099699 -663053309397430085165179157348352.000000 44
-0.528266 0.210023 130508330246851018076539016183808.000000 59
-0.643082 0.264217 -145205387116910162853115417591808.000000 43
-0.773283 0.059054 -10748071480598397693618003294289920.000000 18
-0.658594 0.038247 4189597929493027134908462178238464.000000 29
-0.708183 0.161636 1517419824330182394282167458856960.000000 28
-0.445745 0.037763 261938621317661015912884998242304.000000 54
-0.413450 0.155828 63924161782655835257181936025600.000000 60
-0.576964 0.099699 -663053309397430085165179157348352.000000 44
-0.216863 0.007278 21192904201433082807245623787520.000000 80
-0.298634 0.101634 -57865122699332526256540973268992.000000 73
-0.314527 -0.024174 -47966152069438073835907291545600.000000 65
-0.157522 -0.079215 333117683127418489667466559488.000000 85
-0.216863 0.007278 21192904201433082807245623787520.000000 80
-0.314527 -0.024174 -47966152069438073835907291545600.000000 65
-0.119199 0.038730 -3848688278049146367663342092288.000000 100
-0.189755 0.129154 7171774766345626019348225196032.000000 93
-0.216863 0.007278 21192904201433082807245623787520.000000 80
-0.576964 0.099699 -663053309397430085165179157348352.000000 44
-0.643082 0.264217 -145205387116910162853115417591808.000000 43
-0.708183 0.161636 1517419824330182394282167458856960.000000 28
-0.413450 0.155828 63924161782655835257181936025600.000000 60
-0.528266 0.210023 130508330246851018076539016183808.000000 59
-0.576964 0.099699 -663053309397430085165179157348352.000000 44
-0.298634 0.101634 -57865122699332526256540973268992.000000 73
-0.413450 0.155828 63924161782655835257181936025600.000000 60
-0.445745 0.037763 261938621317661015912884998242304.000000 54
-0.298634 0.101634 -57865122699332526256540973268992.000000 73
-0.282741 0.227442 2502159501912008286901255536640.000000 79
-0.413450 0.155828 63924161782655835257181936025600.000000 60
-0.381154 0.273894 -30957104642612540126975422889984.000000 78
-0.266847 0.353249 3556066427362462931369957785600.000000 98
-0.389865 0.411315 9806820507361679673706936270848.000000 95
-0.381154 0.273894 -30957104642612540126975422889984.000000 78
-0.282741 0.227442 2502159501912008286901255536640.000000 79
-0.266847 0.353249 3556066427362462931369957785600.000000 98
-0.528266 0.210023 130508330246851018076539016183808.000000 59
-0.381154 0.273894 -30957104642612540126975422889984.000000 78
-0.479568 0.320346 -29529182609795582259625816227840.000000 75
-0.413450 0.155828 63924161782655835257181936025600.000000 60
-0.282741 0.227442 2502159501912008286901255536640.000000 79
-0.381154 0.273894 -30957104642612540126975422889984.000000 78
-0.577982 0.366799 56677656829614562323362824060928.000000 58
-0.643082 0.264217 -145205387116910162853115417591808.000000 43
-0.528266 0.210023 130508330246851018076539016183808.000000 59
-0.577982 0.366799 56677656829614562323362824060928.000000 58
-0.610532 0.481301 62353273523619532898360774098944.000000 57
-0.719033 0.337964 -325454058862970244521245437591552.000000 42
-0.621382 0.574733 -11536404166777999986936225202176.000000 76
-0.708183 0.493222 72194502477551586602232584339456.000000 56
-0.610532 0.481301 62353273523619532898360774098944.000000 57
-0.719033 0.337964 -325454058862970244521245437591552.000000 42
-0.816683 0.308437 670821492511968402935409396416512.000000 27
-0.708183 0.161636 1517419824330182394282167458856960.000000 28
-0.577982 0.366799 56677656829614562323362824060928.000000 58
-0.719033 0.337964 -325454058862970244521245437591552.000000 42
-0.643082 0.264217 -145205387116910162853115417591808.000000 43
-0.794983 0.411712 -120305921898647443356719591194624.000000 41
-0.816683 0.308437 670821492511968402935409396416512.000000 27
-0.719033 0.337964 -325454058862970244521245437591552.000000 42
-0.708183 0.493222 72194502477551586602232584339456.000000 56
-0.794983 0.411712 -120305921898647443356719591194624.000000 41
-0.719033 0.337964 -325454058862970244521245437591552.000000 42
-0.610532 0.481301 62353273523619532898360774098944.000000 57
-0.708183 0.493222 72194502477551586602232584339456.000000 56
-0.719033 0.337964 -325454058862970244521245437591552.000000 42
-0.512882 0.469380 -10874083655950874498679640686592.000000 77
-0.610532 0.481301 62353273523619532898360774098944.000000 57
-0.577982 0.366799 56677656829614562323362824060928.000000 58
-0.512882 0.469380 -10874083655950874498679640686592.000000 77
-0.621382 0.574733 -11536404166777999986936225202176.000000 76
-0.610532 0.481301 62353273523619532898360774098944.000000 57
-0.621382 0.574733 -11536404166777999986936225202176.000000 76
-0.809017 0.587785 -17968285564730975403559008337920.000000 55
-0.708183 0.493222 72194502477551586602232584339456.000000 56
-0.876307 0.481754 -16634165771161871503096528502784.000000 40
-0.929776 0.368125 205690704713156219541907526647808.000000 26
-0.794983 0.411712 -120305921898647443356719591194624.000000 41
-0.445745 0.037763 261938621317661015912884998242304.000000 54
-0.441136 -0.097722 -25994908877618194393922657058816.000000 50
-0.314527 -0.024174 -47966152069438073835907291545600.000000 65
-0.838383 0.205163 -3231730573388579784271449204719616.000000 17
-0.773283 0.059054 -10748071480598397693618003294289920.000000 18
-0.708183 0.161636 1517419824330182394282167458856960.000000 28
-0.643082 0.264217 -145205387116910162853115417591808.000000 43
-0.719033 0.337964 -325454058862970244521245437591552.000000 42
-0.708183 0.161636 1517419824330182394282167458856960.000000 28
-0.968583 0.248690 -2096157202683256922787846826229760.000000 16
-0.992115 0.125333 16183179400838075100771003813330944.000000 8
-0.838383 0.205163 -3231730573388579784271449204719616.000000 17
-0.515073 -0.029496 -1094661722586010524470943089164288.000000 39
-0.576964 0.099699 -663053309397430085165179157348352.000000 44
-0.658594 0.038247 4189597929493027134908462178238464.000000 29
-0.441136 -0.097722 -25994908877618194393922657058816.000000 50
-0.515073 -0.029496 -1094661722586010524470943089164288.000000 39
-0.584401 -0.096754 1103537641423326621499194347618304.000000 35
-0.445745 0.037763 261938621317661015912884998242304.000000 54
-0.576964 0.099699 -663053309397430085165179157348352.000000 44
-0.515073 -0.029496 -1094661722586010524470943089164288.000000 39
-0.794983 0.411712 -120305921898647443356719591194624.000000 41
-0.708183 0.493222 72194502477551586602232584339456.000000 56
-0.876307 0.481754 -16634165771161871503096528502784.000000 40
-0.447782 0.571962 2686206180269136638332198977536.000000 97
-0.534582 0.656244 1317934590149921205036402081792.000000 96
-0.621382 0.574733 -11536404166777999986936225202176.000000 76
-0.389865 0.411315 9806820507361679673706936270848.000000 95
-0.447782 0.571962 2686206180269136638332198977536.000000 97
-0.512882 0.469380 -10874083655950874498679640686592.000000 77
-0.479568 0.320346 -29529182609795582259625816227840.000000 75
-0.389865 0.411315 9806820507361679673706936270848.000000 95
-0.512882 0.469380 -10874083655950874498679640686592.000000 77
-0.250954 0.479057 -2051305288606645832289972387840.000000 114
-0.235061 0.604864 641376146051656938231632494592.000000 132
-0.349368 0.525509 -1974232693067769615639428202496.000000 113
-0.382682 0.674543 -308129405133153225310130405376.000000 115
-0.534582 0.656244 1317934590149921205036402081792.000000 96
-0.447782 0.571962 2686206180269136638332198977536.000000 97
-0.728969 0.684547 8891872137470410608823507091456.000000 74
-0.809017 0.587785 -17968285564730975403559008337920.000000 55
-0.621382 0.574733 -11536404166777999986936225202176.000000 76
-0.447782 0.737755 -208362173631667450788949524480.000000 112
-0.382682 0.674543 -308129405133153225310130405376.000000 115
-0.317582 0.777124 77954564386309056583998373888.000000 131
-0.534582 0.656244 1317934590149921205036402081792.000000 96
-0.447782 0.737755 -208362173631667450788949524480.000000 112
-0.535827 0.844328 -66291661308378880853374140416.000000 111
-0.534582 0.656244 1317934590149921205036402081792.000000 96
-0.382682 0.674543 -308129405133153225310130405376.000000 115
-0.447782 0.737755 -208362173631667450788949524480.000000 112
-0.728969 0.684547 8891872137470410608823507091456.000000 74
-0.631775 0.670396 709039345263173314797908262912.000000 92
-0.637424 0.770513 -1769387780897595158525745561600.000000 94
-0.621382 0.574733 -11536404166777999986936225202176.000000 76
-0.512882 0.469380 -10874083655950874498679640686592.000000 77
-0.447782 0.571962 2686206180269136638332198977536.000000 97
-0.631775 0.670396 709039345263173314797908262912.000000 92
-0.534582 0.656244 1317934590149921205036402081792.000000 96
-0.637424 0.770513 -1769387780897595158525745561600.000000 94
-0.621382 0.574733 -11536404166777999986936225202176.000000 76
-0.631775 0.670396 709039345263173314797908262912.000000 92
-0.728969 0.684547 8891872137470410608823507091456.000000 74
-0.621382 0.574733 -11536404166777999986936225202176.000000 76
-0.534582 0.656244 1317934590149921205036402081792.000000 96
-0.631775 0.670396 709039345263173314797908262912.000000 92
0.794983 0.411712 -6910053077606157959299072.000000 236
0.929776 0.368125 -6882336509062727541456896.000000 237
0.876307 0.481754 14967667998512749373030400.000000 242
0.708183 0.493222 -20860163817739610956496896.000000 238
0.794983 0.411712 -6910053077606157959299072.000000 236
0.876307 0.481754 14967667998512749373030400.000000 242
0.610532 0.481301 35715250889069043866664960.000000 223
0.577982 0.366799 -60757782574206494181425152.000000 208
0.719033 0.337964 22329681836959550138220544.000000 222
0.349368 0.525509 1122249141029919616785186816.000000 189
0.512882 0.469380 -234597050072059054215135232.000000 207
0.447782 0.571962 -331990634437626043320762368.000000 205
0.349368 0.525509 1122249141029919616785186816.000000 189
0.422415 0.360024 266883509174370947792109568.000000 190
0.512882 0.469380 -234597050072059054215135232.000000 207
0.445745 0.037763 -332799414505871249674076160.000000 170
0.314527 -0.024174 -7319973777187045498591117312.000000 157
0.441136 -0.097722 3024803171699789501531422720.000000 175
0.643082 0.264217 -114971970241127189103771648.000000 206
0.522968 0.251959 302574900487706912795656192.000000 191
0.571666 0.141635 459742817935056521939386368.000000 188
0.794983 0.245918 23927073326830113349697536.000000 220
0.719033 0.337964 22329681836959550138220544.000000 222
0.643082 0.264217 -114971970241127189103771648.000000 206
0.870933 0.153872 11224342204549396567162880.000000 219
0.794983 0.245918 23927073326830113349697536.000000 220
0.708183 0.161636 -80428567410279764910407680.000000 204
0.870933 0.153872 11224342204549396567162880.000000 219
0.968583 0.248690 -10093872566398836474380288.000000 230
0.794983 0.245918 23927073326830113349697536.000000 220
0.577982 0.366799 -60757782574206494181425152.000000 208
0.422415 0.360024 266883509174370947792109568.000000 190
0.522968 0.251959 302574900487706912795656192.000000 191
0.040329 0.180264 -157841588537981204908226904064.000000 129
0.167922 0.223510 59927857487629983135066750976.000000 147
0.060580 0.300829 -38773133551931762387762282496.000000 136
0.794983 0.245918 23927073326830113349697536.000000 220
0.643082 0.264217 -114971970241127189103771648.000000 206
0.708183 0.161636 -80428567410279764910407680.000000 204
0.708183 0.493222 -20860163817739610956496896.000000 238
0.719033 0.337964 22329681836959550138220544.000000 222
0.794983 0.411712 -6910053077606157959299072.000000 236
0.577982 0.366799 -60757782574206494181425152.000000 208
0.643082 0.264217 -114971970241127189103771648.000000 206
0.719033 0.337964 22329681836959550138220544.000000 222
0.915249 0.040903 -1711089677800194248278016.000000 228
0.773283 0.059054 5811424899418958816346112.000000 215
0.838383 -0.043527 -19443152759496429000458240.000000 225
1.000000 -0.000000 13218000015278258434080768.000000 240
0.915249 0.040903 -1711089677800194248278016.000000 228
0.838383 -0.043527 -19443152759496429000458240.000000 225
0.992115 0.125333 -3416860314336659561775104.000000 233
0.968583 0.248690 -10093872566398836474380288.000000 230
0.870933 0.153872 11224342204549396567162880.000000 219
0.794983 0.245918 23927073326830113349697536.000000 220
0.929776 0.368125 -6882336509062727541456896.000000 237
0.794983 0.411712 -6910053077606157959299072.000000 236
0.062791 0.998027 -330542906922603860665040896.000000 198
0.023973 0.872212 -103536765005273734041305088.000000 184
0.187381 0.982287 -458438854407599966952357888.000000 199
0.425779 0.904827 76278837620106219231379456.000000 216
0.309017 0.951057 -714252334794821499944435712.000000 214
0.360982 0.819266 311899909478980367429926912.000000 203
0.309017 0.951057 -714252334794821499944435712.000000 214
0.203275 0.856480 1856883087659657378301739008.000000 200
0.360982 0.819266 311899909478980367429926912.000000 203
0.382682 0.674543 913611940136291440550477824.000000 202
0.447782 0.737755 -222286026534514592732676096.000000 218
0.360982 0.819266 311899909478980367429926912.000000 203
0.512882 0.469380 -234597050072059054215135232.000000 207
0.621382 0.574733 97335403204103267573301248.000000 221
0.447782 0.571962 -331990634437626043320762368.000000 205
0.719033 0.337964 22329681836959550138220544.000000 222
0.708183 0.493222 -20860163817739610956496896.000000 238
0.610532 0.481301 35715250889069043866664960.000000 223
0.809017 0.587785 -22980165937618573798146048.000000 235
0.728969 0.684547 -31424581073556356733075456.000000 234
0.621382 0.574733 97335403204103267573301248.000000 221
0.621382 0.574733 97335403204103267573301248.000000 221
0.534582 0.656244 -68009835917948565843869696.000000 217
0.447782 0.571962 -331990634437626043320762368.000000 205
0.809017 0.587785 -22980165937618573798146048.000000 235
0.621382 0.574733 97335403204103267573301248.000000 221
0.708183 0.493222 -20860163817739610956496896.000000 238
0.631775 0.670396 -1381585108541267945455616.000000 229
0.534582 0.656244 -68009835917948565843869696.000000 217
0.621382 0.574733 97335403204103267573301248.000000 221
0.728969 0.684547 -31424581073556356733075456.000000 234
0.631775 0.670396 -1381585108541267945455616.000000 229
0.621382 0.574733 97335403204103267573301248.000000 221
0.728969 0.684547 -31424581073556356733075456.000000 234
0.637424 0.770513 9950030685808350097047552.000000 231
0.631775 0.670396 -1381585108541267945455616.000000 229
0.447782 0.737755 -222286026534514592732676096.000000 218
0.425779 0.904827 76278837620106219231379456.000000 216
0.360982 0.819266 311899909478980367429926912.000000 203
0.794983 0.245918 23927073326830113349697536.000000 220
0.794983 0.411712 -6910053077606157959299072.000000 236
0.719033 0.337964 22329681836959550138220544.000000 222
0.610532 0.481301 35715250889069043866664960.000000 223
0.621382 0.574733 97335403204103267573301248.000000 221
0.512882 0.469380 -234597050072059054215135232.000000 207
0.577982 0.366799 -60757782574206494181425152.000000 208
0.610532 0.481301 35715250889069043866664960.000000 223
0.512882 0.469380 -234597050072059054215135232.000000 207
0.708183 0.493222 -20860163817739610956496896.000000 238
0.621382 0.574733 97335403204103267573301248.000000 221
0.610532 0.481301 35715250889069043866664960.000000 223
0.637424 0.770513 9950030685808350097047552.000000 231
0.534582 0.656244 -68009835917948565843869696.000000 217
0.631775 0.670396 -1381585108541267945455616.000000 229
0.637424 0.770513 9950030685808350097047552.000000 231
0.535827 0.844328 79472586533699369352298496.000000 232
0.534582 0.656244 -68009835917948565843869696.000000 217
0.235061 0.604864 -2467916764223530032538058752.000000 186
0.219168 0.730672 -3253132710222627087723790336.000000 187
0.072414 0.628453 26816327467020251790959443968.000000 169
0.447782 0.737755 -222286026534514592732676096.000000 218
0.535827 0.844328 79472586533699369352298496.000000 232
0.425779 0.904827 76278837620106219231379456.000000 216
0.534582 0.656244 -68009835917948565843869696.000000 217
0.447782 0.737755 -222286026534514592732676096.000000 218
0.382682 0.674543 913611940136291440550477824.000000 202
0.534582 0.656244 -68009835917948565843869696.000000 217
0.535827 0.844328 79472586533699369352298496.000000 232
0.447782 0.737755 -222286026534514592732676096.000000 218
-0.135539 0.372907 11737730395752901399355064320.000000 116
-0.250954 0.479057 -2051305288606645832289972387840.000000 114
-0.266847 0.353249 3556066427362462931369957785600.000000 98
0.060580 0.300829 -38773133551931762387762282496.000000 136
-0.004231 0.392564 -123958011666272760908956565504.000000 135
-0.042554 0.274619 482711105753244382682912129024.000000 117
0.040329 0.180264 -157841588537981204908226904064.000000 129
0.060580 0.300829 -38773133551931762387762282496.000000 136
-0.042554 0.274619 482711105753244382682912129024.000000 117
0.163714 0.327039 -9873252095380765341508435968.000000 153
0.123361 0.435810 28238343902007014119132102656.000000 154
0.060580 0.300829 -38773133551931762387762282496.000000 136
-0.080876 0.156675 -259059692158500965939236831232.000000 110
0.020079 0.059698 746515386281857791609825918976.000000 118
0.040329 0.180264 -157841588537981204908226904064.000000 129
0.266847 0.353249 -2877057887440286160261218304.000000 172
0.250954 0.479057 -3968181789806016408531763200.000000 171
0.123361 0.435810 28238343902007014119132102656.000000 154
-0.108431 0.494783 279903200202180732310773563392.000000 133
-0.250954 0.479057 -2051305288606645832289972387840.000000 114
-0.135539 0.372907 11737730395752901399355064320.000000 116
-0.004231 0.392564 -123958011666272760908956565504.000000 135
-0.108431 0.494783 279903200202180732310773563392.000000 133
-0.135539 0.372907 11737730395752901399355064320.000000 116
0.034091 0.510509 -10927429313452551182936440832.000000 151
0.072414 0.628453 26816327467020251790959443968.000000 169
-0.081324 0.616659 -145081190825248987152509829120.000000 152
0.034091 0.510509 -10927429313452551182936440832.000000 151
0.123361 0.435810 28238343902007014119132102656.000000 154
0.134576 0.557687 -7354762858391503815458160640.000000 168
0.381154 0.273894 64710764199793669884084224.000000 173
0.266847 0.353249 -2877057887440286160261218304.000000 172
0.282741 0.227442 4438256458736727434691870720.000000 155
0.413450 0.155828 -2251989381449027612963766272.000000 174
0.445745 0.037763 -332799414505871249674076160.000000 170
0.571666 0.141635 459742817935056521939386368.000000 188
0.282741 0.227442 4438256458736727434691870720.000000 155
0.413450 0.155828 -2251989381449027612963766272.000000 174
0.381154 0.273894 64710764199793669884084224.000000 173
0.298634 0.101634 9272906052070646494972084224.000000 156
0.445745 0.037763 -332799414505871249674076160.000000 170
0.413450 0.155828 -2251989381449027612963766272.000000 174
0.577982 0.366799 -60757782574206494181425152.000000 208
0.512882 0.469380 -234597050072059054215135232.000000 207
0.422415 0.360024 266883509174370947792109568.000000 190
0.134576 0.557687 -7354762858391503815458160640.000000 168
0.235061 0.604864 -2467916764223530032538058752.000000 186
0.072414 0.628453 26816327467020251790959443968.000000 169
0.034091 0.510509 -10927429313452551182936440832.000000 151
0.134576 0.557687 -7354762858391503815458160640.000000 168
0.072414 0.628453 26816327467020251790959443968.000000 169
0.123361 0.435810 28238343902007014119132102656.000000 154
0.250954 0.479057 -3968181789806016408531763200.000000 171
0.134576 0.557687 -7354762858391503815458160640.000000 168
0.422415 0.360024 266883509174370947792109568.000000 190
0.349368 0.525509 1122249141029919616785186816.000000 189
0.266847 0.353249 -2877057887440286160261218304.000000 172
0.349368 0.525509 1122249141029919616785186816.000000 189
0.235061 0.604864 -2467916764223530032538058752.000000 186
0.250954 0.479057 -3968181789806016408531763200.000000 171
0.266847 0.353249 -2877057887440286160261218304.000000 172
0.349368 0.525509 1122249141029919616785186816.000000 189
0.250954 0.479057 -3968181789806016408531763200.000000 171
0.447782 0.571962 -331990634437626043320762368.000000 205
0.382682 0.674543 913611940136291440550477824.000000 202
0.349368 0.525509 1122249141029919616785186816.000000 189
0.023973 0.872212 -103536765005273734041305088.000000 184
0.062791 0.998027 -330542906922603860665040896.000000 198
-0.062791 0.998027 2025334627318839293950033920.000000 182
-0.089651 0.864346 -11374909971540387104745848832.000000 166
0.023973 0.872212 -103536765005273734041305088.000000 184
-0.062791 0.998027 2025334627318839293950033920.000000 182
-0.187381 0.982287 10657746245473475248252780544.000000 165
-0.089651 0.864346 -11374909971540387104745848832.000000 166
-0.062791 0.998027 2025334627318839293950033920.000000 182
-0.203275 0.856480 -2196088169898042584125669376.000000 149
-0.109200 0.735914 41303451155721339687495794688.000000 150
-0.089651 0.864346 -11374909971540387104745848832.000000 166
0.000768 0.741156 18017820398640231141060116480.000000 167
0.110736 0.746398 -7746302099199363414551953408.000000 183
0.023973 0.872212 -103536765005273734041305088.000000 184
0.219168 0.730672 -3253132710222627087723790336.000000 187
0.110736 0.746398 -7746302099199363414551953408.000000 183
0.072414 0.628453 26816327467020251790959443968.000000 169
0.203275 0.856480 1856883087659657378301739008.000000 200
0.187381 0.982287 -458438854407599966952357888.000000 199
0.023973 0.872212 -103536765005273734041305088.000000 184
0.187381 0.982287 -458438854407599966952357888.000000 199
0.203275 0.856480 1856883087659657378301739008.000000 200
0.309017 0.951057 -714252334794821499944435712.000000 214
-0.235061 0.604864 641376146051656938231632494592.000000 132
-0.250954 0.479057 -2051305288606645832289972387840.000000 114
-0.108431 0.494783 279903200202180732310773563392.000000 133
-0.109200 0.735914 41303451155721339687495794688.000000 150
-0.203275 0.856480 -2196088169898042584125669376.000000 149
-0.219168 0.730672 -71672632570806446513111171072.000000 134
0.072414 0.628453 26816327467020251790959443968.000000 169
0.000768 0.741156 18017820398640231141060116480.000000 167
-0.081324 0.616659 -145081190825248987152509829120.000000 152
0.000768 0.741156 18017820398640231141060116480.000000 167
0.023973 0.872212 -103536765005273734041305088.000000 184
-0.089651 0.864346 -11374909971540387104745848832.000000 166
-0.219168 0.730672 -71672632570806446513111171072.000000 134
-0.317582 0.777124 77954564386309056583998373888.000000 131
-0.382682 0.674543 -308129405133153225310130405376.000000 115
-0.108431 0.494783 279903200202180732310773563392.000000 133
-0.081324 0.616659 -145081190825248987152509829120.000000 152
-0.235061 0.604864 641376146051656938231632494592.000000 132
-0.203275 0.856480 -2196088169898042584125669376.000000 149
-0.317582 0.777124 77954564386309056583998373888.000000 131
-0.219168 0.730672 -71672632570806446513111171072.000000 134
0.809017 0.587785 -22980165937618573798146048.000000 235
0.708183 0.493222 -20860163817739610956496896.000000 238
0.876307 0.481754 14967667998512749373030400.000000 242
0.469331 -0.217723 -3407708272934722738172461056.000000 178
0.443723 -0.339315 -7002370255545277000083046400.000000 177
0.569181 -0.223917 1456314856704073445677203456.000000 195
0.992115 -0.125333 10212140544842939559313408.000000 243
0.903483 -0.146108 -26705867129604588045336576.000000 239
0.968583 -0.248690 -987051184448229724913664.000000 241
0.992115 -0.125333 10212140544842939559313408.000000 243
1.000000 -0.000000 13218000015278258434080768.000000 240
0.903483 -0.146108 -26705867129604588045336576.000000 239
-0.616669 -0.529062 -1221338783695223016109858822815744.000000 25
-0.518255 -0.575515 205820577453331827003509295808512.000000 36
-0.486789 -0.444362 56250071650306326027438875738112.000000 38
-0.728969 -0.684547 -346973796658368581683639851417600.000000 14
-0.658410 -0.623625 -46310503860248520320230537297920.000000 24
-0.735953 -0.529892 1591206307992863467579214739275776.000000 15
-0.433694 -0.622226 -25237416123461455296774006636544.000000 37
-0.409886 -0.779019 9575254675370250800590791639040.000000 45
-0.349134 -0.668938 8380714382587803448672522338304.000000 51
-0.637424 -0.770513 74578380585558255908351134138368.000000 19
-0.534148 -0.701322 -32037167486826345270392435769344.000000 31
-0.658410 -0.623625 -46310503860248520320230537297920.000000 24
-0.637424 -0.770513 74578380585558255908351134138368.000000 19
-0.535827 -0.844328 -3467943913182403007750718095360.000000 30
-0.534148 -0.701322 -32037167486826345270392435769344.000000 31
0.664439 -0.453191 -259344935906029134663385088.000000 197
0.736206 -0.299972 -498260396270683681407893504.000000 212
0.592925 -0.376490 1482851964064711845227790336.000000 194
0.736206 -0.299972 -498260396270683681407893504.000000 212
0.792049 -0.172045 114678909130514423925964800.000000 224
0.680615 -0.197981 -218852456802622296092049408.000000 209
0.929776 -0.368125 -58657897747017638772473856.000000 226
0.847640 -0.274036 51319826451279774727798784.000000 227
0.791796 -0.401964 136446637376255495086538752.000000 213
0.929776 -0.368125 -58657897747017638772473856.000000 226
0.968583 -0.248690 -987051184448229724913664.000000 241
0.847640 -0.274036 51319826451279774727798784.000000 227
0.715365 -0.101593 22638122182049874980110336.000000 210
0.584401 -0.096754 -71993931395598056201125888.000000 192
0.680615 -0.197981 -218852456802622296092049408.000000 209
0.773283 0.059054 5811424899418958816346112.000000 215
0.715365 -0.101593 22638122182049874980110336.000000 210
0.838383 -0.043527 -19443152759496429000458240.000000 225
0.662567 0.006795 34034346465331294500814848.000000 201
0.708183 0.161636 -80428567410279764910407680.000000 204
0.571666 0.141635 459742817935056521939386368.000000 188
-0.592925 -0.376490 1120503326282573164333885049274368.000000 33
-0.486789 -0.444362 56250071650306326027438875738112.000000 38
-0.443723 -0.339315 -514905260445042264529949383720960.000000 48
-0.791796 -0.401964 -13282856548489131093000241996103680.000000 10
-0.664439 -0.453191 6017746712381373820384738394767360.000000 20
-0.680489 -0.312940 -12464787765136222002573627036270592.000000 21
-0.616669 -0.529062 -1221338783695223016109858822815744.000000 25
-0.486789 -0.444362 56250071650306326027438875738112.000000 38
-0.592925 -0.376490 1120503326282573164333885049274368.000000 33
-0.584401 -0.096754 1103537641423326621499194347618304.000000 35
-0.569181 -0.223917 1453082141217245333983691467128832.000000 34
-0.469331 -0.217723 -349113610625475105411410713116672.000000 49
-0.680489 -0.312940 -12464787765136222002573627036270592.000000 21
-0.847640 -0.274036 62272733411165746872452288817922048.000000 11
-0.791796 -0.401964 -13282856548489131093000241996103680.000000 10
-0.035536 -0.096906 149496608728770743702218866688.000000 104
-0.119199 0.038730 -3848688278049146367663342092288.000000 100
-0.157522 -0.079215 333117683127418489667466559488.000000 85
-0.195844 -0.197159 -28499842503107183857267166412800.000000 84
-0.064278 -0.185365 3816962217262068986175817777152.000000 103
-0.157522 -0.079215 333117683127418489667466559488.000000 85
0.196515 -0.037934 32358194088168852411289436160.000000 140
0.314527 -0.024174 -7319973777187045498591117312.000000 157
0.298634 0.101634 9272906052070646494972084224.000000 156
0.125317 0.034143 -162959200403088044358377668608.000000 128
0.196515 -0.037934 32358194088168852411289436160.000000 140
0.172130 0.119981 -78571295015329725811232079872.000000 137
-0.035536 -0.096906 149496608728770743702218866688.000000 104
0.078503 -0.051694 -75414810535545076672265977856.000000 122
0.020079 0.059698 746515386281857791609825918976.000000 118
-0.035536 -0.096906 149496608728770743702218866688.000000 104
0.067288 -0.173570 -337176187838787369984749207552.000000 121
0.078503 -0.051694 -75414810535545076672265977856.000000 122
0.198854 -0.161776 27410893871023472956544122880.000000 141
0.330420 -0.149981 -6485525361409021898691444736.000000 160
0.196515 -0.037934 32358194088168852411289436160.000000 140
0.078503 -0.051694 -75414810535545076672265977856.000000 122
0.198854 -0.161776 27410893871023472956544122880.000000 141
0.196515 -0.037934 32358194088168852411289436160.000000 140
-0.001975 -0.299378 -1919430045754757404500361740288.000000 107
0.114121 -0.291515 330186209963385172652210520064.000000 124
0.067288 -0.173570 -337176187838787369984749207552.000000 121
-0.065162 -0.389016 -1324202578359612351898632323072.000000 106
-0.001975 -0.299378 -1919430045754757404500361740288.000000 107
-0.118071 -0.307241 10017655907533806369423491072000.000000 89
-0.145550 -0.426758 2800011276889184867952082550784.000000 87
-0.065162 -0.389016 -1324202578359612351898632323072.000000 106
-0.118071 -0.307241 10017655907533806369423491072000.000000 89
-0.012254 -0.470791 174357598519500318242343223296.000000 105
0.108328 -0.414177 405947894019815472888547377152.000000 123
-0.065162 -0.389016 -1324202578359612351898632323072.000000 106
-0.065162 -0.389016 -1324202578359612351898632323072.000000 106
0.108328 -0.414177 405947894019815472888547377152.000000 123
-0.001975 -0.299378 -1919430045754757404500361740288.000000 107
0.441136 -0.097722 3024803171699789501531422720.000000 175
0.314527 -0.024174 -7319973777187045498591117312.000000 157
0.330420 -0.149981 -6485525361409021898691444736.000000 160
-0.035536 -0.096906 149496608728770743702218866688.000000 104
0.020079 0.059698 746515386281857791609825918976.000000 118
-0.119199 0.038730 -3848688278049146367663342092288.000000 100
0.522968 0.251959 302574900487706912795656192.000000 191
0.643082 0.264217 -114971970241127189103771648.000000 206
0.577982 0.366799 -60757782574206494181425152.000000 208
0.381154 0.273894 64710764199793669884084224.000000 173
0.522968 0.251959 302574900487706912795656192.000000 191
0.422415 0.360024 266883509174370947792109568.000000 190
0.266847 0.353249 -2877057887440286160261218304.000000 172
0.381154 0.273894 64710764199793669884084224.000000 173
0.422415 0.360024 266883509174370947792109568.000000 190
0.282741 0.227442 4438256458736727434691870720.000000 155
0.298634 0.101634 9272906052070646494972084224.000000 156
0.413450 0.155828 -2251989381449027612963766272.000000 174
0.584401 -0.096754 -71993931395598056201125888.000000 192
0.441136 -0.097722 3024803171699789501531422720.000000 175
0.469331 -0.217723 -3407708272934722738172461056.000000 178
0.381154 0.273894 64710764199793669884084224.000000 173
0.413450 0.155828 -2251989381449027612963766272.000000 174
0.522968 0.251959 302574900487706912795656192.000000 191
0.298634 0.101634 9272906052070646494972084224.000000 156
0.314527 -0.024174 -7319973777187045498591117312.000000 157
0.445745 0.037763 -332799414505871249674076160.000000 170
0.571666 0.141635 459742817935056521939386368.000000 188
0.708183 0.161636 -80428567410279764910407680.000000 204
0.643082 0.264217 -114971970241127189103771648.000000 206
0.413450 0.155828 -2251989381449027612963766272.000000 174
0.571666 0.141635 459742817935056521939386368.000000 188
0.522968 0.251959 302574900487706912795656192.000000 191
0.662567 0.006795 34034346465331294500814848.000000 201
0.715365 -0.101593 22638122182049874980110336.000000 210
0.773283 0.059054 5811424899418958816346112.000000 215
0.708183 0.161636 -80428567410279764910407680.000000 204
0.662567 0.006795 34034346465331294500814848.000000 201
0.773283 0.059054 5811424899418958816346112.000000 215
0.543905 0.017440 -657866849170731051337646080.000000 185
0.584401 -0.096754 -71993931395598056201125888.000000 192
0.662567 0.006795 34034346465331294500814848.000000 201
0.445745 0.037763 -332799414505871249674076160.000000 170
0.543905 0.017440 -657866849170731051337646080.000000 185
0.571666 0.141635 459742817935056521939386368.000000 188
0.445745 0.037763 -332799414505871249674076160.000000 170
0.441136 -0.097722 3024803171699789501531422720.000000 175
0.543905 0.017440 -657866849170731051337646080.000000 185
0.794983 0.245918 23927073326830113349697536.000000 220
0.968583 0.248690 -10093872566398836474380288.000000 230
0.929776 0.368125 -6882336509062727541456896.000000 237
0.773283 0.059054 5811424899418958816346112.000000 215
0.870933 0.153872 11224342204549396567162880.000000 219
0.708183 0.161636 -80428567410279764910407680.000000 204
0.773283 0.059054 5811424899418958816346112.000000 215
0.915249 0.040903 -1711089677800194248278016.000000 228
0.870933 0.153872 11224342204549396567162880.000000 219
0.838383 -0.043527 -19443152759496429000458240.000000 225
0.903483 -0.146108 -26705867129604588045336576.000000 239
1.000000 -0.000000 13218000015278258434080768.000000 240
0.584401 -0.096754 -71993931395598056201125888.000000 192
0.569181 -0.223917 1456314856704073445677203456.000000 195
0.680615 -0.197981 -218852456802622296092049408.000000 209
0.662567 0.006795 34034346465331294500814848.000000 201
0.584401 -0.096754 -71993931395598056201125888.000000 192
0.715365 -0.101593 22638122182049874980110336.000000 210
0.543905 0.017440 -657866849170731051337646080.000000 185
0.441136 -0.097722 3024803171699789501531422720.000000 175
0.584401 -0.096754 -71993931395598056201125888.000000 192
0.662567 0.006795 34034346465331294500814848.000000 201
0.571666 0.141635 459742817935056521939386368.000000 188
0.543905 0.017440 -657866849170731051337646080.000000 185
0.330420 -0.149981 -6485525361409021898691444736.000000 160
0.346313 -0.275789 28254134417651985496009605120.000000 161
0.469331 -0.217723 -3407708272934722738172461056.000000 178
0.664439 -0.453191 -259344935906029134663385088.000000 197
0.592925 -0.376490 1482851964064711845227790336.000000 194
0.616669 -0.529062 430900278446385507927588864.000000 181
0.735953 -0.529892 -21035557337160864732545024.000000 196
0.664439 -0.453191 -259344935906029134663385088.000000 197
0.616669 -0.529062 430900278446385507927588864.000000 181
0.735953 -0.529892 -21035557337160864732545024.000000 196
0.791796 -0.401964 136446637376255495086538752.000000 213
0.664439 -0.453191 -259344935906029134663385088.000000 197
0.838383 -0.043527 -19443152759496429000458240.000000 225
0.715365 -0.101593 22638122182049874980110336.000000 210
0.792049 -0.172045 114678909130514423925964800.000000 224
0.443723 -0.339315 -7002370255545277000083046400.000000 177
0.346313 -0.275789 28254134417651985496009605120.000000 161
0.362206 -0.401597 24417991704496266986408378368.000000 159
0.584401 -0.096754 -71993931395598056201125888.000000 192
0.469331 -0.217723 -3407708272934722738172461056.000000 178
0.569181 -0.223917 1456314856704073445677203456.000000 195
0.441136 -0.097722 3024803171699789501531422720.000000 175
0.330420 -0.149981 -6485525361409021898691444736.000000 160
0.469331 -0.217723 -3407708272934722738172461056.000000 178
0.915249 0.040903 -1711089677800194248278016.000000 228
0.992115 0.125333 -3416860314336659561775104.000000 233
0.870933 0.153872 11224342204549396567162880.000000 219
0.219168 0.730672 -3253132710222627087723790336.000000 187
0.360982 0.819266 311899909478980367429926912.000000 203
0.203275 0.856480 1856883087659657378301739008.000000 200
0.110736 0.746398 -7746302099199363414551953408.000000 183
0.219168 0.730672 -3253132710222627087723790336.000000 187
0.203275 0.856480 1856883087659657378301739008.000000 200
0.235061 0.604864 -2467916764223530032538058752.000000 186
0.382682 0.674543 913611940136291440550477824.000000 202
0.219168 0.730672 -3253132710222627087723790336.000000 187
0.123361 0.435810 28238343902007014119132102656.000000 154
-0.004231 0.392564 -123958011666272760908956565504.000000 135
0.060580 0.300829 -38773133551931762387762282496.000000 136
-0.081324 0.616659 -145081190825248987152509829120.000000 152
-0.108431 0.494783 279903200202180732310773563392.000000 133
0.034091 0.510509 -10927429313452551182936440832.000000 151
0.000768 0.741156 18017820398640231141060116480.000000 167
-0.109200 0.735914 41303451155721339687495794688.000000 150
-0.081324 0.616659 -145081190825248987152509829120.000000 152
0.110736 0.746398 -7746302099199363414551953408.000000 183
0.000768 0.741156 18017820398640231141060116480.000000 167
0.072414 0.628453 26816327467020251790959443968.000000 169
0.110736 0.746398 -7746302099199363414551953408.000000 183
0.203275 0.856480 1856883087659657378301739008.000000 200
0.023973 0.872212 -103536765005273734041305088.000000 184
-0.219168 0.730672 -71672632570806446513111171072.000000 134
-0.235061 0.604864 641376146051656938231632494592.000000 132
-0.081324 0.616659 -145081190825248987152509829120.000000 152
0.123361 0.435810 28238343902007014119132102656.000000 154
0.163714 0.327039 -9873252095380765341508435968.000000 153
0.266847 0.353249 -2877057887440286160261218304.000000 172
0.235061 0.604864 -2467916764223530032538058752.000000 186
0.134576 0.557687 -7354762858391503815458160640.000000 168
0.250954 0.479057 -3968181789806016408531763200.000000 171
0.034091 0.510509 -10927429313452551182936440832.000000 151
-0.004231 0.392564 -123958011666272760908956565504.000000 135
0.123361 0.435810 28238343902007014119132102656.000000 154
0.382682 0.674543 913611940136291440550477824.000000 202
0.360982 0.819266 311899909478980367429926912.000000 203
0.219168 0.730672 -3253132710222627087723790336.000000 187
0.349368 0.525509 1122249141029919616785186816.000000 189
0.382682 0.674543 913611940136291440550477824.000000 202
0.235061 0.604864 -2467916764223530032538058752.000000 186
0.447782 0.571962 -331990634437626043320762368.000000 205
0.534582 0.656244 -68009835917948565843869696.000000 217
0.382682 0.674543 913611940136291440550477824.000000 202
-0.876307 0.481754 -16634165771161871503096528502784.000000 40
-0.708183 0.493222 72194502477551586602232584339456.000000 56
-0.809017 0.587785 -17968285564730975403559008337920.000000 55
-0.389865 0.411315 9806820507361679673706936270848.000000 95
-0.250954 0.479057 -2051305288606645832289972387840.000000 114
-0.349368 0.525509 -1974232693067769615639428202496.000000 113
-0.162647 0.251030 -2240480539872339874395306590208.000000 99
-0.135539 0.372907 11737730395752901399355064320.000000 116
-0.266847 0.353249 3556066427362462931369957785600.000000 98
-0.298634 0.101634 -57865122699332526256540973268992.000000 73
-0.189755 0.129154 7171774766345626019348225196032.000000 93
-0.282741 0.227442 2502159501912008286901255536640.000000 79
-0.042554 0.274619 482711105753244382682912129024.000000 117
-0.135539 0.372907 11737730395752901399355064320.000000 116
-0.162647 0.251030 -2240480539872339874395306590208.000000 99
-0.108431 0.494783 279903200202180732310773563392.000000 133
-0.004231 0.392564 -123958011666272760908956565504.000000 135
0.034091 0.510509 -10927429313452551182936440832.000000 151
-0.282741 0.227442 2502159501912008286901255536640.000000 79
-0.162647 0.251030 -2240480539872339874395306590208.000000 99
-0.266847 0.353249 3556066427362462931369957785600.000000 98
-0.042554 0.274619 482711105753244382682912129024.000000 117
-0.004231 0.392564 -123958011666272760908956565504.000000 135
-0.135539 0.372907 11737730395752901399355064320.000000 116
0.167922 0.223510 59927857487629983135066750976.000000 147
0.172130 0.119981 -78571295015329725811232079872.000000 137
0.282741 0.227442 4438256458736727434691870720.000000 155
0.060580 0.300829 -38773133551931762387762282496.000000 136
0.167922 0.223510 59927857487629983135066750976.000000 147
0.163714 0.327039 -9873252095380765341508435968.000000 153
0.040329 0.180264 -157841588537981204908226904064.000000 129
0.172130 0.119981 -78571295015329725811232079872.000000 137
0.167922 0.223510 59927857487629983135066750976.000000 147
-0.080876 0.156675 -259059692158500965939236831232.000000 110
0.040329 0.180264 -157841588537981204908226904064.000000 129
-0.042554 0.274619 482711105753244382682912129024.000000 117
0.020079 0.059698 746515386281857791609825918976.000000 118
0.172130 0.119981 -78571295015329725811232079872.000000 137
0.040329 0.180264 -157841588537981204908226904064.000000 129
0.282741 0.227442 4438256458736727434691870720.000000 155
0.266847 0.353249 -2877057887440286160261218304.000000 172
0.163714 0.327039 -9873252095380765341508435968.000000 153
-0.534582 0.656244 1317934590149921205036402081792.000000 96
-0.535827 0.844328 -66291661308378880853374140416.000000 111
-0.637424 0.770513 -1769387780897595158525745561600.000000 94
0.847640 -0.274036 51319826451279774727798784.000000 227
0.903483 -0.146108 -26705867129604588045336576.000000 239
0.792049 -0.172045 114678909130514423925964800.000000 224
0.968583 -0.248690 -987051184448229724913664.000000 241
0.903483 -0.146108 -26705867129604588045336576.000000 239
0.847640 -0.274036 51319826451279774727798784.000000 227
0.791796 -0.401964 136446637376255495086538752.000000 213
0.735953 -0.529892 -21035557337160864732545024.000000 196
0.876307 -0.481754 -34182462397628958130569216.000000 211
0.929776 -0.368125 -58657897747017638772473856.000000 226
0.791796 -0.401964 136446637376255495086538752.000000 213
0.876307 -0.481754 -34182462397628958130569216.000000 211
0.592925 -0.376490 1482851964064711845227790336.000000 194
0.569181 -0.223917 1456314856704073445677203456.000000 195
0.443723 -0.339315 -7002370255545277000083046400.000000 177
0.616669 -0.529062 430900278446385507927588864.000000 181
0.592925 -0.376490 1482851964064711845227790336.000000 194
0.486789 -0.444362 -3293316292666868810060398592.000000 176
0.736206 -0.299972 -498260396270683681407893504.000000 212
0.569181 -0.223917 1456314856704073445677203456.000000 195
0.592925 -0.376490 1482851964064711845227790336.000000 194
0.847640 -0.274036 51319826451279774727798784.000000 227
0.736206 -0.299972 -498260396270683681407893504.000000 212
0.791796 -0.401964 136446637376255495086538752.000000 213
0.680615 -0.197981 -218852456802622296092049408.000000 209
0.569181 -0.223917 1456314856704073445677203456.000000 195
0.736206 -0.299972 -498260396270683681407893504.000000 212
0.378100 -0.527404 1570026982163212527829254144.000000 158
0.486789 -0.444362 -3293316292666868810060398592.000000 176
0.362206 -0.401597 24417991704496266986408378368.000000 159
0.518255 -0.575515 446865498892158306105688064.000000 164
0.393993 -0.653212 -1042403095745570167987372032.000000 146
0.515708 -0.711863 -200677618282124076786909184.000000 162
0.486789 -0.444362 -3293316292666868810060398592.000000 176
0.518255 -0.575515 446865498892158306105688064.000000 164
0.616669 -0.529062 430900278446385507927588864.000000 181
0.378100 -0.527404 1570026982163212527829254144.000000 158
0.393993 -0.653212 -1042403095745570167987372032.000000 146
0.518255 -0.575515 446865498892158306105688064.000000 164
0.658410 -0.623625 -133521465862628643195322368.000000 179
0.728969 -0.684547 10202213091248980109557760.000000 180
0.735953 -0.529892 -21035557337160864732545024.000000 196
0.196515 -0.037934 32358194088168852411289436160.000000 140
0.330420 -0.149981 -6485525361409021898691444736.000000 160
0.314527 -0.024174 -7319973777187045498591117312.000000 157
-0.195844 -0.197159 -28499842503107183857267166412800.000000 84
-0.118071 -0.307241 10017655907533806369423491072000.000000 89
-0.064278 -0.185365 3816962217262068986175817777152.000000 103
-0.118071 -0.307241 10017655907533806369423491072000.000000 89
-0.234167 -0.315104 -28790554521248143867189844246528.000000 70
-0.145550 -0.426758 2800011276889184867952082550784.000000 87
0.210774 -0.256132 -38421339452644878904612356096.000000 142
0.346313 -0.275789 28254134417651985496009605120.000000 161
0.330420 -0.149981 -6485525361409021898691444736.000000 160
0.210774 -0.256132 -38421339452644878904612356096.000000 142
0.235267 -0.407887 -112694789388174160473742114816.000000 143
0.346313 -0.275789 28254134417651985496009605120.000000 161
0.067288 -0.173570 -337176187838787369984749207552.000000 121
0.114121 -0.291515 330186209963385172652210520064.000000 124
0.198854 -0.161776 27410893871023472956544122880.000000 141
0.108328 -0.414177 405947894019815472888547377152.000000 123
0.114121 -0.291515 330186209963385172652210520064.000000 124
-0.001975 -0.299378 -1919430045754757404500361740288.000000 107
0.247982 -0.508533 -46492767921206633632567918592.000000 139
0.362206 -0.401597 24417991704496266986408378368.000000 159
0.235267 -0.407887 -112694789388174160473742114816.000000 143
0.443723 -0.339315 -7002370255545277000083046400.000000 177
0.486789 -0.444362 -3293316292666868810060398592.000000 176
0.592925 -0.376490 1482851964064711845227790336.000000 194
0.346313 -0.275789 28254134417651985496009605120.000000 161
0.443723 -0.339315 -7002370255545277000083046400.000000 177
0.469331 -0.217723 -3407708272934722738172461056.000000 178
0.362206 -0.401597 24417991704496266986408378368.000000 159
0.486789 -0.444362 -3293316292666868810060398592.000000 176
0.443723 -0.339315 -7002370255545277000083046400.000000 177
0.518255 -0.575515 446865498892158306105688064.000000 164
0.658410 -0.623625 -133521465862628643195322368.000000 179
0.616669 -0.529062 430900278446385507927588864.000000 181
0.735953 -0.529892 -21035557337160864732545024.000000 196
0.809017 -0.587785 16483676341662751700025344.000000 193
0.876307 -0.481754 -34182462397628958130569216.000000 211
0.616669 -0.529062 430900278446385507927588864.000000 181
0.658410 -0.623625 -133521465862628643195322368.000000 179
0.735953 -0.529892 -21035557337160864732545024.000000 196
0.791796 -0.401964 136446637376255495086538752.000000 213
0.736206 -0.299972 -498260396270683681407893504.000000 212
0.664439 -0.453191 -259344935906029134663385088.000000 197
0.486789 -0.444362 -3293316292666868810060398592.000000 176
0.378100 -0.527404 1570026982163212527829254144.000000 158
0.518255 -0.575515 446865498892158306105688064.000000 164
0.728969 -0.684547 10202213091248980109557760.000000 180
0.809017 -0.587785 16483676341662751700025344.000000 193
0.735953 -0.529892 -21035557337160864732545024.000000 196
0.847640 -0.274036 51319826451279774727798784.000000 227
0.792049 -0.172045 114678909130514423925964800.000000 224
0.736206 -0.299972 -498260396270683681407893504.000000 212
0.838383 -0.043527 -19443152759496429000458240.000000 225
0.792049 -0.172045 114678909130514423925964800.000000 224
0.903483 -0.146108 -26705867129604588045336576.000000 239
0.715365 -0.101593 22638122182049874980110336.000000 210
0.680615 -0.197981 -218852456802622296092049408.000000 209
0.792049 -0.172045 114678909130514423925964800.000000 224
1.000000 -0.000000 13218000015278258434080768.000000 240
0.992115 0.125333 -3416860314336659561775104.000000 233
0.915249 0.040903 -1711089677800194248278016.000000 228
0.295977 -0.844070 1213129816063599675560689664.000000 125
0.177179 -0.862891 7983286860969695912258437120.000000 109
0.309017 -0.951057 -2234576190745215196586835968.000000 108
0.425779 -0.904827 -814335557012058174539169792.000000 126
0.295977 -0.844070 1213129816063599675560689664.000000 125
0.309017 -0.951057 -2234576190745215196586835968.000000 108
0.282937 -0.737084 -13840061721723519399364657152.000000 127
0.177179 -0.862891 7983286860969695912258437120.000000 109
0.295977 -0.844070 1213129816063599675560689664.000000 125
0.062791 -0.998027 -30593413207945477669557108736.000000 72
0.060826 -0.904827 18757858317982318429386833920.000000 91
-0.062791 -0.998027 88663516642732536727536140288.000000 71
-0.272489 -0.433048 2656573184732643320186045202432.000000 67
-0.234167 -0.315104 -28790554521248143867189844246528.000000 70
-0.362206 -0.401597 57882425102185120394141614735360.000000 53
-0.349134 -0.668938 8380714382587803448672522338304.000000 51
-0.166657 -0.668938 -2151235717827833298480579739648.000000 68
-0.219573 -0.550993 6420158257285726966605443760128.000000 69
-0.005837 -0.810471 -99461793805763364171422892032.000000 101
-0.060826 -0.904827 -75473009223297203103651069952.000000 82
0.060826 -0.904827 18757858317982318429386833920.000000 91
0.177179 -0.862891 7983286860969695912258437120.000000 109
-0.005837 -0.810471 -99461793805763364171422892032.000000 101
0.060826 -0.904827 18757858317982318429386833920.000000 91
-0.072500 -0.716116 206593071581397553647907241984.000000 83
-0.156928 -0.826197 683923506291634402181450301440.000000 81
-0.005837 -0.810471 -99461793805763364171422892032.000000 101
-0.272489 -0.433048 2656573184732643320186045202432.000000 67
-0.219573 -0.550993 6420158257285726966605443760128.000000 69
-0.145550 -0.426758 2800011276889184867952082550784.000000 87
-0.321429 -0.833823 -1132675855451177432332518817792.000000 46
-0.409886 -0.779019 9575254675370250800590791639040.000000 45
-0.425779 -0.904827 -2334352241143850732099714678784.000000 32
-0.232973 -0.888627 652140853533145358266596851712.000000 62
-0.321429 -0.833823 -1132675855451177432332518817792.000000 46
-0.309017 -0.951057 724203984192785838569519316992.000000 47
-0.232973 -0.888627 652140853533145358266596851712.000000 62
-0.253031 -0.747568 -2859958591592683504035380068352.000000 61
-0.321429 -0.833823 -1132675855451177432332518817792.000000 46
-0.166657 -0.668938 -2151235717827833298480579739648.000000 68
-0.253031 -0.747568 -2859958591592683504035380068352.000000 61
-0.156928 -0.826197 683923506291634402181450301440.000000 81
-0.349134 -0.668938 8380714382587803448672522338304.000000 51
-0.409886 -0.779019 9575254675370250800590791639040.000000 45
-0.253031 -0.747568 -2859958591592683504035380068352.000000 61
0.187381 -0.982287 -4049262365485132469166407680.000000 90
0.060826 -0.904827 18757858317982318429386833920.000000 91
0.062791 -0.998027 -30593413207945477669557108736.000000 72
0.235267 -0.407887 -112694789388174160473742114816.000000 143
0.362206 -0.401597 24417991704496266986408378368.000000 159
0.346313 -0.275789 28254134417651985496009605120.000000 161
0.298781 -0.621760 18439938517116887319504224256.000000 138
0.378100 -0.527404 1570026982163212527829254144.000000 158
0.247982 -0.508533 -46492767921206633632567918592.000000 139
0.518255 -0.575515 446865498892158306105688064.000000 164
0.515708 -0.711863 -200677618282124076786909184.000000 162
0.658410 -0.623625 -133521465862628643195322368.000000 179
0.298781 -0.621760 18439938517116887319504224256.000000 138
0.393993 -0.653212 -1042403095745570167987372032.000000 146
0.378100 -0.527404 1570026982163212527829254144.000000 158
0.141155 -0.577727 -89880484717215234577351573504.000000 120
0.164458 -0.730094 51223817042611226114193883136.000000 119
0.298781 -0.621760 18439938517116887319504224256.000000 138
0.108328 -0.414177 405947894019815472888547377152.000000 123
0.141155 -0.577727 -89880484717215234577351573504.000000 120
0.247982 -0.508533 -46492767921206633632567918592.000000 139
0.034327 -0.646921 -100113953729095006737661952000.000000 102
0.164458 -0.730094 51223817042611226114193883136.000000 119
0.141155 -0.577727 -89880484717215234577351573504.000000 120
0.108328 -0.414177 405947894019815472888547377152.000000 123
-0.012254 -0.470791 174357598519500318242343223296.000000 105
0.141155 -0.577727 -89880484717215234577351573504.000000 120
-0.072500 -0.716116 206593071581397553647907241984.000000 83
-0.005837 -0.810471 -99461793805763364171422892032.000000 101
0.034327 -0.646921 -100113953729095006737661952000.000000 102
0.282937 -0.737084 -13840061721723519399364657152.000000 127
0.393993 -0.653212 -1042403095745570167987372032.000000 146
0.298781 -0.621760 18439938517116887319504224256.000000 138
-0.005837 -0.810471 -99461793805763364171422892032.000000 101
0.177179 -0.862891 7983286860969695912258437120.000000 109
0.164458 -0.730094 51223817042611226114193883136.000000 119
0.187381 -0.982287 -4049262365485132469166407680.000000 90
0.177179 -0.862891 7983286860969695912258437120.000000 109
0.060826 -0.904827 18757858317982318429386833920.000000 91
0.187381 -0.982287 -4049262365485132469166407680.000000 90
0.309017 -0.951057 -2234576190745215196586835968.000000 108
0.177179 -0.862891 7983286860969695912258437120.000000 109
0.409886 -0.779019 2489499392444805042692685824.000000 144
0.393993 -0.653212 -1042403095745570167987372032.000000 146
0.282937 -0.737084 -13840061721723519399364657152.000000 127
0.515708 -0.711863 -200677618282124076786909184.000000 162
0.637424 -0.770513 227820429894335154362515456.000000 163
0.658410 -0.623625 -133521465862628643195322368.000000 179
0.409886 -0.779019 2489499392444805042692685824.000000 144
0.515708 -0.711863 -200677618282124076786909184.000000 162
0.393993 -0.653212 -1042403095745570167987372032.000000 146
0.409886 -0.779019 2489499392444805042692685824.000000 144
0.535827 -0.844328 -669187366896773637903220736.000000 145
0.515708 -0.711863 -200677618282124076786909184.000000 162
0.425779 -0.904827 -814335557012058174539169792.000000 126
0.409886 -0.779019 2489499392444805042692685824.000000 144
0.295977 -0.844070 1213129816063599675560689664.000000 125
-0.065162 -0.389016 -1324202578359612351898632323072.000000 106
-0.145550 -0.426758 2800011276889184867952082550784.000000 87
-0.115913 -0.510892 -985364427907620102817072545792.000000 88
-0.272489 -0.433048 2656573184732643320186045202432.000000 67
-0.145550 -0.426758 2800011276889184867952082550784.000000 87
-0.234167 -0.315104 -28790554521248143867189844246528.000000 70
-0.219573 -0.550993 6420158257285726966605443760128.000000 69
-0.378100 -0.527404 -43541629469151168996705841446912.000000 52
-0.349134 -0.668938 8380714382587803448672522338304.000000 51
-0.072500 -0.716116 206593071581397553647907241984.000000 83
-0.042377 -0.593453 659084126268705897215948750848.000000 86
-0.166657 -0.668938 -2151235717827833298480579739648.000000 68
-0.272489 -0.433048 2656573184732643320186045202432.000000 67
-0.378100 -0.527404 -43541629469151168996705841446912.000000 52
-0.219573 -0.550993 6420158257285726966605443760128.000000 69
0.535827 -0.844328 -669187366896773637903220736.000000 145
0.409886 -0.779019 2489499392444805042692685824.000000 144
0.425779 -0.904827 -814335557012058174539169792.000000 126
0.535827 -0.844328 -669187366896773637903220736.000000 145
0.637424 -0.770513 227820429894335154362515456.000000 163
0.515708 -0.711863 -200677618282124076786909184.000000 162
0.409886 -0.779019 2489499392444805042692685824.000000 144
0.282937 -0.737084 -13840061721723519399364657152.000000 127
0.295977 -0.844070 1213129816063599675560689664.000000 125
0.637424 -0.770513 227820429894335154362515456.000000 163
0.728969 -0.684547 10202213091248980109557760.000000 180
0.658410 -0.623625 -133521465862628643195322368.000000 179
-0.309017 0.951057 -39649489847542328537336774656.000000 148
-0.203275 0.856480 -2196088169898042584125669376.000000 149
-0.187381 0.982287 10657746245473475248252780544.000000 165
-0.109200 0.735914 41303451155721339687495794688.000000 150
-0.219168 0.730672 -71672632570806446513111171072.000000 134
-0.081324 0.616659 -145081190825248987152509829120.000000 152
-0.187381 0.982287 10657746245473475248252780544.000000 165
-0.203275 0.856480 -2196088169898042584125669376.000000 149
-0.089651 0.864346 -11374909971540387104745848832.000000 166
-0.219168 0.730672 -71672632570806446513111171072.000000 134
-0.382682 0.674543 -308129405133153225310130405376.000000 115
-0.235061 0.604864 641376146051656938231632494592.000000 132
-0.089651 0.864346 -11374909971540387104745848832.000000 166
-0.109200 0.735914 41303451155721339687495794688.000000 150
0.000768 0.741156 18017820398640231141060116480.000000 167
-0.253031 -0.747568 -2859958591592683504035380068352.000000 61
-0.166657 -0.668938 -2151235717827833298480579739648.000000 68
-0.349134 -0.668938 8380714382587803448672522338304.000000 51
-0.060826 -0.904827 -75473009223297203103651069952.000000 82
-0.156928 -0.826197 683923506291634402181450301440.000000 81
-0.187381 -0.982287 -385671103469746014034644172800.000000 63
-0.060826 -0.904827 -75473009223297203103651069952.000000 82
-0.005837 -0.810471 -99461793805763364171422892032.000000 101
-0.156928 -0.826197 683923506291634402181450301440.000000 81
-0.232973 -0.888627 652140853533145358266596851712.000000 62
-0.156928 -0.826197 683923506291634402181450301440.000000 81
-0.253031 -0.747568 -2859958591592683504035380068352.000000 61
-0.187381 -0.982287 -385671103469746014034644172800.000000 63
-0.232973 -0.888627 652140853533145358266596851712.000000 62
-0.309017 -0.951057 724203984192785838569519316992.000000 47
-0.187381 -0.982287 -385671103469746014034644172800.000000 63
-0.156928 -0.826197 683923506291634402181450301440.000000 81
-0.232973 -0.888627 652140853533145358266596851712.000000 62
-0.062791 -0.998027 88663516642732536727536140288.000000 71
-0.060826 -0.904827 -75473009223297203103651069952.000000 82
-0.187381 -0.982287 -385671103469746014034644172800.000000 63
-0.042377 -0.593453 659084126268705897215948750848.000000 86
-0.072500 -0.716116 206593071581397553647907241984.000000 83
0.034327 -0.646921 -100113953729095006737661952000.000000 102
-0.012254 -0.470791 174357598519500318242343223296.000000 105
-0.042377 -0.593453 659084126268705897215948750848.000000 86
0.034327 -0.646921 -100113953729095006737661952000.000000 102
-0.115913 -0.510892 -985364427907620102817072545792.000000 88
-0.166657 -0.668938 -2151235717827833298480579739648.000000 68
-0.042377 -0.593453 659084126268705897215948750848.000000 86
-0.518255 -0.575515 205820577453331827003509295808512.000000 36
-0.616669 -0.529062 -1221338783695223016109858822815744.000000 25
-0.658410 -0.623625 -46310503860248520320230537297920.000000 24
-0.433694 -0.622226 -25237416123461455296774006636544.000000 37
-0.518255 -0.575515 205820577453331827003509295808512.000000 36
-0.534148 -0.701322 -32037167486826345270392435769344.000000 31
-0.409886 -0.779019 9575254675370250800590791639040.000000 45
-0.433694 -0.622226 -25237416123461455296774006636544.000000 37
-0.534148 -0.701322 -32037167486826345270392435769344.000000 31
-0.349134 -0.668938 8380714382587803448672522338304.000000 51
-0.378100 -0.527404 -43541629469151168996705841446912.000000 52
-0.433694 -0.622226 -25237416123461455296774006636544.000000 37
-0.378100 -0.527404 -43541629469151168996705841446912.000000 52
-0.486789 -0.444362 56250071650306326027438875738112.000000 38
-0.518255 -0.575515 205820577453331827003509295808512.000000 36
0.060826 -0.904827 18757858317982318429386833920.000000 91
-0.060826 -0.904827 -75473009223297203103651069952.000000 82
-0.062791 -0.998027 88663516642732536727536140288.000000 71
-0.534148 -0.701322 -32037167486826345270392435769344.000000 31
-0.535827 -0.844328 -3467943913182403007750718095360.000000 30
-0.409886 -0.779019 9575254675370250800590791639040.000000 45
-0.486789 -0.444362 56250071650306326027438875738112.000000 38
-0.378100 -0.527404 -43541629469151168996705841446912.000000 52
-0.362206 -0.401597 57882425102185120394141614735360.000000 53
-0.728969 -0.684547 -346973796658368581683639851417600.000000 14
-0.637424 -0.770513 74578380585558255908351134138368.000000 19
-0.658410 -0.623625 -46310503860248520320230537297920.000000 24
-0.321429 -0.833823 -1132675855451177432332518817792.000000 46
-0.253031 -0.747568 -2859958591592683504035380068352.000000 61
-0.409886 -0.779019 9575254675370250800590791639040.000000 45
-0.346313 -0.275789 123080416666260177039006975918080.000000 64
-0.362206 -0.401597 57882425102185120394141614735360.000000 53
-0.234167 -0.315104 -28790554521248143867189844246528.000000 70
-0.195844 -0.197159 -28499842503107183857267166412800.000000 84
-0.346313 -0.275789 123080416666260177039006975918080.000000 64
-0.234167 -0.315104 -28790554521248143867189844246528.000000 70
-0.658594 0.038247 4189597929493027134908462178238464.000000 29
-0.584401 -0.096754 1103537641423326621499194347618304.000000 35
-0.515073 -0.029496 -1094661722586010524470943089164288.000000 39
-0.330420 -0.149981 49766822146390260448322759163904.000000 66
-0.441136 -0.097722 -25994908877618194393922657058816.000000 50
-0.469331 -0.217723 -349113610625475105411410713116672.000000 49
-0.330420 -0.149981 49766822146390260448322759163904.000000 66
-0.314527 -0.024174 -47966152069438073835907291545600.000000 65
-0.441136 -0.097722 -25994908877618194393922657058816.000000 50
-0.321429 -0.833823 -1132675855451177432332518817792.000000 46
-0.425779 -0.904827 -2334352241143850732099714678784.000000 32
-0.309017 -0.951057 724203984192785838569519316992.000000 47
-0.378100 -0.527404 -43541629469151168996705841446912.000000 52
-0.518255 -0.575515 205820577453331827003509295808512.000000 36
-0.433694 -0.622226 -25237416123461455296774006636544.000000 37
-0.535827 -0.844328 -3467943913182403007750718095360.000000 30
-0.425779 -0.904827 -2334352241143850732099714678784.000000 32
-0.409886 -0.779019 9575254675370250800590791639040.000000 45
0.298634 0.101634 9272906052070646494972084224.000000 156
0.172130 0.119981 -78571295015329725811232079872.000000 137
0.196515 -0.037934 32358194088168852411289436160.000000 140
-0.216863 0.007278 21192904201433082807245623787520.000000 80
-0.157522 -0.079215 333117683127418489667466559488.000000 85
-0.119199 0.038730 -3848688278049146367663342092288.000000 100
0.198854 -0.161776 27410893871023472956544122880.000000 141
0.210774 -0.256132 -38421339452644878904612356096.000000 142
0.330420 -0.149981 -6485525361409021898691444736.000000 160
-0.118071 -0.307241 10017655907533806369423491072000.000000 89
-0.195844 -0.197159 -28499842503107183857267166412800.000000 84
-0.234167 -0.315104 -28790554521248143867189844246528.000000 70
0.114121 -0.291515 330186209963385172652210520064.000000 124
0.235267 -0.407887 -112694789388174160473742114816.000000 143
0.210774 -0.256132 -38421339452644878904612356096.000000 142
0.114121 -0.291515 330186209963385172652210520064.000000 124
0.108328 -0.414177 405947894019815472888547377152.000000 123
0.235267 -0.407887 -112694789388174160473742114816.000000 143
0.198854 -0.161776 27410893871023472956544122880.000000 141
0.114121 -0.291515 330186209963385172652210520064.000000 124
0.210774 -0.256132 -38421339452644878904612356096.000000 142
0.067288 -0.173570 -337176187838787369984749207552.000000 121
-0.064278 -0.185365 3816962217262068986175817777152.000000 103
-0.001975 -0.299378 -1919430045754757404500361740288.000000 107
-0.012254 -0.470791 174357598519500318242343223296.000000 105
0.034327 -0.646921 -100113953729095006737661952000.000000 102
0.141155 -0.577727 -89880484717215234577351573504.000000 120
-0.064278 -0.185365 3816962217262068986175817777152.000000 103
-0.035536 -0.096906 149496608728770743702218866688.000000 104
-0.157522 -0.079215 333117683127418489667466559488.000000 85
-0.001975 -0.299378 -1919430045754757404500361740288.000000 107
-0.064278 -0.185365 3816962217262068986175817777152.000000 103
-0.118071 -0.307241 10017655907533806369423491072000.000000 89
0.067288 -0.173570 -337176187838787369984749207552.000000 121
-0.035536 -0.096906 149496608728770743702218866688.000000 104
-0.064278 -0.185365 3816962217262068986175817777152.000000 103
-0.330420 -0.149981 49766822146390260448322759163904.000000 66
-0.195844 -0.197159 -28499842503107183857267166412800.000000 84
-0.157522 -0.079215 333117683127418489667466559488.000000 85
-0.330420 -0.149981 49766822146390260448322759163904.000000 66
-0.346313 -0.275789 123080416666260177039006975918080.000000 64
-0.195844 -0.197159 -28499842503107183857267166412800.000000 84
-0.658594 0.038247 4189597929493027134908462178238464.000000 29
-0.576964 0.099699 -663053309397430085165179157348352.000000 44
-0.708183 0.161636 1517419824330182394282167458856960.000000 28
-0.838383 -0.043527 69701152633339837416488097474936832.000000 12
-0.715365 -0.101593 -12922200338173835477876165725650944.000000 23
-0.773283 0.059054 -10748071480598397693618003294289920.000000 18
-0.584401 -0.096754 1103537641423326621499194347618304.000000 35
-0.469331 -0.217723 -349113610625475105411410713116672.000000 49
-0.441136 -0.097722 -25994908877618194393922657058816.000000 50
-0.715365 -0.101593 -12922200338173835477876165725650944.000000 23
-0.584401 -0.096754 1103537641423326621499194347618304.000000 35
-0.658594 0.038247 4189597929493027134908462178238464.000000 29
-0.773283 0.059054 -10748071480598397693618003294289920.000000 18
-0.715365 -0.101593 -12922200338173835477876165725650944.000000 23
-0.658594 0.038247 4189597929493027134908462178238464.000000 29
-0.680615 -0.197981 1650067196546627788130242833416192.000000 22
-0.569181 -0.223917 1453082141217245333983691467128832.000000 34
-0.584401 -0.096754 1103537641423326621499194347618304.000000 35
-0.792049 -0.172045 14973395431769071502772434573983744.000000 13
-0.680615 -0.197981 1650067196546627788130242833416192.000000 22
-0.715365 -0.101593 -12922200338173835477876165725650944.000000 23
-0.792049 -0.172045 14973395431769071502772434573983744.000000 13
-0.847640 -0.274036 62272733411165746872452288817922048.000000 11
-0.680489 -0.312940 -12464787765136222002573627036270592.000000 21
-0.715365 -0.101593 -12922200338173835477876165725650944.000000 23
-0.680615 -0.197981 1650067196546627788130242833416192.000000 22
-0.584401 -0.096754 1103537641423326621499194347618304.000000 35
-0.838383 -0.043527 69701152633339837416488097474936832.000000 12
-0.792049 -0.172045 14973395431769071502772434573983744.000000 13
-0.715365 -0.101593 -12922200338173835477876165725650944.000000 23
-0.314527 -0.024174 -47966152069438073835907291545600.000000 65
-0.298634 0.101634 -57865122699332526256540973268992.000000 73
-0.445745 0.037763 261938621317661015912884998242304.000000 54
-0.680489 -0.312940 -12464787765136222002573627036270592.000000 21
-0.592925 -0.376490 1120503326282573164333885049274368.000000 33
-0.569181 -0.223917 1453082141217245333983691467128832.000000 34
-0.569181 -0.223917 1453082141217245333983691467128832.000000 34
-0.592925 -0.376490 1120503326282573164333885049274368.000000 33
-0.443723 -0.339315 -514905260445042264529949383720960.000000 48
-0.658410 -0.623625 -46310503860248520320230537297920.000000 24
-0.616669 -0.529062 -1221338783695223016109858822815744.000000 25
-0.735953 -0.529892 1591206307992863467579214739275776.000000 15
-0.658410 -0.623625 -46310503860248520320230537297920.000000 24
-0.534148 -0.701322 -32037167486826345270392435769344.000000 31
-0.518255 -0.575515 205820577453331827003509295808512.000000 36
-0.443723 -0.339315 -514905260445042264529949383720960.000000 48
-0.469331 -0.217723 -349113610625475105411410713116672.000000 49
-0.569181 -0.223917 1453082141217245333983691467128832.000000 34
-0.362206 -0.401597 57882425102185120394141614735360.000000 53
-0.443723 -0.339315 -514905260445042264529949383720960.000000 48
-0.486789 -0.444362 56250071650306326027438875738112.000000 38
-0.362206 -0.401597 57882425102185120394141614735360.000000 53
-0.346313 -0.275789 123080416666260177039006975918080.000000 64
-0.443723 -0.339315 -514905260445042264529949383720960.000000 48
0.247982 -0.508533 -46492767921206633632567918592.000000 139
0.141155 -0.577727 -89880484717215234577351573504.000000 120
0.298781 -0.621760 18439938517116887319504224256.000000 138
-0.156928 -0.826197 683923506291634402181450301440.000000 81
-0.072500 -0.716116 206593071581397553647907241984.000000 83
-0.166657 -0.668938 -2151235717827833298480579739648.000000 68
0.164458 -0.730094 51223817042611226114193883136.000000 119
0.177179 -0.862891 7983286860969695912258437120.000000 109
0.282937 -0.737084 -13840061721723519399364657152.000000 127
0.298781 -0.621760 18439938517116887319504224256.000000 138
0.164458 -0.730094 51223817042611226114193883136.000000 119
0.282937 -0.737084 -13840061721723519399364657152.000000 127
0.034327 -0.646921 -100113953729095006737661952000.000000 102
-0.005837 -0.810471 -99461793805763364171422892032.000000 101
0.164458 -0.730094 51223817042611226114193883136.000000 119
0.108328 -0.414177 405947894019815472888547377152.000000 123
0.247982 -0.508533 -46492767921206633632567918592.000000 139
0.235267 -0.407887 -112694789388174160473742114816.000000 143
-0.115913 -0.510892 -985364427907620102817072545792.000000 88
-0.012254 -0.470791 174357598519500318242343223296.000000 105
-0.065162 -0.389016 -1324202578359612351898632323072.000000 106
-0.219573 -0.550993 6420158257285726966605443760128.000000 69
-0.115913 -0.510892 -985364427907620102817072545792.000000 88
-0.145550 -0.426758 2800011276889184867952082550784.000000 87
-0.219573 -0.550993 6420158257285726966605443760128.000000 69
-0.166657 -0.668938 -2151235717827833298480579739648.000000 68
-0.115913 -0.510892 -985364427907620102817072545792.000000 88
-0.115913 -0.510892 -985364427907620102817072545792.000000 88
-0.042377 -0.593453 659084126268705897215948750848.000000 86
-0.012254 -0.470791 174357598519500318242343223296.000000 105
0.378100 -0.527404 1570026982163212527829254144.000000 158
0.362206 -0.401597 24417991704496266986408378368.000000 159
0.247982 -0.508533 -46492767921206633632567918592.000000 139
