-0.903483 -0.146108 -1756528921538722139859130818168018102676480851968.000000 5
-0.992115 -0.125333 15577627688881335059250532144057437861000649900032.000000 1
-0.968583 -0.248690 -1785238013523628502722536324027199635296926826496.000000 2
-0.929776 -0.368125 142106357516837665272205551887799254459189559296.000000 3
-0.847640 -0.274036 507587978233622385590648499483296505669030510592.000000 11
-0.968583 -0.248690 -1785238013523628502722536324027199635296926826496.000000 2
-0.838383 -0.043527 568137372613972869598234054404282961312528465920.000000 12
-1.000000 -0.000000 -1348352389377552490185134859595941241445144330240.000000 4
-0.903483 -0.146108 -1756528921538722139859130818168018102676480851968.000000 5
-0.791796 -0.401964 -108269188315506342933710875290234258377857302528.000000 10
-0.876307 -0.481754 11466279627847189154460341269531582327454433280.000000 6
-0.735953 -0.529892 12969997438427274387425364030886759152897490944.000000 15
-0.664439 -0.453191 49050936420144319339349177082455168419148857344.000000 20
-0.592925 -0.376490 9133275301029908861305569639747338617160204288.000000 33
-0.680489 -0.312940 -101601071195025404159712877559175429034195550208.000000 21
-0.616669 -0.529062 -9955189855902687327026836414227692983238524928.000000 25
-0.664439 -0.453191 49050936420144319339349177082455168419148857344.000000 20
-0.735953 -0.529892 12969997438427274387425364030886759152897490944.000000 15
-0.616669 -0.529062 -9955189855902687327026836414227692983238524928.000000 25
-0.592925 -0.376490 9133275301029908861305569639747338617160204288.000000 33
-0.664439 -0.453191 49050936420144319339349177082455168419148857344.000000 20
-0.847640 -0.274036 507587978233622385590648499483296505669030510592.000000 11
-0.929776 -0.368125 142106357516837665272205551887799254459189559296.000000 3
-0.791796 -0.401964 -108269188315506342933710875290234258377857302528.000000 10
-0.577982 0.366799 461982245924742787526030859733664671595495424.000000 58
-0.479568 0.320346 -240693755978761111174350781566353198251245568.000000 75
-0.512882 0.469380 -88635167202692509744240015716688317632217088.000000 77
-0.381154 0.273894 -252332815612247969883755702055749376368705536.000000 78
-0.528266 0.210023 1063779536627294787856104422206202567710474240.000000 59
-0.413450 0.155828 521048848543386575578522068178300183504748544.000000 60
-0.389865 0.411315 79935855093510183092611232542342634862018560.000000 95
-0.479568 0.320346 -240693755978761111174350781566353198251245568.000000 75
-0.381154 0.273894 -252332815612247969883755702055749376368705536.000000 78
-0.250954 0.479057 -16720285864263831581803190355691759103639552.000000 114
-0.389865 0.411315 79935855093510183092611232542342634862018560.000000 95
-0.266847 0.353249 28985664663400242019450778776030993425891328.000000 98
-0.349368 0.525509 -16092063513905530903596412592525522744901632.000000 113
-0.447782 0.571962 21895392886623951449087366592837089170030592.000000 97
-0.389865 0.411315 79935855093510183092611232542342634862018560.000000 95
-0.577982 0.366799 461982245924742787526030859733664671595495424.000000 58
-0.528266 0.210023 1063779536627294787856104422206202567710474240.000000 59
-0.479568 0.320346 -240693755978761111174350781566353198251245568.000000 75
-0.080876 0.156675 -2111607732333467397017683727909895446462464.000000 110
-0.042554 0.274619 3934600921119559703904601403490635685560320.000000 117
-0.162647 0.251030 -18262262232761791311815473146345514292215808.000000 99
-0.189755 0.129154 58457473352913118472342925961829762662924288.000000 93
-0.080876 0.156675 -2111607732333467397017683727909895446462464.000000 110
-0.162647 0.251030 -18262262232761791311815473146345514292215808.000000 99
-0.282741 0.227442 20395219757060453500161873414945084809412608.000000 79
-0.189755 0.129154 58457473352913118472342925961829762662924288.000000 93
-0.162647 0.251030 -18262262232761791311815473146345514292215808.000000 99
-0.298634 0.101634 -471661336066038111082633601513063568482762752.000000 73
-0.216863 0.007278 172744358682277202167774694168170487215030272.000000 80
-0.189755 0.129154 58457473352913118472342925961829762662924288.000000 93
0.198854 -0.161776 223427484862491783770349427170649541967872.000000 141
0.078503 -0.051694 -614709666843452987295822796098880990609408.000000 122
0.067288 -0.173570 -2748338961830815229721804712571363328524288.000000 121
0.125317 0.034143 -1328288105181190370588977417151974373064704.000000 128
0.020079 0.059698 6084882016358636421505409112185601303511040.000000 118
0.078503 -0.051694 -614709666843452987295822796098880990609408.000000 122
0.196515 -0.037934 263753161565245954192636508707299235201024.000000 140
0.125317 0.034143 -1328288105181190370588977417151974373064704.000000 128
0.078503 -0.051694 -614709666843452987295822796098880990609408.000000 122
0.172130 0.119981 -640438320262935114400914423581932450217984.000000 137
0.020079 0.059698 6084882016358636421505409112185601303511040.000000 118
0.125317 0.034143 -1328288105181190370588977417151974373064704.000000 128
0.282741 0.227442 36176437091623531802613927312131488743424.000000 155
0.172130 0.119981 -640438320262935114400914423581932450217984.000000 137
0.298634 0.101634 75583893262615250043175764789519601106944.000000 156
0.282741 0.227442 36176437091623531802613927312131488743424.000000 155
0.163714 0.327039 -80477342091210999785215746246961709187072.000000 153
0.167922 0.223510 488474784319720169885162043914442514628608.000000 147
-0.080876 0.156675 -2111607732333467397017683727909895446462464.000000 110
-0.119199 0.038730 -31370839128062476070513363094058107144241152.000000 100
0.020079 0.059698 6084882016358636421505409112185601303511040.000000 118
-0.838383 -0.043527 568137372613972869598234054404282961312528465920.000000 12
-0.915249 0.040903 97405859925190916946570720878731361337615581184.000000 9
-1.000000 -0.000000 -1348352389377552490185134859595941241445144330240.000000 4
-0.903483 -0.146108 -1756528921538722139859130818168018102676480851968.000000 5
-1.000000 -0.000000 -1348352389377552490185134859595941241445144330240.000000 4
-0.992115 -0.125333 15577627688881335059250532144057437861000649900032.000000 1
-0.362206 -0.401597 471802368765287011126066367732117911965270016.000000 53
-0.378100 -0.527404 -354909869225061424541160005977924719351955456.000000 52
-0.272489 -0.433048 21653852946598164132182797585732463358902272.000000 67
-0.847640 -0.274036 507587978233622385590648499483296505669030510592.000000 11
-0.903483 -0.146108 -1756528921538722139859130818168018102676480851968.000000 5
-0.968583 -0.248690 -1785238013523628502722536324027199635296926826496.000000 2
-0.847640 -0.274036 507587978233622385590648499483296505669030510592.000000 11
-0.792049 -0.172045 122048850245932209378180340286376766923490721792.000000 13
-0.903483 -0.146108 -1756528921538722139859130818168018102676480851968.000000 5
-0.876307 -0.481754 11466279627847189154460341269531582327454433280.000000 6
-0.791796 -0.401964 -108269188315506342933710875290234258377857302528.000000 10
-0.929776 -0.368125 142106357516837665272205551887799254459189559296.000000 3
-0.664439 -0.453191 49050936420144319339349177082455168419148857344.000000 20
-0.791796 -0.401964 -108269188315506342933710875290234258377857302528.000000 10
-0.735953 -0.529892 12969997438427274387425364030886759152897490944.000000 15
-0.680615 -0.197981 13449775308795827417282068395532483283271024640.000000 22
-0.680489 -0.312940 -101601071195025404159712877559175429034195550208.000000 21
-0.569181 -0.223917 11844140860140829320156829972962352384723386368.000000 34
-0.680615 -0.197981 13449775308795827417282068395532483283271024640.000000 22
-0.792049 -0.172045 122048850245932209378180340286376766923490721792.000000 13
-0.680489 -0.312940 -101601071195025404159712877559175429034195550208.000000 21
-0.515073 -0.029496 -8922639174170877953546296554440946356741734400.000000 39
-0.441136 -0.097722 -211885724598555975423196866480937604145479680.000000 50
-0.445745 0.037763 2135074019283279333395951045989416371463651328.000000 54
-0.330420 -0.149981 405651707459321039957056938152962414891499520.000000 66
-0.469331 -0.217723 -2845641456288654771389873774827661620615839744.000000 49
-0.346313 -0.275789 1003234263755266061913085127907129915344945152.000000 64
-0.838383 -0.043527 568137372613972869598234054404282961312528465920.000000 12
-0.903483 -0.146108 -1756528921538722139859130818168018102676480851968.000000 5
-0.792049 -0.172045 122048850245932209378180340286376766923490721792.000000 13
-0.735953 -0.529892 12969997438427274387425364030886759152897490944.000000 15
-0.809017 -0.587785 -8635125954131889984989984725158951784269479936.000000 7
-0.728969 -0.684547 -2828199732024071114489306732140472066520383488.000000 14
-0.346313 -0.275789 1003234263755266061913085127907129915344945152.000000 64
-0.469331 -0.217723 -2845641456288654771389873774827661620615839744.000000 49
-0.443723 -0.339315 -4197016989851503285904656148627042514237390848.000000 48
-0.876307 -0.481754 11466279627847189154460341269531582327454433280.000000 6
-0.809017 -0.587785 -8635125954131889984989984725158951784269479936.000000 7
-0.735953 -0.529892 12969997438427274387425364030886759152897490944.000000 15
-0.309017 0.951057 -323184856152466869530968364844347744583680.000000 148
-0.317582 0.777124 635411319905774487815892726253956018208768.000000 131
-0.203275 0.856480 -17900417937675267331702148451280755884032.000000 149
-0.915249 0.040903 97405859925190916946570720878731361337615581184.000000 9
-0.992115 0.125333 131909856264483935245066799465173327699458916352.000000 8
-1.000000 -0.000000 -1348352389377552490185134859595941241445144330240.000000 4
-0.773283 0.059054 -87608036036028285350383300639420290269546807296.000000 18
-0.915249 0.040903 97405859925190916946570720878731361337615581184.000000 9
-0.838383 -0.043527 568137372613972869598234054404282961312528465920.000000 12
-0.773283 0.059054 -87608036036028285350383300639420290269546807296.000000 18
-0.838383 0.205163 -26341987866682699535541830840674513705158836224.000000 17
-0.915249 0.040903 97405859925190916946570720878731361337615581184.000000 9
-0.317582 0.777124 635411319905774487815892726253956018208768.000000 131
-0.309017 0.951057 -323184856152466869530968364844347744583680.000000 148
-0.425779 0.904827 468117325488499843995464089995623463387136.000000 130
-0.447782 0.737755 -1698369874913780586778050233360807746338816.000000 112
-0.425779 0.904827 468117325488499843995464089995623463387136.000000 130
-0.535827 0.844328 -540346448502525148594301364007494616088576.000000 111
-0.992115 0.125333 131909856264483935245066799465173327699458916352.000000 8
-0.915249 0.040903 97405859925190916946570720878731361337615581184.000000 9
-0.838383 0.205163 -26341987866682699535541830840674513705158836224.000000 17
-0.382682 0.674543 -2511577270154353421942459698355899188903936.000000 115
-0.447782 0.571962 21895392886623951449087366592837089170030592.000000 97
-0.349368 0.525509 -16092063513905530903596412592525522744901632.000000 113
-0.425779 0.904827 468117325488499843995464089995623463387136.000000 130
-0.447782 0.737755 -1698369874913780586778050233360807746338816.000000 112
-0.317582 0.777124 635411319905774487815892726253956018208768.000000 131
-0.382682 0.674543 -2511577270154353421942459698355899188903936.000000 115
-0.349368 0.525509 -16092063513905530903596412592525522744901632.000000 113
-0.235061 0.604864 5227887125366806651614583827364381523443712.000000 132
-0.816683 0.308437 5467897528948964830904708004426688284709617664.000000 27
-0.968583 0.248690 -17085875924936718362014591384599821842196201472.000000 16
-0.838383 0.205163 -26341987866682699535541830840674513705158836224.000000 17
-0.816683 0.308437 5467897528948964830904708004426688284709617664.000000 27
-0.929776 0.368125 1676594606140727114817880250504337528503402496.000000 26
-0.968583 0.248690 -17085875924936718362014591384599821842196201472.000000 16
-0.708183 0.161636 12368560340491996049422628899907133953353449472.000000 28
-0.816683 0.308437 5467897528948964830904708004426688284709617664.000000 27
-0.838383 0.205163 -26341987866682699535541830840674513705158836224.000000 17
-0.794983 0.411712 -980619226441683752020479199099404443231191040.000000 41
-0.929776 0.368125 1676594606140727114817880250504337528503402496.000000 26
-0.816683 0.308437 5467897528948964830904708004426688284709617664.000000 27
-0.314527 -0.024174 -390974360990664032980258339978723281736826880.000000 65
-0.330420 -0.149981 405651707459321039957056938152962414891499520.000000 66
-0.157522 -0.079215 2715257899088576381418884790466009855164416.000000 85
-0.080876 0.156675 -2111607732333467397017683727909895446462464.000000 110
-0.189755 0.129154 58457473352913118472342925961829762662924288.000000 93
-0.119199 0.038730 -31370839128062476070513363094058107144241152.000000 100
-0.576964 0.099699 -5404578703105510474418646198742470793772400640.000000 44
-0.528266 0.210023 1063779536627294787856104422206202567710474240.000000 59
-0.643082 0.264217 -1183575938262694416378361810069254162381537280.000000 43
-0.773283 0.059054 -87608036036028285350383300639420290269546807296.000000 18
-0.658594 0.038247 34149609727294011483640227979511928256592871424.000000 29
-0.708183 0.161636 12368560340491996049422628899907133953353449472.000000 28
-0.445745 0.037763 2135074019283279333395951045989416371463651328.000000 54
-0.413450 0.155828 521048848543386575578522068178300183504748544.000000 60
-0.576964 0.099699 -5404578703105510474418646198742470793772400640.000000 44
-0.216863 0.007278 172744358682277202167774694168170487215030272.000000 80
-0.298634 0.101634 -471661336066038111082633601513063568482762752.000000 73
-0.314527 -0.024174 -390974360990664032980258339978723281736826880.000000 65
-0.157522 -0.079215 2715257899088576381418884790466009855164416.000000 85
-0.216863 0.007278 172744358682277202167774694168170487215030272.000000 80
-0.314527 -0.024174 -390974360990664032980258339978723281736826880.000000 65
-0.119199 0.038730 -31370839128062476070513363094058107144241152.000000 100
-0.189755 0.129154 58457473352913118472342925961829762662924288.000000 93
-0.216863 0.007278 172744358682277202167774694168170487215030272.000000 80
-0.576964 0.099699 -5404578703105510474418646198742470793772400640.000000 44
-0.643082 0.264217 -1183575938262694416378361810069254162381537280.000000 43
-0.708183 0.161636 12368560340491996049422628899907133953353449472.000000 28
-0.413450 0.155828 521048848543386575578522068178300183504748544.000000 60
-0.528266 0.210023 1063779536627294787856104422206202567710474240.000000 59
-0.576964 0.099699 -5404578703105510474418646198742470793772400640.000000 44
-0.298634 0.101634 -471661336066038111082633601513063568482762752.000000 73
-0.413450 0.155828 521048848543386575578522068178300183504748544.000000 60
-0.445745 0.037763 2135074019283279333395951045989416371463651328.000000 54
-0.298634 0.101634 -471661336066038111082633601513063568482762752.000000 73
-0.282741 0.227442 20395219757060453500161873414945084809412608.000000 79
-0.413450 0.155828 521048848543386575578522068178300183504748544.000000 60
-0.381154 0.273894 -252332815612247969883755702055749376368705536.000000 78
-0.266847 0.353249 28985664663400242019450778776030993425891328.000000 98
-0.389865 0.411315 79935855093510183092611232542342634862018560.000000 95
-0.381154 0.273894 -252332815612247969883755702055749376368705536.000000 78
-0.282741 0.227442 20395219757060453500161873414945084809412608.000000 79
-0.266847 0.353249 28985664663400242019450778776030993425891328.000000 98
-0.528266 0.210023 1063779536627294787856104422206202567710474240.000000 59
-0.381154 0.273894 -252332815612247969883755702055749376368705536.000000 78
-0.479568 0.320346 -240693755978761111174350781566353198251245568.000000 75
-0.413450 0.155828 521048848543386575578522068178300183504748544.000000 60
-0.282741 0.227442 20395219757060453500161873414945084809412608.000000 79
-0.381154 0.273894 -252332815612247969883755702055749376368705536.000000 78
-0.577982 0.366799 461982245924742787526030859733664671595495424.000000 58
-0.643082 0.264217 -1183575938262694416378361810069254162381537280.000000 43
-0.528266 0.210023 1063779536627294787856104422206202567710474240.000000 59
-0.577982 0.366799 461982245924742787526030859733664671595495424.000000 58
-0.610532 0.481301 508244464477402988192616820952683573044838400.000000 57
-0.719033 0.337964 -2652791337348952280949851571370643982466940928.000000 42
-0.621382 0.574733 -94033772830193509966275465872611536692838400.000000 76
-0.708183 0.493222 588460784436868698820365075417617323706548224.000000 56
-0.610532 0.481301 508244464477402988192616820952683573044838400.000000 57
-0.719033 0.337964 -2652791337348952280949851571370643982466940928.000000 42
-0.816683 0.308437 5467897528948964830904708004426688284709617664.000000 27
-0.708183 0.161636 12368560340491996049422628899907133953353449472.000000 28
-0.577982 0.366799 461982245924742787526030859733664671595495424.000000 58
-0.719033 0.337964 -2652791337348952280949851571370643982466940928.000000 42
-0.643082 0.264217 -1183575938262694416378361810069254162381537280.000000 43
-0.794983 0.411712 -980619226441683752020479199099404443231191040.000000 41
-0.816683 0.308437 5467897528948964830904708004426688284709617664.000000 27
-0.719033 0.337964 -2652791337348952280949851571370643982466940928.000000 42
-0.708183 0.493222 588460784436868698820365075417617323706548224.000000 56
-0.794983 0.411712 -980619226441683752020479199099404443231191040.000000 41
-0.719033 0.337964 -2652791337348952280949851571370643982466940928.000000 42
-0.610532 0.481301 508244464477402988192616820952683573044838400.000000 57
-0.708183 0.493222 588460784436868698820365075417617323706548224.000000 56
-0.719033 0.337964 -2652791337348952280949851571370643982466940928.000000 42
-0.512882 0.469380 -88635167202692509744240015716688317632217088.000000 77
-0.610532 0.481301 508244464477402988192616820952683573044838400.000000 57
-0.577982 0.366799 461982245924742787526030859733664671595495424.000000 58
-0.512882 0.469380 -88635167202692509744240015716688317632217088.000000 77
-0.621382 0.574733 -94033772830193509966275465872611536692838400.000000 76
-0.610532 0.481301 508244464477402988192616820952683573044838400.000000 57
-0.621382 0.574733 -94033772830193509966275465872611536692838400.000000 76
-0.809017 0.587785 -146460340545944837816147245983765524387987456.000000 55
-0.708183 0.493222 588460784436868698820365075417617323706548224.000000 56
-0.876307 0.481754 -135585867375351826331231747002866371815014400.000000 40
-0.929776 0.368125 1676594606140727114817880250504337528503402496.000000 26
-0.794983 0.411712 -980619226441683752020479199099404443231191040.000000 41
-0.445745 0.037763 2135074019283279333395951045989416371463651328.000000 54
-0.441136 -0.097722 -211885724598555975423196866480937604145479680.000000 50
-0.314527 -0.024174 -390974360990664032980258339978723281736826880.000000 65
-0.838383 0.205163 -26341987866682699535541830840674513705158836224.000000 17
-0.773283 0.059054 -87608036036028285350383300639420290269546807296.000000 18
-0.708183 0.161636 12368560340491996049422628899907133953353449472.000000 28
-0.643082 0.264217 -1183575938262694416378361810069254162381537280.000000 43
-0.719033 0.337964 -2652791337348952280949851571370643982466940928.000000 42
-0.708183 0.161636 12368560340491996049422628899907133953353449472.000000 28
-0.968583 0.248690 -17085875924936718362014591384599821842196201472.000000 16
-0.992115 0.125333 131909856264483935245066799465173327699458916352.000000 8
-0.838383 0.205163 -26341987866682699535541830840674513705158836224.000000 17
-0.515073 -0.029496 -8922639174170877953546296554440946356741734400.000000 39
-0.576964 0.099699 -5404578703105510474418646198742470793772400640.000000 44
-0.658594 0.038247 34149609727294011483640227979511928256592871424.000000 29
-0.441136 -0.097722 -211885724598555975423196866480937604145479680.000000 50
-0.515073 -0.029496 -8922639174170877953546296554440946356741734400.000000 39
-0.584401 -0.096754 8994987205978840639784546632259810799950757888.000000 35
-0.445745 0.037763 2135074019283279333395951045989416371463651328.000000 54
-0.576964 0.099699 -5404578703105510474418646198742470793772400640.000000 44
-0.515073 -0.029496 -8922639174170877953546296554440946356741734400.000000 39
-0.794983 0.411712 -980619226441683752020479199099404443231191040.000000 41
-0.708183 0.493222 588460784436868698820365075417617323706548224.000000 56
-0.876307 0.481754 -135585867375351826331231747002866371815014400.000000 40
-0.447782 0.571962 21895392886623951449087366592837089170030592.000000 97
-0.534582 0.656244 10742546816459563276002066324525248793280512.000000 96
-0.621382 0.574733 -94033772830193509966275465872611536692838400.000000 76
-0.389865 0.411315 79935855093510183092611232542342634862018560.000000 95
-0.447782 0.571962 21895392886623951449087366592837089170030592.000000 97
-0.512882 0.469380 -88635167202692509744240015716688317632217088.000000 77
-0.479568 0.320346 -240693755978761111174350781566353198251245568.000000 75
-0.389865 0.411315 79935855093510183092611232542342634862018560.000000 95
-0.512882 0.469380 -88635167202692509744240015716688317632217088.000000 77
-0.250954 0.479057 -16720285864263831581803190355691759103639552.000000 114
-0.235061 0.604864 5227887125366806651614583827364381523443712.000000 132
-0.349368 0.525509 -16092063513905530903596412592525522744901632.000000 113
-0.382682 0.674543 -2511577270154353421942459698355899188903936.000000 115
-0.534582 0.656244 10742546816459563276002066324525248793280512.000000 96
-0.447782 0.571962 21895392886623951449087366592837089170030592.000000 97
-0.728969 0.684547 72478067907666288911823826832760253215408128.000000 74
-0.809017 0.587785 -146460340545944837816147245983765524387987456.000000 55
-0.621382 0.574733 -94033772830193509966275465872611536692838400.000000 76
-0.447782 0.737755 -1698369874913780586778050233360807746338816.000000 112
-0.382682 0.674543 -2511577270154353421942459698355899188903936.000000 115
-0.317582 0.777124 635411319905774487815892726253956018208768.000000 131
-0.534582 0.656244 10742546816459563276002066324525248793280512.000000 96
-0.447782 0.737755 -1698369874913780586778050233360807746338816.000000 112
-0.535827 0.844328 -540346448502525148594301364007494616088576.000000 111
-0.534582 0.656244 10742546816459563276002066324525248793280512.000000 96
-0.382682 0.674543 -2511577270154353421942459698355899188903936.000000 115
-0.447782 0.737755 -1698369874913780586778050233360807746338816.000000 112
-0.728969 0.684547 72478067907666288911823826832760253215408128.000000 74
-0.631775 0.670396 5779413043810472059589331596428128286670848.000000 92
-0.637424 0.770513 -14422363002553637389347241341914304024150016.000000 94
-0.621382 0.574733 -94033772830193509966275465872611536692838400.000000 76
-0.512882 0.469380 -88635167202692509744240015716688317632217088.000000 77
-0.447782 0.571962 21895392886623951449087366592837089170030592.000000 97
-0.631775 0.670396 5779413043810472059589331596428128286670848.000000 92
-0.534582 0.656244 10742546816459563276002066324525248793280512.000000 96
-0.637424 0.770513 -14422363002553637389347241341914304024150016.000000 94
-0.621382 0.574733 -94033772830193509966275465872611536692838400.000000 76
-0.631775 0.670396 5779413043810472059589331596428128286670848.000000 92
-0.728969 0.684547 72478067907666288911823826832760253215408128.000000 74
-0.621382 0.574733 -94033772830193509966275465872611536692838400.000000 76
-0.534582 0.656244 10742546816459563276002066324525248793280512.000000 96
-0.631775 0.670396 5779413043810472059589331596428128286670848.000000 92
0.794983 0.411712 -56324167561274984373691381599900270592.000000 236
0.929776 0.368125 -56098248507784484542997816612646551552.000000 237
0.876307 0.481754 122002165668143333630588392815340814336.000000 242
0.708183 0.493222 -170032176168616033713498747757660209152.000000 238
0.794983 0.411712 -56324167561274984373691381599900270592.000000 236
0.876307 0.481754 122002165668143333630588392815340814336.000000 242
0.610532 0.481301 291116689405489167088723145191598325760.000000 223
0.577982 0.366799 -495239542725287336863082425492566966272.000000 208
0.719033 0.337964 182010286643206555686327987557090983936.000000 222
0.349368 0.525509 9147505519127530387382342975388712435712.000000 189
0.512882 0.469380 -1912211586400302165823578397496710266880.000000 207
0.447782 0.571962 -2706071272221958456984211175919528706048.000000 205
0.349368 0.525509 9147505519127530387382342975388712435712.000000 189
0.422415 0.360024 2175380032722700757088919589231225995264.000000 190
0.512882 0.469380 -1912211586400302165823578397496710266880.000000 207
0.445745 0.037763 -2712663676588830232674689739465349398528.000000 170
0.314527 -0.024174 -59665450458920691751595194719059830636544.000000 157
0.441136 -0.097722 24655312885341294292560886771902020845568.000000 175
0.643082 0.264217 -937141935667235905057041231732013006848.000000 206
0.522968 0.251959 2466302241604438264802263363172331159552.000000 191
0.571666 0.141635 3747385327094708556478569885456876437504.000000 188
0.794983 0.245918 195030699789960027274689884227899490304.000000 220
0.719033 0.337964 182010286643206555686327987557090983936.000000 222
0.643082 0.264217 -937141935667235905057041231732013006848.000000 206
0.870933 0.153872 91490141102236763520241819059845332992.000000 219
0.794983 0.245918 195030699789960027274689884227899490304.000000 220
0.708183 0.161636 -655577034887156173091329227864494047232.000000 204
0.870933 0.153872 91490141102236763520241819059845332992.000000 219
0.968583 0.248690 -82275629924533180423182985136231677952.000000 230
0.794983 0.245918 195030699789960027274689884227899490304.000000 220
0.577982 0.366799 -495239542725287336863082425492566966272.000000 208
0.422415 0.360024 2175380032722700757088919589231225995264.000000 190
0.522968 0.251959 2466302241604438264802263363172331159552.000000 191
0.040329 0.180264 -1286574210227477381890545595645791509151744.000000 129
0.167922 0.223510 488474784319720169885162043914442514628608.000000 147
0.060580 0.300829 -316041634778768733467049146873104067198976.000000 136
0.794983 0.245918 195030699789960027274689884227899490304.000000 220
0.643082 0.264217 -937141935667235905057041231732013006848.000000 206
0.708183 0.161636 -655577034887156173091329227864494047232.000000 204
0.708183 0.493222 -170032176168616033713498747757660209152.000000 238
0.719033 0.337964 182010286643206555686327987557090983936.000000 222
0.794983 0.411712 -56324167561274984373691381599900270592.000000 236
0.577982 0.366799 -495239542725287336863082425492566966272.000000 208
0.643082 0.264217 -937141935667235905057041231732013006848.000000 206
0.719033 0.337964 182010286643206555686327987557090983936.000000 222
0.915249 0.040903 -13947172422903371813955325974026387456.000000 228
0.773283 0.059054 47369197620988224657084465119443812352.000000 215
0.838383 -0.043527 -158482052401937532115788680405591261184.000000 225
1.000000 -0.000000 107740539663609387595805153109838135296.000000 240
0.915249 0.040903 -13947172422903371813955325974026387456.000000 228
0.838383 -0.043527 -158482052401937532115788680405591261184.000000 225
0.992115 0.125333 -27850989090353029716251490383202091008.000000 233
0.968583 0.248690 -82275629924533180423182985136231677952.000000 230
0.870933 0.153872 91490141102236763520241819059845332992.000000 219
0.794983 0.245918 195030699789960027274689884227899490304.000000 220
0.929776 0.368125 -56098248507784484542997816612646551552.000000 237
0.794983 0.411712 -56324167561274984373691381599900270592.000000 236
0.062791 0.998027 -2694270777171731143798537498814339612672.000000 198
0.023973 0.872212 -843933040081599099540444612268692340736.000000 184
0.187381 0.982287 -3736756659067223342120354523743577440256.000000 199
0.425779 0.904827 621752392238142523914479691658290003968.000000 216
0.309017 0.951057 -5821904366609055344747965134721463091200.000000 214
0.360982 0.819266 2542310828374504084464256098251130798080.000000 203
0.309017 0.951057 -5821904366609055344747965134721463091200.000000 214
0.203275 0.856480 15135541362190651480776812700300528844800.000000 200
0.360982 0.819266 2542310828374504084464256098251130798080.000000 203
0.382682 0.674543 7446893884069117410937506697141800665088.000000 202
0.447782 0.737755 -1811863854654704050627290372141500858368.000000 218
0.360982 0.819266 2542310828374504084464256098251130798080.000000 203
0.512882 0.469380 -1912211586400302165823578397496710266880.000000 207
0.621382 0.574733 793385448438761449323115721562156695552.000000 221
0.447782 0.571962 -2706071272221958456984211175919528706048.000000 205
0.719033 0.337964 182010286643206555686327987557090983936.000000 222
0.708183 0.493222 -170032176168616033713498747757660209152.000000 238
0.610532 0.481301 291116689405489167088723145191598325760.000000 223
0.809017 0.587785 -187312413134854899366860984572167847936.000000 235
0.728969 0.684547 -256143237982628583314079196733992075264.000000 234
0.621382 0.574733 793385448438761449323115721562156695552.000000 221
0.621382 0.574733 793385448438761449323115721562156695552.000000 221
0.534582 0.656244 -554351370537431567593251916659424231424.000000 217
0.447782 0.571962 -2706071272221958456984211175919528706048.000000 205
0.809017 0.587785 -187312413134854899366860984572167847936.000000 235
0.621382 0.574733 793385448438761449323115721562156695552.000000 221
0.708183 0.493222 -170032176168616033713498747757660209152.000000 238
0.631775 0.670396 -11261365184853182594229871639883939840.000000 229
0.534582 0.656244 -554351370537431567593251916659424231424.000000 217
0.621382 0.574733 793385448438761449323115721562156695552.000000 221
0.728969 0.684547 -256143237982628583314079196733992075264.000000 234
0.631775 0.670396 -11261365184853182594229871639883939840.000000 229
0.621382 0.574733 793385448438761449323115721562156695552.000000 221
0.728969 0.684547 -256143237982628583314079196733992075264.000000 234
0.637424 0.770513 81103167992082495558579849212437987328.000000 231
0.631775 0.670396 -11261365184853182594229871639883939840.000000 229
0.447782 0.737755 -1811863854654704050627290372141500858368.000000 218
0.425779 0.904827 621752392238142523914479691658290003968.000000 216
0.360982 0.819266 2542310828374504084464256098251130798080.000000 203
0.794983 0.245918 195030699789960027274689884227899490304.000000 220
0.794983 0.411712 -56324167561274984373691381599900270592.000000 236
0.719033 0.337964 182010286643206555686327987557090983936.000000 222
0.610532 0.481301 291116689405489167088723145191598325760.000000 223
0.621382 0.574733 793385448438761449323115721562156695552.000000 221
0.512882 0.469380 -1912211586400302165823578397496710266880.000000 207
0.577982 0.366799 -495239542725287336863082425492566966272.000000 208
0.610532 0.481301 291116689405489167088723145191598325760.000000 223
0.512882 0.469380 -1912211586400302165823578397496710266880.000000 207
0.708183 0.493222 -170032176168616033713498747757660209152.000000 238
0.621382 0.574733 793385448438761449323115721562156695552.000000 221
0.610532 0.481301 291116689405489167088723145191598325760.000000 223
0.637424 0.770513 81103167992082495558579849212437987328.000000 231
0.534582 0.656244 -554351370537431567593251916659424231424.000000 217
0.631775 0.670396 -11261365184853182594229871639883939840.000000 229
0.637424 0.770513 81103167992082495558579849212437987328.000000 231
0.535827 0.844328 647784789809853321216857315624857108480.000000 232
0.534582 0.656244 -554351370537431567593251916659424231424.000000 217
0.235061 0.604864 -20116105591993685288397438815706988675072.000000 186
0.219168 0.730672 -26516437690391974658866810843483365965824.000000 187
0.072414 0.628453 218581146145656925740831767079203226255360.000000 169
0.447782 0.737755 -1811863854654704050627290372141500858368.000000 218
0.535827 0.844328 647784789809853321216857315624857108480.000000 232
0.425779 0.904827 621752392238142523914479691658290003968.000000 216
0.534582 0.656244 -554351370537431567593251916659424231424.000000 217
0.447782 0.737755 -1811863854654704050627290372141500858368.000000 218
0.382682 0.674543 7446893884069117410937506697141800665088.000000 202
0.534582 0.656244 -554351370537431567593251916659424231424.000000 217
0.535827 0.844328 647784789809853321216857315624857108480.000000 232
0.447782 0.737755 -1811863854654704050627290372141500858368.000000 218
-0.135539 0.372907 95674792389371147423727729147328726040576.000000 116
-0.250954 0.479057 -16720285864263831581803190355691759103639552.000000 114
-0.266847 0.353249 28985664663400242019450778776030993425891328.000000 98
0.060580 0.300829 -316041634778768733467049146873104067198976.000000 136
-0.004231 0.392564 -1010387581866792933102816008903551904382976.000000 135
-0.042554 0.274619 3934600921119559703904601403490635685560320.000000 117
0.040329 0.180264 -1286574210227477381890545595645791509151744.000000 129
0.060580 0.300829 -316041634778768733467049146873104067198976.000000 136
-0.042554 0.274619 3934600921119559703904601403490635685560320.000000 117
0.163714 0.327039 -80477342091210999785215746246961709187072.000000 153
0.123361 0.435810 230172068973536217112428835215842815770624.000000 154
0.060580 0.300829 -316041634778768733467049146873104067198976.000000 136
-0.080876 0.156675 -2111607732333467397017683727909895446462464.000000 110
0.020079 0.059698 6084882016358636421505409112185601303511040.000000 118
0.040329 0.180264 -1286574210227477381890545595645791509151744.000000 129
0.266847 0.353249 -23451034126037994135127468742420163723264.000000 172
0.250954 0.479057 -32344836361237260663755453717318132039680.000000 171
0.123361 0.435810 230172068973536217112428835215842815770624.000000 154
-0.108431 0.494783 2281504146504526838026425778990531219554304.000000 133
-0.250954 0.479057 -16720285864263831581803190355691759103639552.000000 114
-0.135539 0.372907 95674792389371147423727729147328726040576.000000 116
-0.004231 0.392564 -1010387581866792933102816008903551904382976.000000 135
-0.108431 0.494783 2281504146504526838026425778990531219554304.000000 133
-0.135539 0.372907 95674792389371147423727729147328726040576.000000 116
0.034091 0.510509 -89069990165416969949484519876510623989760.000000 151
0.072414 0.628453 218581146145656925740831767079203226255360.000000 169
-0.081324 0.616659 -1182563608449380316510242686261784041488384.000000 152
0.034091 0.510509 -89069990165416969949484519876510623989760.000000 151
0.123361 0.435810 230172068973536217112428835215842815770624.000000 154
0.134576 0.557687 -59949017895676856147505254044520572518400.000000 168
0.381154 0.273894 527460481833262257536082179462296240128.000000 173
0.266847 0.353249 -23451034126037994135127468742420163723264.000000 172
0.282741 0.227442 36176437091623531802613927312131488743424.000000 155
0.413450 0.155828 -18356071341624049750053803563906454519808.000000 174
0.445745 0.037763 -2712663676588830232674689739465349398528.000000 170
0.571666 0.141635 3747385327094708556478569885456876437504.000000 188
0.282741 0.227442 36176437091623531802613927312131488743424.000000 155
0.413450 0.155828 -18356071341624049750053803563906454519808.000000 174
0.381154 0.273894 527460481833262257536082179462296240128.000000 173
0.298634 0.101634 75583893262615250043175764789519601106944.000000 156
0.445745 0.037763 -2712663676588830232674689739465349398528.000000 170
0.413450 0.155828 -18356071341624049750053803563906454519808.000000 174
0.577982 0.366799 -495239542725287336863082425492566966272.000000 208
0.512882 0.469380 -1912211586400302165823578397496710266880.000000 207
0.422415 0.360024 2175380032722700757088919589231225995264.000000 190
0.134576 0.557687 -59949017895676856147505254044520572518400.000000 168
0.235061 0.604864 -20116105591993685288397438815706988675072.000000 186
0.072414 0.628453 218581146145656925740831767079203226255360.000000 169
0.034091 0.510509 -89069990165416969949484519876510623989760.000000 151
0.134576 0.557687 -59949017895676856147505254044520572518400.000000 168
0.072414 0.628453 218581146145656925740831767079203226255360.000000 169
0.123361 0.435810 230172068973536217112428835215842815770624.000000 154
0.250954 0.479057 -32344836361237260663755453717318132039680.000000 171
0.134576 0.557687 -59949017895676856147505254044520572518400.000000 168
0.422415 0.360024 2175380032722700757088919589231225995264.000000 190
0.349368 0.525509 9147505519127530387382342975388712435712.000000 189
0.266847 0.353249 -23451034126037994135127468742420163723264.000000 172
0.349368 0.525509 9147505519127530387382342975388712435712.000000 189
0.235061 0.604864 -20116105591993685288397438815706988675072.000000 186
0.250954 0.479057 -32344836361237260663755453717318132039680.000000 171
0.266847 0.353249 -23451034126037994135127468742420163723264.000000 172
0.349368 0.525509 9147505519127530387382342975388712435712.000000 189
0.250954 0.479057 -32344836361237260663755453717318132039680.000000 171
0.447782 0.571962 -2706071272221958456984211175919528706048.000000 205
0.382682 0.674543 7446893884069117410937506697141800665088.000000 202
0.349368 0.525509 9147505519127530387382342975388712435712.000000 189
0.023973 0.872212 -843933040081599099540444612268692340736.000000 184
0.062791 0.998027 -2694270777171731143798537498814339612672.000000 198
-0.062791 0.998027 16508597782910026127075105693784940216320.000000 182
-0.089651 0.864346 -92717426051004156575845125051515995684864.000000 166
0.023973 0.872212 -843933040081599099540444612268692340736.000000 184
-0.062791 0.998027 16508597782910026127075105693784940216320.000000 182
-0.187381 0.982287 86871790797236218978847408712207961161728.000000 165
-0.089651 0.864346 -92717426051004156575845125051515995684864.000000 166
-0.062791 0.998027 16508597782910026127075105693784940216320.000000 182
-0.203275 0.856480 -17900417937675267331702148451280755884032.000000 149
-0.109200 0.735914 336666372548288154005027315778773755887616.000000 150
-0.089651 0.864346 -92717426051004156575845125051515995684864.000000 166
0.000768 0.741156 146864101306374651262325054118189068189696.000000 167
0.110736 0.746398 -63140472658527276042312398357709023346688.000000 183
0.023973 0.872212 -843933040081599099540444612268692340736.000000 184
0.219168 0.730672 -26516437690391974658866810843483365965824.000000 187
0.110736 0.746398 -63140472658527276042312398357709023346688.000000 183
0.072414 0.628453 218581146145656925740831767079203226255360.000000 169
0.203275 0.856480 15135541362190651480776812700300528844800.000000 200
0.187381 0.982287 -3736756659067223342120354523743577440256.000000 199
0.023973 0.872212 -843933040081599099540444612268692340736.000000 184
0.187381 0.982287 -3736756659067223342120354523743577440256.000000 199
0.203275 0.856480 15135541362190651480776812700300528844800.000000 200
0.309017 0.951057 -5821904366609055344747965134721463091200.000000 214
-0.235061 0.604864 5227887125366806651614583827364381523443712.000000 132
-0.250954 0.479057 -16720285864263831581803190355691759103639552.000000 114
-0.108431 0.494783 2281504146504526838026425778990531219554304.000000 133
-0.109200 0.735914 336666372548288154005027315778773755887616.000000 150
-0.203275 0.856480 -17900417937675267331702148451280755884032.000000 149
-0.219168 0.730672 -584206998287533811410754072175106964062208.000000 134
0.072414 0.628453 218581146145656925740831767079203226255360.000000 169
0.000768 0.741156 146864101306374651262325054118189068189696.000000 167
-0.081324 0.616659 -1182563608449380316510242686261784041488384.000000 152
0.000768 0.741156 146864101306374651262325054118189068189696.000000 167
0.023973 0.872212 -843933040081599099540444612268692340736.000000 184
-0.089651 0.864346 -92717426051004156575845125051515995684864.000000 166
-0.219168 0.730672 -584206998287533811410754072175106964062208.000000 134
-0.317582 0.777124 635411319905774487815892726253956018208768.000000 131
-0.382682 0.674543 -2511577270154353421942459698355899188903936.000000 115
-0.108431 0.494783 2281504146504526838026425778990531219554304.000000 133
-0.081324 0.616659 -1182563608449380316510242686261784041488384.000000 152
-0.235061 0.604864 5227887125366806651614583827364381523443712.000000 132
-0.203275 0.856480 -17900417937675267331702148451280755884032.000000 149
-0.317582 0.777124 635411319905774487815892726253956018208768.000000 131
-0.219168 0.730672 -584206998287533811410754072175106964062208.000000 134
0.809017 0.587785 -187312413134854899366860984572167847936.000000 235
0.708183 0.493222 -170032176168616033713498747757660209152.000000 238
0.876307 0.481754 122002165668143333630588392815340814336.000000 242
0.469331 -0.217723 -27776390370537015702033074334422142025728.000000 178
0.443723 -0.339315 -57076649219611411047708765592090633568256.000000 177
0.569181 -0.223917 11870490876083253787889079536085496758272.000000 195
0.992115 -0.125333 83239637778048692466171413918663049216.000000 243
0.903483 -0.146108 -217680778741296909856130669933003538432.000000 239
0.968583 -0.248690 -8045500617728509048110547720734769152.000000 241
0.992115 -0.125333 83239637778048692466171413918663049216.000000 243
1.000000 -0.000000 107740539663609387595805153109838135296.000000 240
0.903483 -0.146108 -217680778741296909856130669933003538432.000000 239
-0.616669 -0.529062 -9955189855902687327026836414227692983238524928.000000 25
-0.518255 -0.575515 1677653204952797206141949197690722689130430464.000000 36
-0.486789 -0.444362 458496979022217570016955341941466149901303808.000000 38
-0.728969 -0.684547 -2828199732024071114489306732140472066520383488.000000 14
-0.658410 -0.623625 -377479094585383260690932317022386210968961024.000000 24
-0.735953 -0.529892 12969997438427274387425364030886759152897490944.000000 15
-0.433694 -0.622226 -205711365540467750088577626511095731442417664.000000 37
-0.409886 -0.779019 78048351108219583970464227512788488908963840.000000 45
-0.349134 -0.668938 68311597011870199397000317788198496228081664.000000 51
-0.637424 -0.770513 607891886990358622298716107386335142009110528.000000 19
-0.534148 -0.701322 -261136458642336410772735709317549996816465920.000000 31
-0.658410 -0.623625 -377479094585383260690932317022386210968961024.000000 24
-0.637424 -0.770513 607891886990358622298716107386335142009110528.000000 19
-0.535827 -0.844328 -28267373906606363445216670849733057602125824.000000 30
-0.534148 -0.701322 -261136458642336410772735709317549996816465920.000000 31
0.664439 -0.453191 -2113932767532349605816320305221783781376.000000 197
0.736206 -0.299972 -4061343919288627397691806953096511225856.000000 212
0.592925 -0.376490 12086796086012266525303657793438418468864.000000 194
0.736206 -0.299972 -4061343919288627397691806953096511225856.000000 212
0.792049 -0.172045 934753180774265864753795973993245704192.000000 224
0.680615 -0.197981 -1783876666316142556022364679144415952896.000000 209
0.929776 -0.368125 -478123282757725020439200335051857330176.000000 226
0.847640 -0.274036 418310318574111483943050737062307168256.000000 227
0.791796 -0.401964 1112182957271173680638341093043392741376.000000 213
0.929776 -0.368125 -478123282757725020439200335051857330176.000000 226
0.968583 -0.248690 -8045500617728509048110547720734769152.000000 241
0.847640 -0.274036 418310318574111483943050737062307168256.000000 227
0.715365 -0.101593 184524398399572817231406238071401742336.000000 210
0.584401 -0.096754 -586825920116566726111394988874920886272.000000 192
0.680615 -0.197981 -1783876666316142556022364679144415952896.000000 209
0.773283 0.059054 47369197620988224657084465119443812352.000000 215
0.715365 -0.101593 184524398399572817231406238071401742336.000000 210
0.838383 -0.043527 -158482052401937532115788680405591261184.000000 225
0.662567 0.006795 277415558407821481628934762430696783872.000000 201
0.708183 0.161636 -655577034887156173091329227864494047232.000000 204
0.571666 0.141635 3747385327094708556478569885456876437504.000000 188
-0.592925 -0.376490 9133275301029908861305569639747338617160204288.000000 33
-0.486789 -0.444362 458496979022217570016955341941466149901303808.000000 38
-0.443723 -0.339315 -4197016989851503285904656148627042514237390848.000000 48
-0.791796 -0.401964 -108269188315506342933710875290234258377857302528.000000 10
-0.664439 -0.453191 49050936420144319339349177082455168419148857344.000000 20
-0.680489 -0.312940 -101601071195025404159712877559175429034195550208.000000 21
-0.616669 -0.529062 -9955189855902687327026836414227692983238524928.000000 25
-0.486789 -0.444362 458496979022217570016955341941466149901303808.000000 38
-0.592925 -0.376490 9133275301029908861305569639747338617160204288.000000 33
-0.584401 -0.096754 8994987205978840639784546632259810799950757888.000000 35
-0.569181 -0.223917 11844140860140829320156829972962352384723386368.000000 34
-0.469331 -0.217723 -2845641456288654771389873774827661620615839744.000000 49
-0.680489 -0.312940 -101601071195025404159712877559175429034195550208.000000 21
-0.847640 -0.274036 507587978233622385590648499483296505669030510592.000000 11
-0.791796 -0.401964 -108269188315506342933710875290234258377857302528.000000 10
-0.035536 -0.096906 1218553887403539435162322491143953332568064.000000 104
-0.119199 0.038730 -31370839128062476070513363094058107144241152.000000 100
-0.157522 -0.079215 2715257899088576381418884790466009855164416.000000 85
-0.195844 -0.197159 -232303556367335937827581696885012073182920704.000000 84
-0.064278 -0.185365 31112238514758791897480130463178499230269440.000000 103
-0.157522 -0.079215 2715257899088576381418884790466009855164416.000000 85
0.196515 -0.037934 263753161565245954192636508707299235201024.000000 140
0.314527 -0.024174 -59665450458920691751595194719059830636544.000000 157
0.298634 0.101634 75583893262615250043175764789519601106944.000000 156
0.125317 0.034143 -1328288105181190370588977417151974373064704.000000 128
0.196515 -0.037934 263753161565245954192636508707299235201024.000000 140
0.172130 0.119981 -640438320262935114400914423581932450217984.000000 137
-0.035536 -0.096906 1218553887403539435162322491143953332568064.000000 104
0.078503 -0.051694 -614709666843452987295822796098880990609408.000000 122
0.020079 0.059698 6084882016358636421505409112185601303511040.000000 118
-0.035536 -0.096906 1218553887403539435162322491143953332568064.000000 104
0.067288 -0.173570 -2748338961830815229721804712571363328524288.000000 121
0.078503 -0.051694 -614709666843452987295822796098880990609408.000000 122
0.198854 -0.161776 223427484862491783770349427170649541967872.000000 141
0.330420 -0.149981 -52863822184336839041605347158253455278080.000000 160
0.196515 -0.037934 263753161565245954192636508707299235201024.000000 140
0.078503 -0.051694 -614709666843452987295822796098880990609408.000000 122
0.198854 -0.161776 223427484862491783770349427170649541967872.000000 141
0.196515 -0.037934 263753161565245954192636508707299235201024.000000 140
-0.001975 -0.299378 -15645364558717663522288681800588590718124032.000000 107
0.114121 -0.291515 2691363323484462596397509231722201920569344.000000 124
0.067288 -0.173570 -2748338961830815229721804712571363328524288.000000 121
-0.065162 -0.389016 -10793637483091217383757031527976189965631488.000000 106
-0.001975 -0.299378 -15645364558717663522288681800588590718124032.000000 107
-0.118071 -0.307241 81654384354251801962582500275535669490614272.000000 89
-0.145550 -0.426758 22823023580536903647495479956033924876992512.000000 87
-0.065162 -0.389016 -10793637483091217383757031527976189965631488.000000 106
-0.118071 -0.307241 81654384354251801962582500275535669490614272.000000 89
-0.012254 -0.470791 1421196984205514739857764026344759655137280.000000 105
0.108328 -0.414177 3308900372707398911448966058987464800862208.000000 123
-0.065162 -0.389016 -10793637483091217383757031527976189965631488.000000 106
-0.065162 -0.389016 -10793637483091217383757031527976189965631488.000000 106
0.108328 -0.414177 3308900372707398911448966058987464800862208.000000 123
-0.001975 -0.299378 -15645364558717663522288681800588590718124032.000000 107
0.441136 -0.097722 24655312885341294292560886771902020845568.000000 175
0.314527 -0.024174 -59665450458920691751595194719059830636544.000000 157
0.330420 -0.149981 -52863822184336839041605347158253455278080.000000 160
-0.035536 -0.096906 1218553887403539435162322491143953332568064.000000 104
0.020079 0.059698 6084882016358636421505409112185601303511040.000000 118
-0.119199 0.038730 -31370839128062476070513363094058107144241152.000000 100
0.522968 0.251959 2466302241604438264802263363172331159552.000000 191
0.643082 0.264217 -937141935667235905057041231732013006848.000000 206
0.577982 0.366799 -495239542725287336863082425492566966272.000000 208
0.381154 0.273894 527460481833262257536082179462296240128.000000 173
0.522968 0.251959 2466302241604438264802263363172331159552.000000 191
0.422415 0.360024 2175380032722700757088919589231225995264.000000 190
0.266847 0.353249 -23451034126037994135127468742420163723264.000000 172
0.381154 0.273894 527460481833262257536082179462296240128.000000 173
0.422415 0.360024 2175380032722700757088919589231225995264.000000 190
0.282741 0.227442 36176437091623531802613927312131488743424.000000 155
0.298634 0.101634 75583893262615250043175764789519601106944.000000 156
0.413450 0.155828 -18356071341624049750053803563906454519808.000000 174
0.584401 -0.096754 -586825920116566726111394988874920886272.000000 192
0.441136 -0.097722 24655312885341294292560886771902020845568.000000 175
0.469331 -0.217723 -27776390370537015702033074334422142025728.000000 178
0.381154 0.273894 527460481833262257536082179462296240128.000000 173
0.413450 0.155828 -18356071341624049750053803563906454519808.000000 174
0.522968 0.251959 2466302241604438264802263363172331159552.000000 191
0.298634 0.101634 75583893262615250043175764789519601106944.000000 156
0.314527 -0.024174 -59665450458920691751595194719059830636544.000000 157
0.445745 0.037763 -2712663676588830232674689739465349398528.000000 170
0.571666 0.141635 3747385327094708556478569885456876437504.000000 188
0.708183 0.161636 -655577034887156173091329227864494047232.000000 204
0.643082 0.264217 -937141935667235905057041231732013006848.000000 206
0.413450 0.155828 -18356071341624049750053803563906454519808.000000 174
0.571666 0.141635 3747385327094708556478569885456876437504.000000 188
0.522968 0.251959 2466302241604438264802263363172331159552.000000 191
0.662567 0.006795 277415558407821481628934762430696783872.000000 201
0.715365 -0.101593 184524398399572817231406238071401742336.000000 210
0.773283 0.059054 47369197620988224657084465119443812352.000000 215
0.708183 0.161636 -655577034887156173091329227864494047232.000000 204
0.662567 0.006795 277415558407821481628934762430696783872.000000 201
0.773283 0.059054 47369197620988224657084465119443812352.000000 215
0.543905 0.017440 -5362303621919047343454389191722301128704.000000 185
0.584401 -0.096754 -586825920116566726111394988874920886272.000000 192
0.662567 0.006795 277415558407821481628934762430696783872.000000 201
0.445745 0.037763 -2712663676588830232674689739465349398528.000000 170
0.543905 0.017440 -5362303621919047343454389191722301128704.000000 185
0.571666 0.141635 3747385327094708556478569885456876437504.000000 188
0.445745 0.037763 -2712663676588830232674689739465349398528.000000 170
0.441136 -0.097722 24655312885341294292560886771902020845568.000000 175
0.543905 0.017440 -5362303621919047343454389191722301128704.000000 185
0.794983 0.245918 195030699789960027274689884227899490304.000000 220
0.968583 0.248690 -82275629924533180423182985136231677952.000000 230
0.929776 0.368125 -56098248507784484542997816612646551552.000000 237
0.773283 0.059054 47369197620988224657084465119443812352.000000 215
0.870933 0.153872 91490141102236763520241819059845332992.000000 219
0.708183 0.161636 -655577034887156173091329227864494047232.000000 204
0.773283 0.059054 47369197620988224657084465119443812352.000000 215
0.915249 0.040903 -13947172422903371813955325974026387456.000000 228
0.870933 0.153872 91490141102236763520241819059845332992.000000 219
0.838383 -0.043527 -158482052401937532115788680405591261184.000000 225
0.903483 -0.146108 -217680778741296909856130669933003538432.000000 239
1.000000 -0.000000 107740539663609387595805153109838135296.000000 240
0.584401 -0.096754 -586825920116566726111394988874920886272.000000 192
0.569181 -0.223917 11870490876083253787889079536085496758272.000000 195
0.680615 -0.197981 -1783876666316142556022364679144415952896.000000 209
0.662567 0.006795 277415558407821481628934762430696783872.000000 201
0.584401 -0.096754 -586825920116566726111394988874920886272.000000 192
0.715365 -0.101593 184524398399572817231406238071401742336.000000 210
0.543905 0.017440 -5362303621919047343454389191722301128704.000000 185
0.441136 -0.097722 24655312885341294292560886771902020845568.000000 175
0.584401 -0.096754 -586825920116566726111394988874920886272.000000 192
0.662567 0.006795 277415558407821481628934762430696783872.000000 201
0.571666 0.141635 3747385327094708556478569885456876437504.000000 188
0.543905 0.017440 -5362303621919047343454389191722301128704.000000 185
0.330420 -0.149981 -52863822184336839041605347158253455278080.000000 160
0.346313 -0.275789 230300778209062588746901300562674172559360.000000 161
0.469331 -0.217723 -27776390370537015702033074334422142025728.000000 178
0.664439 -0.453191 -2113932767532349605816320305221783781376.000000 197
0.592925 -0.376490 12086796086012266525303657793438418468864.000000 194
0.616669 -0.529062 3512288431483695480109759694729061072896.000000 181
0.735953 -0.529892 -171461816992802951502498696505474416640.000000 196
0.664439 -0.453191 -2113932767532349605816320305221783781376.000000 197
0.616669 -0.529062 3512288431483695480109759694729061072896.000000 181
0.735953 -0.529892 -171461816992802951502498696505474416640.000000 196
0.791796 -0.401964 1112182957271173680638341093043392741376.000000 213
0.664439 -0.453191 -2113932767532349605816320305221783781376.000000 197
0.838383 -0.043527 -158482052401937532115788680405591261184.000000 225
0.715365 -0.101593 184524398399572817231406238071401742336.000000 210
0.792049 -0.172045 934753180774265864753795973993245704192.000000 224
0.443723 -0.339315 -57076649219611411047708765592090633568256.000000 177
0.346313 -0.275789 230300778209062588746901300562674172559360.000000 161
0.362206 -0.401597 199032198570366286583232706821282934554624.000000 159
0.584401 -0.096754 -586825920116566726111394988874920886272.000000 192
0.469331 -0.217723 -27776390370537015702033074334422142025728.000000 178
0.569181 -0.223917 11870490876083253787889079536085496758272.000000 195
0.441136 -0.097722 24655312885341294292560886771902020845568.000000 175
0.330420 -0.149981 -52863822184336839041605347158253455278080.000000 160
0.469331 -0.217723 -27776390370537015702033074334422142025728.000000 178
0.915249 0.040903 -13947172422903371813955325974026387456.000000 228
0.992115 0.125333 -27850989090353029716251490383202091008.000000 233
0.870933 0.153872 91490141102236763520241819059845332992.000000 219
0.219168 0.730672 -26516437690391974658866810843483365965824.000000 187
0.360982 0.819266 2542310828374504084464256098251130798080.000000 203
0.203275 0.856480 15135541362190651480776812700300528844800.000000 200
0.110736 0.746398 -63140472658527276042312398357709023346688.000000 183
0.219168 0.730672 -26516437690391974658866810843483365965824.000000 187
0.203275 0.856480 15135541362190651480776812700300528844800.000000 200
0.235061 0.604864 -20116105591993685288397438815706988675072.000000 186
0.382682 0.674543 7446893884069117410937506697141800665088.000000 202
0.219168 0.730672 -26516437690391974658866810843483365965824.000000 187
0.123361 0.435810 230172068973536217112428835215842815770624.000000 154
-0.004231 0.392564 -1010387581866792933102816008903551904382976.000000 135
0.060580 0.300829 -316041634778768733467049146873104067198976.000000 136
-0.081324 0.616659 -1182563608449380316510242686261784041488384.000000 152
-0.108431 0.494783 2281504146504526838026425778990531219554304.000000 133
0.034091 0.510509 -89069990165416969949484519876510623989760.000000 151
0.000768 0.741156 146864101306374651262325054118189068189696.000000 167
-0.109200 0.735914 336666372548288154005027315778773755887616.000000 150
-0.081324 0.616659 -1182563608449380316510242686261784041488384.000000 152
0.110736 0.746398 -63140472658527276042312398357709023346688.000000 183
0.000768 0.741156 146864101306374651262325054118189068189696.000000 167
0.072414 0.628453 218581146145656925740831767079203226255360.000000 169
0.110736 0.746398 -63140472658527276042312398357709023346688.000000 183
0.203275 0.856480 15135541362190651480776812700300528844800.000000 200
0.023973 0.872212 -843933040081599099540444612268692340736.000000 184
-0.219168 0.730672 -584206998287533811410754072175106964062208.000000 134
-0.235061 0.604864 5227887125366806651614583827364381523443712.000000 132
-0.081324 0.616659 -1182563608449380316510242686261784041488384.000000 152
0.123361 0.435810 230172068973536217112428835215842815770624.000000 154
0.163714 0.327039 -80477342091210999785215746246961709187072.000000 153
0.266847 0.353249 -23451034126037994135127468742420163723264.000000 172
0.235061 0.604864 -20116105591993685288397438815706988675072.000000 186
0.134576 0.557687 -59949017895676856147505254044520572518400.000000 168
0.250954 0.479057 -32344836361237260663755453717318132039680.000000 171
0.034091 0.510509 -89069990165416969949484519876510623989760.000000 151
-0.004231 0.392564 -1010387581866792933102816008903551904382976.000000 135
0.123361 0.435810 230172068973536217112428835215842815770624.000000 154
0.382682 0.674543 7446893884069117410937506697141800665088.000000 202
0.360982 0.819266 2542310828374504084464256098251130798080.000000 203
0.219168 0.730672 -26516437690391974658866810843483365965824.000000 187
0.349368 0.525509 9147505519127530387382342975388712435712.000000 189
0.382682 0.674543 7446893884069117410937506697141800665088.000000 202
0.235061 0.604864 -20116105591993685288397438815706988675072.000000 186
0.447782 0.571962 -2706071272221958456984211175919528706048.000000 205
0.534582 0.656244 -554351370537431567593251916659424231424.000000 217
0.382682 0.674543 7446893884069117410937506697141800665088.000000 202
-0.876307 0.481754 -135585867375351826331231747002866371815014400.000000 40
-0.708183 0.493222 588460784436868698820365075417617323706548224.000000 56
-0.809017 0.587785 -146460340545944837816147245983765524387987456.000000 55
-0.389865 0.411315 79935855093510183092611232542342634862018560.000000 95
-0.250954 0.479057 -16720285864263831581803190355691759103639552.000000 114
-0.349368 0.525509 -16092063513905530903596412592525522744901632.000000 113
-0.162647 0.251030 -18262262232761791311815473146345514292215808.000000 99
-0.135539 0.372907 95674792389371147423727729147328726040576.000000 116
-0.266847 0.353249 28985664663400242019450778776030993425891328.000000 98
-0.298634 0.101634 -471661336066038111082633601513063568482762752.000000 73
-0.189755 0.129154 58457473352913118472342925961829762662924288.000000 93
-0.282741 0.227442 20395219757060453500161873414945084809412608.000000 79
-0.042554 0.274619 3934600921119559703904601403490635685560320.000000 117
-0.135539 0.372907 95674792389371147423727729147328726040576.000000 116
-0.162647 0.251030 -18262262232761791311815473146345514292215808.000000 99
-0.108431 0.494783 2281504146504526838026425778990531219554304.000000 133
-0.004231 0.392564 -1010387581866792933102816008903551904382976.000000 135
0.034091 0.510509 -89069990165416969949484519876510623989760.000000 151
-0.282741 0.227442 20395219757060453500161873414945084809412608.000000 79
-0.162647 0.251030 -18262262232761791311815473146345514292215808.000000 99
-0.266847 0.353249 28985664663400242019450778776030993425891328.000000 98
-0.042554 0.274619 3934600921119559703904601403490635685560320.000000 117
-0.004231 0.392564 -1010387581866792933102816008903551904382976.000000 135
-0.135539 0.372907 95674792389371147423727729147328726040576.000000 116
0.167922 0.223510 488474784319720169885162043914442514628608.000000 147
0.172130 0.119981 -640438320262935114400914423581932450217984.000000 137
0.282741 0.227442 36176437091623531802613927312131488743424.000000 155
0.060580 0.300829 -316041634778768733467049146873104067198976.000000 136
0.167922 0.223510 488474784319720169885162043914442514628608.000000 147
0.163714 0.327039 -80477342091210999785215746246961709187072.000000 153
0.040329 0.180264 -1286574210227477381890545595645791509151744.000000 129
0.172130 0.119981 -640438320262935114400914423581932450217984.000000 137
0.167922 0.223510 488474784319720169885162043914442514628608.000000 147
-0.080876 0.156675 -2111607732333467397017683727909895446462464.000000 110
0.040329 0.180264 -1286574210227477381890545595645791509151744.000000 129
-0.042554 0.274619 3934600921119559703904601403490635685560320.000000 117
0.020079 0.059698 6084882016358636421505409112185601303511040.000000 118
0.172130 0.119981 -640438320262935114400914423581932450217984.000000 137
0.040329 0.180264 -1286574210227477381890545595645791509151744.000000 129
0.282741 0.227442 36176437091623531802613927312131488743424.000000 155
0.266847 0.353249 -23451034126037994135127468742420163723264.000000 172
0.163714 0.327039 -80477342091210999785215746246961709187072.000000 153
-0.534582 0.656244 10742546816459563276002066324525248793280512.000000 96
-0.535827 0.844328 -540346448502525148594301364007494616088576.000000 111
-0.637424 0.770513 -14422363002553637389347241341914304024150016.000000 94
0.847640 -0.274036 418310318574111483943050737062307168256.000000 227
0.903483 -0.146108 -217680778741296909856130669933003538432.000000 239
0.792049 -0.172045 934753180774265864753795973993245704192.000000 224
0.968583 -0.248690 -8045500617728509048110547720734769152.000000 241
0.903483 -0.146108 -217680778741296909856130669933003538432.000000 239
0.847640 -0.274036 418310318574111483943050737062307168256.000000 227
0.791796 -0.401964 1112182957271173680638341093043392741376.000000 213
0.735953 -0.529892 -171461816992802951502498696505474416640.000000 196
0.876307 -0.481754 -278622858336715840467523130708119781376.000000 211
0.929776 -0.368125 -478123282757725020439200335051857330176.000000 226
0.791796 -0.401964 1112182957271173680638341093043392741376.000000 213
0.876307 -0.481754 -278622858336715840467523130708119781376.000000 211
0.592925 -0.376490 12086796086012266525303657793438418468864.000000 194
0.569181 -0.223917 11870490876083253787889079536085496758272.000000 195
0.443723 -0.339315 -57076649219611411047708765592090633568256.000000 177
0.616669 -0.529062 3512288431483695480109759694729061072896.000000 181
0.592925 -0.376490 12086796086012266525303657793438418468864.000000 194
0.486789 -0.444362 -26843975960414350705681266102250757947392.000000 176
0.736206 -0.299972 -4061343919288627397691806953096511225856.000000 212
0.569181 -0.223917 11870490876083253787889079536085496758272.000000 195
0.592925 -0.376490 12086796086012266525303657793438418468864.000000 194
0.847640 -0.274036 418310318574111483943050737062307168256.000000 227
0.736206 -0.299972 -4061343919288627397691806953096511225856.000000 212
0.791796 -0.401964 1112182957271173680638341093043392741376.000000 213
0.680615 -0.197981 -1783876666316142556022364679144415952896.000000 209
0.569181 -0.223917 11870490876083253787889079536085496758272.000000 195
0.736206 -0.299972 -4061343919288627397691806953096511225856.000000 212
0.378100 -0.527404 12797363757691810693212988784909198819328.000000 158
0.486789 -0.444362 -26843975960414350705681266102250757947392.000000 176
0.362206 -0.401597 199032198570366286583232706821282934554624.000000 159
0.518255 -0.575515 3642421694056552064876887446578788302848.000000 164
0.393993 -0.653212 -8496676649480276586080974833895134461952.000000 146
0.515708 -0.711863 -1635732702915173072982635527387826094080.000000 162
0.486789 -0.444362 -26843975960414350705681266102250757947392.000000 176
0.518255 -0.575515 3642421694056552064876887446578788302848.000000 164
0.616669 -0.529062 3512288431483695480109759694729061072896.000000 181
0.378100 -0.527404 12797363757691810693212988784909198819328.000000 158
0.393993 -0.653212 -8496676649480276586080974833895134461952.000000 146
0.518255 -0.575515 3642421694056552064876887446578788302848.000000 164
0.658410 -0.623625 -1088339746715683116619865736748405358592.000000 179
0.728969 -0.684547 83158718636994267537181323141192876032.000000 180
0.735953 -0.529892 -171461816992802951502498696505474416640.000000 196
0.196515 -0.037934 263753161565245954192636508707299235201024.000000 140
0.330420 -0.149981 -52863822184336839041605347158253455278080.000000 160
0.314527 -0.024174 -59665450458920691751595194719059830636544.000000 157
-0.195844 -0.197159 -232303556367335937827581696885012073182920704.000000 84
-0.118071 -0.307241 81654384354251801962582500275535669490614272.000000 89
-0.064278 -0.185365 31112238514758791897480130463178499230269440.000000 103
-0.118071 -0.307241 81654384354251801962582500275535669490614272.000000 89
-0.234167 -0.315104 -234673163697113519219993317868759260736782336.000000 70
-0.145550 -0.426758 22823023580536903647495479956033924876992512.000000 87
0.210774 -0.256132 -313174144533358747314152625336625724915712.000000 142
0.346313 -0.275789 230300778209062588746901300562674172559360.000000 161
0.330420 -0.149981 -52863822184336839041605347158253455278080.000000 160
0.210774 -0.256132 -313174144533358747314152625336625724915712.000000 142
0.235267 -0.407887 -918580527456830125412075113213774004224000.000000 143
0.346313 -0.275789 230300778209062588746901300562674172559360.000000 161
0.067288 -0.173570 -2748338961830815229721804712571363328524288.000000 121
0.114121 -0.291515 2691363323484462596397509231722201920569344.000000 124
0.198854 -0.161776 223427484862491783770349427170649541967872.000000 141
0.108328 -0.414177 3308900372707398911448966058987464800862208.000000 123
0.114121 -0.291515 2691363323484462596397509231722201920569344.000000 124
-0.001975 -0.299378 -15645364558717663522288681800588590718124032.000000 107
0.247982 -0.508533 -378964737516706492091816709888859464269824.000000 139
0.362206 -0.401597 199032198570366286583232706821282934554624.000000 159
0.235267 -0.407887 -918580527456830125412075113213774004224000.000000 143
0.443723 -0.339315 -57076649219611411047708765592090633568256.000000 177
0.486789 -0.444362 -26843975960414350705681266102250757947392.000000 176
0.592925 -0.376490 12086796086012266525303657793438418468864.000000 194
0.346313 -0.275789 230300778209062588746901300562674172559360.000000 161
0.443723 -0.339315 -57076649219611411047708765592090633568256.000000 177
0.469331 -0.217723 -27776390370537015702033074334422142025728.000000 178
0.362206 -0.401597 199032198570366286583232706821282934554624.000000 159
0.486789 -0.444362 -26843975960414350705681266102250757947392.000000 176
0.443723 -0.339315 -57076649219611411047708765592090633568256.000000 177
0.518255 -0.575515 3642421694056552064876887446578788302848.000000 164
0.658410 -0.623625 -1088339746715683116619865736748405358592.000000 179
0.616669 -0.529062 3512288431483695480109759694729061072896.000000 181
0.735953 -0.529892 -171461816992802951502498696505474416640.000000 196
0.809017 -0.587785 134359220959164721314115244501441183744.000000 193
0.876307 -0.481754 -278622858336715840467523130708119781376.000000 211
0.616669 -0.529062 3512288431483695480109759694729061072896.000000 181
0.658410 -0.623625 -1088339746715683116619865736748405358592.000000 179
0.735953 -0.529892 -171461816992802951502498696505474416640.000000 196
0.791796 -0.401964 1112182957271173680638341093043392741376.000000 213
0.736206 -0.299972 -4061343919288627397691806953096511225856.000000 212
0.664439 -0.453191 -2113932767532349605816320305221783781376.000000 197
0.486789 -0.444362 -26843975960414350705681266102250757947392.000000 176
0.378100 -0.527404 12797363757691810693212988784909198819328.000000 158
0.518255 -0.575515 3642421694056552064876887446578788302848.000000 164
0.728969 -0.684547 83158718636994267537181323141192876032.000000 180
0.809017 -0.587785 134359220959164721314115244501441183744.000000 193
0.735953 -0.529892 -171461816992802951502498696505474416640.000000 196
0.847640 -0.274036 418310318574111483943050737062307168256.000000 227
0.792049 -0.172045 934753180774265864753795973993245704192.000000 224
0.736206 -0.299972 -4061343919288627397691806953096511225856.000000 212
0.838383 -0.043527 -158482052401937532115788680405591261184.000000 225
0.792049 -0.172045 934753180774265864753795973993245704192.000000 224
0.903483 -0.146108 -217680778741296909856130669933003538432.000000 239
0.715365 -0.101593 184524398399572817231406238071401742336.000000 210
0.680615 -0.197981 -1783876666316142556022364679144415952896.000000 209
0.792049 -0.172045 934753180774265864753795973993245704192.000000 224
1.000000 -0.000000 107740539663609387595805153109838135296.000000 240
0.992115 0.125333 -27850989090353029716251490383202091008.000000 233
0.915249 0.040903 -13947172422903371813955325974026387456.000000 228
0.295977 -0.844070 9888278174733831300854101927997671997440.000000 125
0.177179 -0.862891 65072146595255477372739014049857892515840.000000 109
0.309017 -0.951057 -18214135605391235809523479154265774096384.000000 108
0.425779 -0.904827 -6637687417032302446222493528240112533504.000000 126
0.295977 -0.844070 9888278174733831300854101927997671997440.000000 125
0.309017 -0.951057 -18214135605391235809523479154265774096384.000000 108
0.282937 -0.737084 -112810993883537529470836452044249373868032.000000 127
0.177179 -0.862891 65072146595255477372739014049857892515840.000000 109
0.295977 -0.844070 9888278174733831300854101927997671997440.000000 125
0.062791 -0.998027 -249368349626715536968384591367636965654528.000000 72
0.060826 -0.904827 152896185185122576604060126715246698037248.000000 91
-0.062791 -0.998027 722700493306082665485052545966721556545536.000000 71
-0.272489 -0.433048 21653852946598164132182797585732463358902272.000000 67
-0.234167 -0.315104 -234673163697113519219993317868759260736782336.000000 70
-0.362206 -0.401597 471802368765287011126066367732117911965270016.000000 53
-0.349134 -0.668938 68311597011870199397000317788198496228081664.000000 51
-0.166657 -0.668938 -17534823491791602628923723251789959427784704.000000 68
-0.219573 -0.550993 52331011844924797966291177638600658680545280.000000 69
-0.005837 -0.810471 -810717758220398312713852921443477476081664.000000 101
-0.060826 -0.904827 -615184047083951011200900056508923711062016.000000 82
0.060826 -0.904827 152896185185122576604060126715246698037248.000000 91
0.177179 -0.862891 65072146595255477372739014049857892515840.000000 109
-0.005837 -0.810471 -810717758220398312713852921443477476081664.000000 101
0.060826 -0.904827 152896185185122576604060126715246698037248.000000 91
-0.072500 -0.716116 1683949840915011290035763974367196682911744.000000 83
-0.156928 -0.826197 5574692659352171847659019379026198844669952.000000 81
-0.005837 -0.810471 -810717758220398312713852921443477476081664.000000 101
-0.272489 -0.433048 21653852946598164132182797585732463358902272.000000 67
-0.219573 -0.550993 52331011844924797966291177638600658680545280.000000 69
-0.145550 -0.426758 22823023580536903647495479956033924876992512.000000 87
-0.321429 -0.833823 -9232494158661954777744859108989110931423232.000000 46
-0.409886 -0.779019 78048351108219583970464227512788488908963840.000000 45
-0.425779 -0.904827 -19027414883877219651221402656939865901367296.000000 32
-0.232973 -0.888627 5315630762228348929302422147108092271132672.000000 62
-0.321429 -0.833823 -9232494158661954777744859108989110931423232.000000 46
-0.309017 -0.951057 5903020728800039132969893610900012268519424.000000 47
-0.232973 -0.888627 5315630762228348929302422147108092271132672.000000 62
-0.253031 -0.747568 -23311656961538081824820026902613816122540032.000000 61
-0.321429 -0.833823 -9232494158661954777744859108989110931423232.000000 46
-0.166657 -0.668938 -17534823491791602628923723251789959427784704.000000 68
-0.253031 -0.747568 -23311656961538081824820026902613816122540032.000000 61
-0.156928 -0.826197 5574692659352171847659019379026198844669952.000000 81
-0.349134 -0.668938 68311597011870199397000317788198496228081664.000000 51
-0.409886 -0.779019 78048351108219583970464227512788488908963840.000000 45
-0.253031 -0.747568 -23311656961538081824820026902613816122540032.000000 61
0.187381 -0.982287 -33005727946182557548247256065186539241472.000000 90
0.060826 -0.904827 152896185185122576604060126715246698037248.000000 91
0.062791 -0.998027 -249368349626715536968384591367636965654528.000000 72
0.235267 -0.407887 -918580527456830125412075113213774004224000.000000 143
0.362206 -0.401597 199032198570366286583232706821282934554624.000000 159
0.346313 -0.275789 230300778209062588746901300562674172559360.000000 161
0.298781 -0.621760 150304805938988873024459479575275574919168.000000 138
0.378100 -0.527404 12797363757691810693212988784909198819328.000000 158
0.247982 -0.508533 -378964737516706492091816709888859464269824.000000 139
0.518255 -0.575515 3642421694056552064876887446578788302848.000000 164
0.515708 -0.711863 -1635732702915173072982635527387826094080.000000 162
0.658410 -0.623625 -1088339746715683116619865736748405358592.000000 179
0.298781 -0.621760 150304805938988873024459479575275574919168.000000 138
0.393993 -0.653212 -8496676649480276586080974833895134461952.000000 146
0.378100 -0.527404 12797363757691810693212988784909198819328.000000 158
0.141155 -0.577727 -732620057305674743189078159695355022671872.000000 120
0.164458 -0.730094 417527741369483166750194390073880032051200.000000 119
0.298781 -0.621760 150304805938988873024459479575275574919168.000000 138
0.108328 -0.414177 3308900372707398911448966058987464800862208.000000 123
0.141155 -0.577727 -732620057305674743189078159695355022671872.000000 120
0.247982 -0.508533 -378964737516706492091816709888859464269824.000000 139
0.034327 -0.646921 -816033544421451795719228141291056834543616.000000 102
0.164458 -0.730094 417527741369483166750194390073880032051200.000000 119
0.141155 -0.577727 -732620057305674743189078159695355022671872.000000 120
0.108328 -0.414177 3308900372707398911448966058987464800862208.000000 123
-0.012254 -0.470791 1421196984205514739857764026344759655137280.000000 105
0.141155 -0.577727 -732620057305674743189078159695355022671872.000000 120
-0.072500 -0.716116 1683949840915011290035763974367196682911744.000000 83
-0.005837 -0.810471 -810717758220398312713852921443477476081664.000000 101
0.034327 -0.646921 -816033544421451795719228141291056834543616.000000 102
0.282937 -0.737084 -112810993883537529470836452044249373868032.000000 127
0.393993 -0.653212 -8496676649480276586080974833895134461952.000000 146
0.298781 -0.621760 150304805938988873024459479575275574919168.000000 138
-0.005837 -0.810471 -810717758220398312713852921443477476081664.000000 101
0.177179 -0.862891 65072146595255477372739014049857892515840.000000 109
0.164458 -0.730094 417527741369483166750194390073880032051200.000000 119
0.187381 -0.982287 -33005727946182557548247256065186539241472.000000 90
0.177179 -0.862891 65072146595255477372739014049857892515840.000000 109
0.060826 -0.904827 152896185185122576604060126715246698037248.000000 91
0.187381 -0.982287 -33005727946182557548247256065186539241472.000000 90
0.309017 -0.951057 -18214135605391235809523479154265774096384.000000 108
0.177179 -0.862891 65072146595255477372739014049857892515840.000000 109
0.409886 -0.779019 20292026609487379650680738793968273195008.000000 144
0.393993 -0.653212 -8496676649480276586080974833895134461952.000000 146
0.282937 -0.737084 -112810993883537529470836452044249373868032.000000 127
0.515708 -0.711863 -1635732702915173072982635527387826094080.000000 162
0.637424 -0.770513 1856975036680272389133874055344449126400.000000 163
0.658410 -0.623625 -1088339746715683116619865736748405358592.000000 179
0.409886 -0.779019 20292026609487379650680738793968273195008.000000 144
0.515708 -0.711863 -1635732702915173072982635527387826094080.000000 162
0.393993 -0.653212 -8496676649480276586080974833895134461952.000000 146
0.409886 -0.779019 20292026609487379650680738793968273195008.000000 144
0.535827 -0.844328 -5454577694219372709814444551123670925312.000000 145
0.515708 -0.711863 -1635732702915173072982635527387826094080.000000 162
0.425779 -0.904827 -6637687417032302446222493528240112533504.000000 126
0.409886 -0.779019 20292026609487379650680738793968273195008.000000 144
0.295977 -0.844070 9888278174733831300854101927997671997440.000000 125
-0.065162 -0.389016 -10793637483091217383757031527976189965631488.000000 106
-0.145550 -0.426758 22823023580536903647495479956033924876992512.000000 87
-0.115913 -0.510892 -8031751785851082235866635087400809959260160.000000 88
-0.272489 -0.433048 21653852946598164132182797585732463358902272.000000 67
-0.145550 -0.426758 22823023580536903647495479956033924876992512.000000 87
-0.234167 -0.315104 -234673163697113519219993317868759260736782336.000000 70
-0.219573 -0.550993 52331011844924797966291177638600658680545280.000000 69
-0.378100 -0.527404 -354909869225061424541160005977924719351955456.000000 52
-0.349134 -0.668938 68311597011870199397000317788198496228081664.000000 51
-0.072500 -0.716116 1683949840915011290035763974367196682911744.000000 83
-0.042377 -0.593453 5372225704783680937627036745628896582434816.000000 86
-0.166657 -0.668938 -17534823491791602628923723251789959427784704.000000 68
-0.272489 -0.433048 21653852946598164132182797585732463358902272.000000 67
-0.378100 -0.527404 -354909869225061424541160005977924719351955456.000000 52
-0.219573 -0.550993 52331011844924797966291177638600658680545280.000000 69
0.535827 -0.844328 -5454577694219372709814444551123670925312.000000 145
0.409886 -0.779019 20292026609487379650680738793968273195008.000000 144
0.425779 -0.904827 -6637687417032302446222493528240112533504.000000 126
0.535827 -0.844328 -5454577694219372709814444551123670925312.000000 145
0.637424 -0.770513 1856975036680272389133874055344449126400.000000 163
0.515708 -0.711863 -1635732702915173072982635527387826094080.000000 162
0.409886 -0.779019 20292026609487379650680738793968273195008.000000 144
0.282937 -0.737084 -112810993883537529470836452044249373868032.000000 127
0.295977 -0.844070 9888278174733831300854101927997671997440.000000 125
0.637424 -0.770513 1856975036680272389133874055344449126400.000000 163
0.728969 -0.684547 83158718636994267537181323141192876032.000000 180
0.658410 -0.623625 -1088339746715683116619865736748405358592.000000 179
-0.309017 0.951057 -323184856152466869530968364844347744583680.000000 148
-0.203275 0.856480 -17900417937675267331702148451280755884032.000000 149
-0.187381 0.982287 86871790797236218978847408712207961161728.000000 165
-0.109200 0.735914 336666372548288154005027315778773755887616.000000 150
-0.219168 0.730672 -584206998287533811410754072175106964062208.000000 134
-0.081324 0.616659 -1182563608449380316510242686261784041488384.000000 152
-0.187381 0.982287 86871790797236218978847408712207961161728.000000 165
-0.203275 0.856480 -17900417937675267331702148451280755884032.000000 149
-0.089651 0.864346 -92717426051004156575845125051515995684864.000000 166
-0.219168 0.730672 -584206998287533811410754072175106964062208.000000 134
-0.382682 0.674543 -2511577270154353421942459698355899188903936.000000 115
-0.235061 0.604864 5227887125366806651614583827364381523443712.000000 132
-0.089651 0.864346 -92717426051004156575845125051515995684864.000000 166
-0.109200 0.735914 336666372548288154005027315778773755887616.000000 150
0.000768 0.741156 146864101306374651262325054118189068189696.000000 167
-0.253031 -0.747568 -23311656961538081824820026902613816122540032.000000 61
-0.166657 -0.668938 -17534823491791602628923723251789959427784704.000000 68
-0.349134 -0.668938 68311597011870199397000317788198496228081664.000000 51
-0.060826 -0.904827 -615184047083951011200900056508923711062016.000000 82
-0.156928 -0.826197 5574692659352171847659019379026198844669952.000000 81
-0.187381 -0.982287 -3143623299475039016049536088665810624577536.000000 63
-0.060826 -0.904827 -615184047083951011200900056508923711062016.000000 82
-0.005837 -0.810471 -810717758220398312713852921443477476081664.000000 101
-0.156928 -0.826197 5574692659352171847659019379026198844669952.000000 81
-0.232973 -0.888627 5315630762228348929302422147108092271132672.000000 62
-0.156928 -0.826197 5574692659352171847659019379026198844669952.000000 81
-0.253031 -0.747568 -23311656961538081824820026902613816122540032.000000 61
-0.187381 -0.982287 -3143623299475039016049536088665810624577536.000000 63
-0.232973 -0.888627 5315630762228348929302422147108092271132672.000000 62
-0.309017 -0.951057 5903020728800039132969893610900012268519424.000000 47
-0.187381 -0.982287 -3143623299475039016049536088665810624577536.000000 63
-0.156928 -0.826197 5574692659352171847659019379026198844669952.000000 81
-0.232973 -0.888627 5315630762228348929302422147108092271132672.000000 62
-0.062791 -0.998027 722700493306082665485052545966721556545536.000000 71
-0.060826 -0.904827 -615184047083951011200900056508923711062016.000000 82
-0.187381 -0.982287 -3143623299475039016049536088665810624577536.000000 63
-0.042377 -0.593453 5372225704783680937627036745628896582434816.000000 86
-0.072500 -0.716116 1683949840915011290035763974367196682911744.000000 83
0.034327 -0.646921 -816033544421451795719228141291056834543616.000000 102
-0.012254 -0.470791 1421196984205514739857764026344759655137280.000000 105
-0.042377 -0.593453 5372225704783680937627036745628896582434816.000000 86
0.034327 -0.646921 -816033544421451795719228141291056834543616.000000 102
-0.115913 -0.510892 -8031751785851082235866635087400809959260160.000000 88
-0.166657 -0.668938 -17534823491791602628923723251789959427784704.000000 68
-0.042377 -0.593453 5372225704783680937627036745628896582434816.000000 86
-0.518255 -0.575515 1677653204952797206141949197690722689130430464.000000 36
-0.616669 -0.529062 -9955189855902687327026836414227692983238524928.000000 25
-0.658410 -0.623625 -377479094585383260690932317022386210968961024.000000 24
-0.433694 -0.622226 -205711365540467750088577626511095731442417664.000000 37
-0.518255 -0.575515 1677653204952797206141949197690722689130430464.000000 36
-0.534148 -0.701322 -261136458642336410772735709317549996816465920.000000 31
-0.409886 -0.779019 78048351108219583970464227512788488908963840.000000 45
-0.433694 -0.622226 -205711365540467750088577626511095731442417664.000000 37
-0.534148 -0.701322 -261136458642336410772735709317549996816465920.000000 31
-0.349134 -0.668938 68311597011870199397000317788198496228081664.000000 51
-0.378100 -0.527404 -354909869225061424541160005977924719351955456.000000 52
-0.433694 -0.622226 -205711365540467750088577626511095731442417664.000000 37
-0.378100 -0.527404 -354909869225061424541160005977924719351955456.000000 52
-0.486789 -0.444362 458496979022217570016955341941466149901303808.000000 38
-0.518255 -0.575515 1677653204952797206141949197690722689130430464.000000 36
0.060826 -0.904827 152896185185122576604060126715246698037248.000000 91
-0.060826 -0.904827 -615184047083951011200900056508923711062016.000000 82
-0.062791 -0.998027 722700493306082665485052545966721556545536.000000 71
-0.534148 -0.701322 -261136458642336410772735709317549996816465920.000000 31
-0.535827 -0.844328 -28267373906606363445216670849733057602125824.000000 30
-0.409886 -0.779019 78048351108219583970464227512788488908963840.000000 45
-0.486789 -0.444362 458496979022217570016955341941466149901303808.000000 38
-0.378100 -0.527404 -354909869225061424541160005977924719351955456.000000 52
-0.362206 -0.401597 471802368765287011126066367732117911965270016.000000 53
-0.728969 -0.684547 -2828199732024071114489306732140472066520383488.000000 14
-0.637424 -0.770513 607891886990358622298716107386335142009110528.000000 19
-0.658410 -0.623625 -377479094585383260690932317022386210968961024.000000 24
-0.321429 -0.833823 -9232494158661954777744859108989110931423232.000000 46
-0.253031 -0.747568 -23311656961538081824820026902613816122540032.000000 61
-0.409886 -0.779019 78048351108219583970464227512788488908963840.000000 45
-0.346313 -0.275789 1003234263755266061913085127907129915344945152.000000 64
-0.362206 -0.401597 471802368765287011126066367732117911965270016.000000 53
-0.234167 -0.315104 -234673163697113519219993317868759260736782336.000000 70
-0.195844 -0.197159 -232303556367335937827581696885012073182920704.000000 84
-0.346313 -0.275789 1003234263755266061913085127907129915344945152.000000 64
-0.234167 -0.315104 -234673163697113519219993317868759260736782336.000000 70
-0.658594 0.038247 34149609727294011483640227979511928256592871424.000000 29
-0.584401 -0.096754 8994987205978840639784546632259810799950757888.000000 35
-0.515073 -0.029496 -8922639174170877953546296554440946356741734400.000000 39
-0.330420 -0.149981 405651707459321039957056938152962414891499520.000000 66
-0.441136 -0.097722 -211885724598555975423196866480937604145479680.000000 50
-0.469331 -0.217723 -2845641456288654771389873774827661620615839744.000000 49
-0.330420 -0.149981 405651707459321039957056938152962414891499520.000000 66
-0.314527 -0.024174 -390974360990664032980258339978723281736826880.000000 65
-0.441136 -0.097722 -211885724598555975423196866480937604145479680.000000 50
-0.321429 -0.833823 -9232494158661954777744859108989110931423232.000000 46
-0.425779 -0.904827 -19027414883877219651221402656939865901367296.000000 32
-0.309017 -0.951057 5903020728800039132969893610900012268519424.000000 47
-0.378100 -0.527404 -354909869225061424541160005977924719351955456.000000 52
-0.518255 -0.575515 1677653204952797206141949197690722689130430464.000000 36
-0.433694 -0.622226 -205711365540467750088577626511095731442417664.000000 37
-0.535827 -0.844328 -28267373906606363445216670849733057602125824.000000 30
-0.425779 -0.904827 -19027414883877219651221402656939865901367296.000000 32
-0.409886 -0.779019 78048351108219583970464227512788488908963840.000000 45
0.298634 0.101634 75583893262615250043175764789519601106944.000000 156
0.172130 0.119981 -640438320262935114400914423581932450217984.000000 137
0.196515 -0.037934 263753161565245954192636508707299235201024.000000 140
-0.216863 0.007278 172744358682277202167774694168170487215030272.000000 80
-0.157522 -0.079215 2715257899088576381418884790466009855164416.000000 85
-0.119199 0.038730 -31370839128062476070513363094058107144241152.000000 100
0.198854 -0.161776 223427484862491783770349427170649541967872.000000 141
0.210774 -0.256132 -313174144533358747314152625336625724915712.000000 142
0.330420 -0.149981 -52863822184336839041605347158253455278080.000000 160
-0.118071 -0.307241 81654384354251801962582500275535669490614272.000000 89
-0.195844 -0.197159 -232303556367335937827581696885012073182920704.000000 84
-0.234167 -0.315104 -234673163697113519219993317868759260736782336.000000 70
0.114121 -0.291515 2691363323484462596397509231722201920569344.000000 124
0.235267 -0.407887 -918580527456830125412075113213774004224000.000000 143
0.210774 -0.256132 -313174144533358747314152625336625724915712.000000 142
0.114121 -0.291515 2691363323484462596397509231722201920569344.000000 124
0.108328 -0.414177 3308900372707398911448966058987464800862208.000000 123
0.235267 -0.407887 -918580527456830125412075113213774004224000.000000 143
0.198854 -0.161776 223427484862491783770349427170649541967872.000000 141
0.114121 -0.291515 2691363323484462596397509231722201920569344.000000 124
0.210774 -0.256132 -313174144533358747314152625336625724915712.000000 142
0.067288 -0.173570 -2748338961830815229721804712571363328524288.000000 121
-0.064278 -0.185365 31112238514758791897480130463178499230269440.000000 103
-0.001975 -0.299378 -15645364558717663522288681800588590718124032.000000 107
-0.012254 -0.470791 1421196984205514739857764026344759655137280.000000 105
0.034327 -0.646921 -816033544421451795719228141291056834543616.000000 102
0.141155 -0.577727 -732620057305674743189078159695355022671872.000000 120
-0.064278 -0.185365 31112238514758791897480130463178499230269440.000000 103
-0.035536 -0.096906 1218553887403539435162322491143953332568064.000000 104
-0.157522 -0.079215 2715257899088576381418884790466009855164416.000000 85
-0.001975 -0.299378 -15645364558717663522288681800588590718124032.000000 107
-0.064278 -0.185365 31112238514758791897480130463178499230269440.000000 103
-0.118071 -0.307241 81654384354251801962582500275535669490614272.000000 89
0.067288 -0.173570 -2748338961830815229721804712571363328524288.000000 121
-0.035536 -0.096906 1218553887403539435162322491143953332568064.000000 104
-0.064278 -0.185365 31112238514758791897480130463178499230269440.000000 103
-0.330420 -0.149981 405651707459321039957056938152962414891499520.000000 66
-0.195844 -0.197159 -232303556367335937827581696885012073182920704.000000 84
-0.157522 -0.079215 2715257899088576381418884790466009855164416.000000 85
-0.330420 -0.149981 405651707459321039957056938152962414891499520.000000 66
-0.346313 -0.275789 1003234263755266061913085127907129915344945152.000000 64
-0.195844 -0.197159 -232303556367335937827581696885012073182920704.000000 84
-0.658594 0.038247 34149609727294011483640227979511928256592871424.000000 29
-0.576964 0.099699 -5404578703105510474418646198742470793772400640.000000 44
-0.708183 0.161636 12368560340491996049422628899907133953353449472.000000 28
-0.838383 -0.043527 568137372613972869598234054404282961312528465920.000000 12
-0.715365 -0.101593 -105329462586387800914960179421115614596826136576.000000 23
-0.773283 0.059054 -87608036036028285350383300639420290269546807296.000000 18
-0.584401 -0.096754 8994987205978840639784546632259810799950757888.000000 35
-0.469331 -0.217723 -2845641456288654771389873774827661620615839744.000000 49
-0.441136 -0.097722 -211885724598555975423196866480937604145479680.000000 50
-0.715365 -0.101593 -105329462586387800914960179421115614596826136576.000000 23
-0.584401 -0.096754 8994987205978840639784546632259810799950757888.000000 35
-0.658594 0.038247 34149609727294011483640227979511928256592871424.000000 29
-0.773283 0.059054 -87608036036028285350383300639420290269546807296.000000 18
-0.715365 -0.101593 -105329462586387800914960179421115614596826136576.000000 23
-0.658594 0.038247 34149609727294011483640227979511928256592871424.000000 29
-0.680615 -0.197981 13449775308795827417282068395532483283271024640.000000 22
-0.569181 -0.223917 11844140860140829320156829972962352384723386368.000000 34
-0.584401 -0.096754 8994987205978840639784546632259810799950757888.000000 35
-0.792049 -0.172045 122048850245932209378180340286376766923490721792.000000 13
-0.680615 -0.197981 13449775308795827417282068395532483283271024640.000000 22
-0.715365 -0.101593 -105329462586387800914960179421115614596826136576.000000 23
-0.792049 -0.172045 122048850245932209378180340286376766923490721792.000000 13
-0.847640 -0.274036 507587978233622385590648499483296505669030510592.000000 11
-0.680489 -0.312940 -101601071195025404159712877559175429034195550208.000000 21
-0.715365 -0.101593 -105329462586387800914960179421115614596826136576.000000 23
-0.680615 -0.197981 13449775308795827417282068395532483283271024640.000000 22
-0.584401 -0.096754 8994987205978840639784546632259810799950757888.000000 35
-0.838383 -0.043527 568137372613972869598234054404282961312528465920.000000 12
-0.792049 -0.172045 122048850245932209378180340286376766923490721792.000000 13
-0.715365 -0.101593 -105329462586387800914960179421115614596826136576.000000 23
-0.314527 -0.024174 -390974360990664032980258339978723281736826880.000000 65
-0.298634 0.101634 -471661336066038111082633601513063568482762752.000000 73
-0.445745 0.037763 2135074019283279333395951045989416371463651328.000000 54
-0.680489 -0.312940 -101601071195025404159712877559175429034195550208.000000 21
-0.592925 -0.376490 9133275301029908861305569639747338617160204288.000000 33
-0.569181 -0.223917 11844140860140829320156829972962352384723386368.000000 34
-0.569181 -0.223917 11844140860140829320156829972962352384723386368.000000 34
-0.592925 -0.376490 9133275301029908861305569639747338617160204288.000000 33
-0.443723 -0.339315 -4197016989851503285904656148627042514237390848.000000 48
-0.658410 -0.623625 -377479094585383260690932317022386210968961024.000000 24
-0.616669 -0.529062 -9955189855902687327026836414227692983238524928.000000 25
-0.735953 -0.529892 12969997438427274387425364030886759152897490944.000000 15
-0.658410 -0.623625 -377479094585383260690932317022386210968961024.000000 24
-0.534148 -0.701322 -261136458642336410772735709317549996816465920.000000 31
-0.518255 -0.575515 1677653204952797206141949197690722689130430464.000000 36
-0.443723 -0.339315 -4197016989851503285904656148627042514237390848.000000 48
-0.469331 -0.217723 -2845641456288654771389873774827661620615839744.000000 49
-0.569181 -0.223917 11844140860140829320156829972962352384723386368.000000 34
-0.362206 -0.401597 471802368765287011126066367732117911965270016.000000 53
-0.443723 -0.339315 -4197016989851503285904656148627042514237390848.000000 48
-0.486789 -0.444362 458496979022217570016955341941466149901303808.000000 38
-0.362206 -0.401597 471802368765287011126066367732117911965270016.000000 53
-0.346313 -0.275789 1003234263755266061913085127907129915344945152.000000 64
-0.443723 -0.339315 -4197016989851503285904656148627042514237390848.000000 48
0.247982 -0.508533 -378964737516706492091816709888859464269824.000000 139
0.141155 -0.577727 -732620057305674743189078159695355022671872.000000 120
0.298781 -0.621760 150304805938988873024459479575275574919168.000000 138
-0.156928 -0.826197 5574692659352171847659019379026198844669952.000000 81
-0.072500 -0.716116 1683949840915011290035763974367196682911744.000000 83
-0.166657 -0.668938 -17534823491791602628923723251789959427784704.000000 68
0.164458 -0.730094 417527741369483166750194390073880032051200.000000 119
0.177179 -0.862891 65072146595255477372739014049857892515840.000000 109
0.282937 -0.737084 -112810993883537529470836452044249373868032.000000 127
0.298781 -0.621760 150304805938988873024459479575275574919168.000000 138
0.164458 -0.730094 417527741369483166750194390073880032051200.000000 119
0.282937 -0.737084 -112810993883537529470836452044249373868032.000000 127
0.034327 -0.646921 -816033544421451795719228141291056834543616.000000 102
-0.005837 -0.810471 -810717758220398312713852921443477476081664.000000 101
0.164458 -0.730094 417527741369483166750194390073880032051200.000000 119
0.108328 -0.414177 3308900372707398911448966058987464800862208.000000 123
0.247982 -0.508533 -378964737516706492091816709888859464269824.000000 139
0.235267 -0.407887 -918580527456830125412075113213774004224000.000000 143
-0.115913 -0.510892 -8031751785851082235866635087400809959260160.000000 88
-0.012254 -0.470791 1421196984205514739857764026344759655137280.000000 105
-0.065162 -0.389016 -10793637483091217383757031527976189965631488.000000 106
-0.219573 -0.550993 52331011844924797966291177638600658680545280.000000 69
-0.115913 -0.510892 -8031751785851082235866635087400809959260160.000000 88
-0.145550 -0.426758 22823023580536903647495479956033924876992512.000000 87
-0.219573 -0.550993 52331011844924797966291177638600658680545280.000000 69
-0.166657 -0.668938 -17534823491791602628923723251789959427784704.000000 68
-0.115913 -0.510892 -8031751785851082235866635087400809959260160.000000 88
-0.115913 -0.510892 -8031751785851082235866635087400809959260160.000000 88
-0.042377 -0.593453 5372225704783680937627036745628896582434816.000000 86
-0.012254 -0.470791 1421196984205514739857764026344759655137280.000000 105
0.378100 -0.527404 12797363757691810693212988784909198819328.000000 158
0.362206 -0.401597 199032198570366286583232706821282934554624.000000 159
0.247982 -0.508533 -378964737516706492091816709888859464269824.000000 139
