-0.903483 -0.146108 -3167489.099792 5
-0.992115 -0.125333 28090609.741438 1
-0.968583 -0.248690 -3219259.397839 2
-0.929776 -0.368125 256255.593631 3
-0.847640 -0.274036 915316.459359 11
-0.968583 -0.248690 -3219259.397839 2
-0.838383 -0.043527 1024503.225471 12
-1.000000 -0.000000 -2431438.311430 4
-0.903483 -0.146108 -3167489.099792 5
-0.791796 -0.401964 -195237.958072 10
-0.876307 -0.481754 20676.754680 6
-0.735953 -0.529892 23388.535794 15
-0.664439 -0.453191 88452.249664 20
-0.592925 -0.376490 16470.233490 33
-0.680489 -0.312940 -183213.340222 21
-0.616669 -0.529062 -17951.517731 25
-0.664439 -0.453191 88452.249664 20
-0.735953 -0.529892 23388.535794 15
-0.616669 -0.529062 -17951.517731 25
-0.592925 -0.376490 16470.233490 33
-0.664439 -0.453191 88452.249664 20
-0.847640 -0.274036 915316.459359 11
-0.929776 -0.368125 256255.593631 3
-0.791796 -0.401964 -195237.958072 10
-0.577982 0.366799 833.608372 58
-0.479568 0.320346 -433.367526 75
-0.512882 0.469380 -159.316168 77
-0.381154 0.273894 -454.243538 78
-0.528266 0.210023 1918.954525 59
-0.413450 0.155828 940.394562 60
-0.389865 0.411315 144.824453 95
-0.479568 0.320346 -433.367526 75
-0.381154 0.273894 -454.243538 78
-0.250954 0.479057 -29.443600 114
-0.389865 0.411315 144.824453 95
-0.266847 0.353249 53.072877 98
-0.349368 0.525509 -28.416492 113
-0.447782 0.571962 39.955574 97
-0.389865 0.411315 144.824453 95
-0.577982 0.366799 833.608372 58
-0.528266 0.210023 1918.954525 59
-0.479568 0.320346 -433.367526 75
-0.080876 0.156675 -2.838879 110
-0.042554 0.274619 8.017906 117
-0.162647 0.251030 -32.021191 99
-0.189755 0.129154 106.361699 93
-0.080876 0.156675 -2.838879 110
-0.162647 0.251030 -32.021191 99
-0.282741 0.227442 37.646339 79
-0.189755 0.129154 106.361699 93
-0.162647 0.251030 -32.021191 99
-0.298634 0.101634 -849.630464 73
-0.216863 0.007278 312.456984 80
-0.189755 0.129154 106.361699 93
0.198854 -0.161776 1.337185 141
0.078503 -0.051694 -0.117320 122
0.067288 -0.173570 -3.990641 121
0.125317 0.034143 -1.412127 128
0.020079 0.059698 11.968695 118
0.078503 -0.051694 -0.117320 122
0.196515 -0.037934 1.435560 140
0.125317 0.034143 -1.412127 128
0.078503 -0.051694 -0.117320 122
0.172130 0.119981 -0.198905 137
0.020079 0.059698 11.968695 118
0.125317 0.034143 -1.412127 128
0.282741 0.227442 0.933564 155
0.172130 0.119981 -0.198905 137
0.298634 0.101634 1.036786 156
0.282741 0.227442 0.933564 155
0.163714 0.327039 0.721121 153
0.167922 0.223510 1.802696 147
-0.080876 0.156675 -2.838879 110
-0.119199 0.038730 -55.585683 100
0.020079 0.059698 11.968695 118
-0.838383 -0.043527 1024503.225471 12
-0.915249 0.040903 175648.857119 9
-1.000000 -0.000000 -2431438.311430 4
-0.903483 -0.146108 -3167489.099792 5
-1.000000 -0.000000 -2431438.311430 4
-0.992115 -0.125333 28090609.741438 1
-0.362206 -0.401597 851.492799 53
-0.378100 -0.527404 -639.418092 52
-0.272489 -0.433048 39.785880 67
-0.847640 -0.274036 915316.459359 11
-0.903483 -0.146108 -3167489.099792 5
-0.968583 -0.248690 -3219259.397839 2
-0.847640 -0.274036 915316.459359 11
-0.792049 -0.172045 220086.911446 13
-0.903483 -0.146108 -3167489.099792 5
-0.876307 -0.481754 20676.754680 6
-0.791796 -0.401964 -195237.958072 10
-0.929776 -0.368125 256255.593631 3
-0.664439 -0.453191 88452.249664 20
-0.791796 -0.401964 -195237.958072 10
-0.735953 -0.529892 23388.535794 15
-0.680615 -0.197981 24254.022998 22
-0.680489 -0.312940 -183213.340222 21
-0.569181 -0.223917 21358.764968 34
-0.680615 -0.197981 24254.022998 22
-0.792049 -0.172045 220086.911446 13
-0.680489 -0.312940 -183213.340222 21
-0.515073 -0.029496 -16089.159954 39
-0.441136 -0.097722 -381.290519 50
-0.445745 0.037763 3850.906733 54
-0.330420 -0.149981 732.366348 66
-0.469331 -0.217723 -5130.716777 49
-0.346313 -0.275789 1809.902462 64
-0.838383 -0.043527 1024503.225471 12
-0.903483 -0.146108 -3167489.099792 5
-0.792049 -0.172045 220086.911446 13
-0.735953 -0.529892 23388.535794 15
-0.809017 -0.587785 -15571.430907 7
-0.728969 -0.684547 -5099.997030 14
-0.346313 -0.275789 1809.902462 64
-0.469331 -0.217723 -5130.716777 49
-0.443723 -0.339315 -7567.650972 48
-0.876307 -0.481754 20676.754680 6
-0.809017 -0.587785 -15571.430907 7
-0.735953 -0.529892 23388.535794 15
-0.309017 0.951057 -0.582788 148
-0.317582 0.777124 1.441035 131
-0.203275 0.856480 0.192843 149
-0.915249 0.040903 175648.857119 9
-0.992115 0.125333 237868.587399 8
-1.000000 -0.000000 -2431438.311430 4
-0.773283 0.059054 -157980.213114 18
-0.915249 0.040903 175648.857119 9
-0.838383 -0.043527 1024503.225471 12
-0.773283 0.059054 -157980.213114 18
-0.838383 0.205163 -47501.361768 17
-0.915249 0.040903 175648.857119 9
-0.317582 0.777124 1.441035 131
-0.309017 0.951057 -0.582788 148
-0.425779 0.904827 0.844140 130
-0.447782 0.737755 -2.807404 112
-0.425779 0.904827 0.844140 130
-0.535827 0.844328 -0.974388 111
-0.992115 0.125333 237868.587399 8
-0.915249 0.040903 175648.857119 9
-0.838383 0.205163 -47501.361768 17
-0.382682 0.674543 -4.130496 115
-0.447782 0.571962 39.955574 97
-0.349368 0.525509 -28.416492 113
-0.425779 0.904827 0.844140 130
-0.447782 0.737755 -2.807404 112
-0.317582 0.777124 1.441035 131
-0.382682 0.674543 -4.130496 115
-0.349368 0.525509 -28.416492 113
-0.235061 0.604864 10.006158 132
-0.816683 0.308437 9860.312784 27
-0.968583 0.248690 -30810.382831 16
-0.838383 0.205163 -47501.361768 17
-0.816683 0.308437 9860.312784 27
-0.929776 0.368125 3023.346412 26
-0.968583 0.248690 -30810.382831 16
-0.708183 0.161636 22304.279358 28
-0.816683 0.308437 9860.312784 27
-0.838383 0.205163 -47501.361768 17
-0.794983 0.411712 -1768.119026 41
-0.929776 0.368125 3023.346412 26
-0.816683 0.308437 9860.312784 27
-0.314527 -0.024174 -704.130368 65
-0.330420 -0.149981 732.366348 66
-0.157522 -0.079215 5.865245 85
-0.080876 0.156675 -2.838879 110
-0.189755 0.129154 106.361699 93
-0.119199 0.038730 -55.585683 100
-0.576964 0.099699 -9745.237016 44
-0.528266 0.210023 1918.954525 59
-0.643082 0.264217 -2133.785870 43
-0.773283 0.059054 -157980.213114 18
-0.658594 0.038247 61581.402312 29
-0.708183 0.161636 22304.279358 28
-0.445745 0.037763 3850.906733 54
-0.413450 0.155828 940.394562 60
-0.576964 0.099699 -9745.237016 44
-0.216863 0.007278 312.456984 80
-0.298634 0.101634 -849.630464 73
-0.314527 -0.024174 -704.130368 65
-0.157522 -0.079215 5.865245 85
-0.216863 0.007278 312.456984 80
-0.314527 -0.024174 -704.130368 65
-0.119199 0.038730 -55.585683 100
-0.189755 0.129154 106.361699 93
-0.216863 0.007278 312.456984 80
-0.576964 0.099699 -9745.237016 44
-0.643082 0.264217 -2133.785870 43
-0.708183 0.161636 22304.279358 28
-0.413450 0.155828 940.394562 60
-0.528266 0.210023 1918.954525 59
-0.576964 0.099699 -9745.237016 44
-0.298634 0.101634 -849.630464 73
-0.413450 0.155828 940.394562 60
-0.445745 0.037763 3850.906733 54
-0.298634 0.101634 -849.630464 73
-0.282741 0.227442 37.646339 79
-0.413450 0.155828 940.394562 60
-0.381154 0.273894 -454.243538 78
-0.266847 0.353249 53.072877 98
-0.389865 0.411315 144.824453 95
-0.381154 0.273894 -454.243538 78
-0.282741 0.227442 37.646339 79
-0.266847 0.353249 53.072877 98
-0.528266 0.210023 1918.954525 59
-0.381154 0.273894 -454.243538 78
-0.479568 0.320346 -433.367526 75
-0.413450 0.155828 940.394562 60
-0.282741 0.227442 37.646339 79
-0.381154 0.273894 -454.243538 78
-0.577982 0.366799 833.608372 58
-0.643082 0.264217 -2133.785870 43
-0.528266 0.210023 1918.954525 59
-0.577982 0.366799 833.608372 58
-0.610532 0.481301 916.895672 57
-0.719033 0.337964 -4783.320225 42
-0.621382 0.574733 -169.284360 76
-0.708183 0.493222 1061.406661 56
-0.610532 0.481301 916.895672 57
-0.719033 0.337964 -4783.320225 42
-0.816683 0.308437 9860.312784 27
-0.708183 0.161636 22304.279358 28
-0.577982 0.366799 833.608372 58
-0.719033 0.337964 -4783.320225 42
-0.643082 0.264217 -2133.785870 43
-0.794983 0.411712 -1768.119026 41
-0.816683 0.308437 9860.312784 27
-0.719033 0.337964 -4783.320225 42
-0.708183 0.493222 1061.406661 56
-0.794983 0.411712 -1768.119026 41
-0.719033 0.337964 -4783.320225 42
-0.610532 0.481301 916.895672 57
-0.708183 0.493222 1061.406661 56
-0.719033 0.337964 -4783.320225 42
-0.512882 0.469380 -159.316168 77
-0.610532 0.481301 916.895672 57
-0.577982 0.366799 833.608372 58
-0.512882 0.469380 -159.316168 77
-0.621382 0.574733 -169.284360 76
-0.610532 0.481301 916.895672 57
-0.621382 0.574733 -169.284360 76
-0.809017 0.587785 -264.106984 55
-0.708183 0.493222 1061.406661 56
-0.876307 0.481754 -244.497414 40
-0.929776 0.368125 3023.346412 26
-0.794983 0.411712 -1768.119026 41
-0.445745 0.037763 3850.906733 54
-0.441136 -0.097722 -381.290519 50
-0.314527 -0.024174 -704.130368 65
-0.838383 0.205163 -47501.361768 17
-0.773283 0.059054 -157980.213114 18
-0.708183 0.161636 22304.279358 28
-0.643082 0.264217 -2133.785870 43
-0.719033 0.337964 -4783.320225 42
-0.708183 0.161636 22304.279358 28
-0.968583 0.248690 -30810.382831 16
-0.992115 0.125333 237868.587399 8
-0.838383 0.205163 -47501.361768 17
-0.515073 -0.029496 -16089.159954 39
-0.576964 0.099699 -9745.237016 44
-0.658594 0.038247 61581.402312 29
-0.441136 -0.097722 -381.290519 50
-0.515073 -0.029496 -16089.159954 39
-0.584401 -0.096754 16221.005658 35
-0.445745 0.037763 3850.906733 54
-0.576964 0.099699 -9745.237016 44
-0.515073 -0.029496 -16089.159954 39
-0.794983 0.411712 -1768.119026 41
-0.708183 0.493222 1061.406661 56
-0.876307 0.481754 -244.497414 40
-0.447782 0.571962 39.955574 97
-0.534582 0.656244 19.655238 96
-0.621382 0.574733 -169.284360 76
-0.389865 0.411315 144.824453 95
-0.447782 0.571962 39.955574 97
-0.512882 0.469380 -159.316168 77
-0.479568 0.320346 -433.367526 75
-0.389865 0.411315 144.824453 95
-0.512882 0.469380 -159.316168 77
-0.250954 0.479057 -29.443600 114
-0.235061 0.604864 10.006158 132
-0.349368 0.525509 -28.416492 113
-0.382682 0.674543 -4.130496 115
-0.534582 0.656244 19.655238 96
-0.447782 0.571962 39.955574 97
-0.728969 0.684547 130.697251 74
-0.809017 0.587785 -264.106984 55
-0.621382 0.574733 -169.284360 76
-0.447782 0.737755 -2.807404 112
-0.382682 0.674543 -4.130496 115
-0.317582 0.777124 1.441035 131
-0.534582 0.656244 19.655238 96
-0.447782 0.737755 -2.807404 112
-0.535827 0.844328 -0.974388 111
-0.534582 0.656244 19.655238 96
-0.382682 0.674543 -4.130496 115
-0.447782 0.737755 -2.807404 112
-0.728969 0.684547 130.697251 74
-0.631775 0.670396 10.573250 92
-0.637424 0.770513 -26.007360 94
-0.621382 0.574733 -169.284360 76
-0.512882 0.469380 -159.316168 77
-0.447782 0.571962 39.955574 97
-0.631775 0.670396 10.573250 92
-0.534582 0.656244 19.655238 96
-0.637424 0.770513 -26.007360 94
-0.621382 0.574733 -169.284360 76
-0.631775 0.670396 10.573250 92
-0.728969 0.684547 130.697251 74
-0.621382 0.574733 -169.284360 76
-0.534582 0.656244 19.655238 96
-0.631775 0.670396 10.573250 92
0.794983 0.411712 0.198394 236
0.929776 0.368125 -0.000101 237
0.876307 0.481754 0.000220 242
0.708183 0.493222 0.254903 238
0.794983 0.411712 0.198394 236
0.876307 0.481754 0.000220 242
0.610532 0.481301 0.396124 223
0.577982 0.366799 0.530502 208
0.719033 0.337964 0.369100 222
0.349368 0.525509 0.618278 189
0.512882 0.469380 0.513186 207
0.447782 0.571962 0.467472 205
0.349368 0.525509 0.618278 189
0.422415 0.360024 0.695871 190
0.512882 0.469380 0.513186 207
0.445745 0.037763 0.794993 170
0.314527 -0.024174 0.792896 157
0.441136 -0.097722 0.840310 175
0.643082 0.264217 0.514944 206
0.522968 0.251959 0.667468 191
0.571666 0.141635 0.659895 188
0.794983 0.245918 0.307878 220
0.719033 0.337964 0.369100 222
0.643082 0.264217 0.514944 206
0.870933 0.153872 0.217964 219
0.794983 0.245918 0.307878 220
0.708183 0.161636 0.471169 204
0.870933 0.153872 0.217964 219
0.968583 0.248690 -0.000148 230
0.794983 0.245918 0.307878 220
0.577982 0.366799 0.530502 208
0.422415 0.360024 0.695871 190
0.522968 0.251959 0.667468 191
0.040329 0.180264 -1.354157 129
0.167922 0.223510 1.802696 147
0.060580 0.300829 0.335925 136
0.794983 0.245918 0.307878 220
0.643082 0.264217 0.514944 206
0.708183 0.161636 0.471169 204
0.708183 0.493222 0.254903 238
0.719033 0.337964 0.369100 222
0.794983 0.411712 0.198394 236
0.577982 0.366799 0.530502 208
0.643082 0.264217 0.514944 206
0.719033 0.337964 0.369100 222
0.915249 0.040903 0.160621 228
0.773283 0.059054 0.398632 215
0.838383 -0.043527 0.294934 225
1.000000 -0.000000 0.000194 240
0.915249 0.040903 0.160621 228
0.838383 -0.043527 0.294934 225
0.992115 0.125333 -0.000050 233
0.968583 0.248690 -0.000148 230
0.870933 0.153872 0.217964 219
0.794983 0.245918 0.307878 220
0.929776 0.368125 -0.000101 237
0.794983 0.411712 0.198394 236
0.062791 0.998027 -0.004858 198
0.023973 0.872212 0.237149 184
0.187381 0.982287 -0.006738 199
0.425779 0.904827 0.001121 216
0.309017 0.951057 -0.010498 214
0.360982 0.819266 0.203081 203
0.309017 0.951057 -0.010498 214
0.203275 0.856480 0.252416 200
0.360982 0.819266 0.203081 203
0.382682 0.674543 0.411975 202
0.447782 0.737755 0.251942 218
0.360982 0.819266 0.203081 203
0.512882 0.469380 0.513186 207
0.621382 0.574733 0.284996 221
0.447782 0.571962 0.467472 205
0.719033 0.337964 0.369100 222
0.708183 0.493222 0.254903 238
0.610532 0.481301 0.396124 223
0.809017 0.587785 -0.000338 235
0.728969 0.684547 -0.000462 234
0.621382 0.574733 0.284996 221
0.621382 0.574733 0.284996 221
0.534582 0.656244 0.282566 217
0.447782 0.571962 0.467472 205
0.809017 0.587785 -0.000338 235
0.621382 0.574733 0.284996 221
0.708183 0.493222 0.254903 238
0.631775 0.670396 0.151409 229
0.534582 0.656244 0.282566 217
0.621382 0.574733 0.284996 221
0.728969 0.684547 -0.000462 234
0.631775 0.670396 0.151409 229
0.621382 0.574733 0.284996 221
0.728969 0.684547 -0.000462 234
0.637424 0.770513 0.000146 231
0.631775 0.670396 0.151409 229
0.447782 0.737755 0.251942 218
0.425779 0.904827 0.001121 216
0.360982 0.819266 0.203081 203
0.794983 0.245918 0.307878 220
0.794983 0.411712 0.198394 236
0.719033 0.337964 0.369100 222
0.610532 0.481301 0.396124 223
0.621382 0.574733 0.284996 221
0.512882 0.469380 0.513186 207
0.577982 0.366799 0.530502 208
0.610532 0.481301 0.396124 223
0.512882 0.469380 0.513186 207
0.708183 0.493222 0.254903 238
0.621382 0.574733 0.284996 221
0.610532 0.481301 0.396124 223
0.637424 0.770513 0.000146 231
0.534582 0.656244 0.282566 217
0.631775 0.670396 0.151409 229
0.637424 0.770513 0.000146 231
0.535827 0.844328 0.001168 232
0.534582 0.656244 0.282566 217
0.235061 0.604864 0.542611 186
0.219168 0.730672 0.370268 187
0.072414 0.628453 0.993963 169
0.447782 0.737755 0.251942 218
0.535827 0.844328 0.001168 232
0.425779 0.904827 0.001121 216
0.534582 0.656244 0.282566 217
0.447782 0.737755 0.251942 218
0.382682 0.674543 0.411975 202
0.534582 0.656244 0.282566 217
0.535827 0.844328 0.001168 232
0.447782 0.737755 0.251942 218
-0.135539 0.372907 1.015097 116
-0.250954 0.479057 -29.443600 114
-0.266847 0.353249 53.072877 98
0.060580 0.300829 0.335925 136
-0.004231 0.392564 -0.976122 135
-0.042554 0.274619 8.017906 117
0.040329 0.180264 -1.354157 129
0.060580 0.300829 0.335925 136
-0.042554 0.274619 8.017906 117
0.163714 0.327039 0.721121 153
0.123361 0.435810 1.209913 154
0.060580 0.300829 0.335925 136
-0.080876 0.156675 -2.838879 110
0.020079 0.059698 11.968695 118
0.040329 0.180264 -1.354157 129
0.266847 0.353249 0.761719 172
0.250954 0.479057 0.649200 171
0.123361 0.435810 1.209913 154
-0.108431 0.494783 4.857592 133
-0.250954 0.479057 -29.443600 114
-0.135539 0.372907 1.015097 116
-0.004231 0.392564 -0.976122 135
-0.108431 0.494783 4.857592 133
-0.135539 0.372907 1.015097 116
0.034091 0.510509 0.577602 151
0.072414 0.628453 0.993963 169
-0.081324 0.616659 -1.519359 152
0.034091 0.510509 0.577602 151
0.123361 0.435810 1.209913 154
0.134576 0.557687 0.562771 168
0.381154 0.273894 0.780655 173
0.266847 0.353249 0.761719 172
0.282741 0.227442 0.933564 155
0.413450 0.155828 0.771676 174
0.445745 0.037763 0.794993 170
0.571666 0.141635 0.659895 188
0.282741 0.227442 0.933564 155
0.413450 0.155828 0.771676 174
0.381154 0.273894 0.780655 173
0.298634 0.101634 1.036786 156
0.445745 0.037763 0.794993 170
0.413450 0.155828 0.771676 174
0.577982 0.366799 0.530502 208
0.512882 0.469380 0.513186 207
0.422415 0.360024 0.695871 190
0.134576 0.557687 0.562771 168
0.235061 0.604864 0.542611 186
0.072414 0.628453 0.993963 169
0.034091 0.510509 0.577602 151
0.134576 0.557687 0.562771 168
0.072414 0.628453 0.993963 169
0.123361 0.435810 1.209913 154
0.250954 0.479057 0.649200 171
0.134576 0.557687 0.562771 168
0.422415 0.360024 0.695871 190
0.349368 0.525509 0.618278 189
0.266847 0.353249 0.761719 172
0.349368 0.525509 0.618278 189
0.235061 0.604864 0.542611 186
0.250954 0.479057 0.649200 171
0.266847 0.353249 0.761719 172
0.349368 0.525509 0.618278 189
0.250954 0.479057 0.649200 171
0.447782 0.571962 0.467472 205
0.382682 0.674543 0.411975 202
0.349368 0.525509 0.618278 189
0.023973 0.872212 0.237149 184
0.062791 0.998027 -0.004858 198
-0.062791 0.998027 0.029769 182
-0.089651 0.864346 0.077675 166
0.023973 0.872212 0.237149 184
-0.062791 0.998027 0.029769 182
-0.187381 0.982287 0.156653 165
-0.089651 0.864346 0.077675 166
-0.062791 0.998027 0.029769 182
-0.203275 0.856480 0.192843 149
-0.109200 0.735914 1.053605 150
-0.089651 0.864346 0.077675 166
0.000768 0.741156 0.715522 167
0.110736 0.746398 0.316768 183
0.023973 0.872212 0.237149 184
0.219168 0.730672 0.370268 187
0.110736 0.746398 0.316768 183
0.072414 0.628453 0.993963 169
0.203275 0.856480 0.252416 200
0.187381 0.982287 -0.006738 199
0.023973 0.872212 0.237149 184
0.187381 0.982287 -0.006738 199
0.203275 0.856480 0.252416 200
0.309017 0.951057 -0.010498 214
-0.235061 0.604864 10.006158 132
-0.250954 0.479057 -29.443600 114
-0.108431 0.494783 4.857592 133
-0.109200 0.735914 1.053605 150
-0.203275 0.856480 0.192843 149
-0.219168 0.730672 -0.635397 134
0.072414 0.628453 0.993963 169
0.000768 0.741156 0.715522 167
-0.081324 0.616659 -1.519359 152
0.000768 0.741156 0.715522 167
0.023973 0.872212 0.237149 184
-0.089651 0.864346 0.077675 166
-0.219168 0.730672 -0.635397 134
-0.317582 0.777124 1.441035 131
-0.382682 0.674543 -4.130496 115
-0.108431 0.494783 4.857592 133
-0.081324 0.616659 -1.519359 152
-0.235061 0.604864 10.006158 132
-0.203275 0.856480 0.192843 149
-0.317582 0.777124 1.441035 131
-0.219168 0.730672 -0.635397 134
0.809017 0.587785 -0.000338 235
0.708183 0.493222 0.254903 238
0.876307 0.481754 0.000220 242
0.469331 -0.217723 0.682237 178
0.443723 -0.339315 0.585051 177
0.569181 -0.223917 0.647300 195
0.992115 -0.125333 0.000150 243
0.903483 -0.146108 0.161978 239
0.968583 -0.248690 -0.000015 241
0.992115 -0.125333 0.000150 243
1.000000 -0.000000 0.000194 240
0.903483 -0.146108 0.161978 239
-0.616669 -0.529062 -17951.517731 25
-0.518255 -0.575515 3025.655542 36
-0.486789 -0.444362 827.357692 38
-0.728969 -0.684547 -5099.997030 14
-0.658410 -0.623625 -680.517710 24
-0.735953 -0.529892 23388.535794 15
-0.433694 -0.622226 -370.527612 37
-0.409886 -0.779019 140.967077 45
-0.349134 -0.668938 123.614623 51
-0.637424 -0.770513 1096.190903 19
-0.534148 -0.701322 -470.675721 31
-0.658410 -0.623625 -680.517710 24
-0.637424 -0.770513 1096.190903 19
-0.535827 -0.844328 -50.973600 30
-0.534148 -0.701322 -470.675721 31
0.664439 -0.453191 0.349327 197
0.736206 -0.299972 0.360694 212
0.592925 -0.376490 0.528491 194
0.736206 -0.299972 0.360694 212
0.792049 -0.172045 0.344745 224
0.680615 -0.197981 0.494350 209
0.929776 -0.368125 -0.000862 226
0.847640 -0.274036 0.207166 227
0.791796 -0.401964 0.213489 213
0.929776 -0.368125 -0.000862 226
0.968583 -0.248690 -0.000015 241
0.847640 -0.274036 0.207166 227
0.715365 -0.101593 0.478264 210
0.584401 -0.096754 0.648055 192
0.680615 -0.197981 0.494350 209
0.773283 0.059054 0.398632 215
0.715365 -0.101593 0.478264 210
0.838383 -0.043527 0.294934 225
0.662567 0.006795 0.561459 201
0.708183 0.161636 0.471169 204
0.571666 0.141635 0.659895 188
-0.592925 -0.376490 16470.233490 33
-0.486789 -0.444362 827.357692 38
-0.443723 -0.339315 -7567.650972 48
-0.791796 -0.401964 -195237.958072 10
-0.664439 -0.453191 88452.249664 20
-0.680489 -0.312940 -183213.340222 21
-0.616669 -0.529062 -17951.517731 25
-0.486789 -0.444362 827.357692 38
-0.592925 -0.376490 16470.233490 33
-0.584401 -0.096754 16221.005658 35
-0.569181 -0.223917 21358.764968 34
-0.469331 -0.217723 -5130.716777 49
-0.680489 -0.312940 -183213.340222 21
-0.847640 -0.274036 915316.459359 11
-0.791796 -0.401964 -195237.958072 10
-0.035536 -0.096906 3.186723 104
-0.119199 0.038730 -55.585683 100
-0.157522 -0.079215 5.865245 85
-0.195844 -0.197159 -417.982382 84
-0.064278 -0.185365 57.065157 103
-0.157522 -0.079215 5.865245 85
0.196515 -0.037934 1.435560 140
0.314527 -0.024174 0.792896 157
0.298634 0.101634 1.036786 156
0.125317 0.034143 -1.412127 128
0.196515 -0.037934 1.435560 140
0.172130 0.119981 -0.198905 137
-0.035536 -0.096906 3.186723 104
0.078503 -0.051694 -0.117320 122
0.020079 0.059698 11.968695 118
-0.035536 -0.096906 3.186723 104
0.067288 -0.173570 -3.990641 121
0.078503 -0.051694 -0.117320 122
0.198854 -0.161776 1.337185 141
0.330420 -0.149981 0.773001 160
0.196515 -0.037934 1.435560 140
0.078503 -0.051694 -0.117320 122
0.198854 -0.161776 1.337185 141
0.196515 -0.037934 1.435560 140
-0.001975 -0.299378 -27.302388 107
0.114121 -0.291515 5.755240 124
0.067288 -0.173570 -3.990641 121
-0.065162 -0.389016 -18.619381 106
-0.001975 -0.299378 -27.302388 107
-0.118071 -0.307241 148.136255 89
-0.145550 -0.426758 41.952680 87
-0.065162 -0.389016 -18.619381 106
-0.118071 -0.307241 148.136255 89
-0.012254 -0.470791 3.341002 105
0.108328 -0.414177 6.783550 123
-0.065162 -0.389016 -18.619381 106
-0.065162 -0.389016 -18.619381 106
0.108328 -0.414177 6.783550 123
-0.001975 -0.299378 -27.302388 107
0.441136 -0.097722 0.840310 175
0.314527 -0.024174 0.792896 157
0.330420 -0.149981 0.773001 160
-0.035536 -0.096906 3.186723 104
0.020079 0.059698 11.968695 118
-0.119199 0.038730 -55.585683 100
0.522968 0.251959 0.667468 191
0.643082 0.264217 0.514944 206
0.577982 0.366799 0.530502 208
0.381154 0.273894 0.780655 173
0.522968 0.251959 0.667468 191
0.422415 0.360024 0.695871 190
0.266847 0.353249 0.761719 172
0.381154 0.273894 0.780655 173
0.422415 0.360024 0.695871 190
0.282741 0.227442 0.933564 155
0.298634 0.101634 1.036786 156
0.413450 0.155828 0.771676 174
0.584401 -0.096754 0.648055 192
0.441136 -0.097722 0.840310 175
0.469331 -0.217723 0.682237 178
0.381154 0.273894 0.780655 173
0.413450 0.155828 0.771676 174
0.522968 0.251959 0.667468 191
0.298634 0.101634 1.036786 156
0.314527 -0.024174 0.792896 157
0.445745 0.037763 0.794993 170
0.571666 0.141635 0.659895 188
0.708183 0.161636 0.471169 204
0.643082 0.264217 0.514944 206
0.413450 0.155828 0.771676 174
0.571666 0.141635 0.659895 188
0.522968 0.251959 0.667468 191
0.662567 0.006795 0.561459 201
0.715365 -0.101593 0.478264 210
0.773283 0.059054 0.398632 215
0.708183 0.161636 0.471169 204
0.662567 0.006795 0.561459 201
0.773283 0.059054 0.398632 215
0.543905 0.017440 0.694194 185
0.584401 -0.096754 0.648055 192
0.662567 0.006795 0.561459 201
0.445745 0.037763 0.794993 170
0.543905 0.017440 0.694194 185
0.571666 0.141635 0.659895 188
0.445745 0.037763 0.794993 170
0.441136 -0.097722 0.840310 175
0.543905 0.017440 0.694194 185
0.794983 0.245918 0.307878 220
0.968583 0.248690 -0.000148 230
0.929776 0.368125 -0.000101 237
0.773283 0.059054 0.398632 215
0.870933 0.153872 0.217964 219
0.708183 0.161636 0.471169 204
0.773283 0.059054 0.398632 215
0.915249 0.040903 0.160621 228
0.870933 0.153872 0.217964 219
0.838383 -0.043527 0.294934 225
0.903483 -0.146108 0.161978 239
1.000000 -0.000000 0.000194 240
0.584401 -0.096754 0.648055 192
0.569181 -0.223917 0.647300 195
0.680615 -0.197981 0.494350 209
0.662567 0.006795 0.561459 201
0.584401 -0.096754 0.648055 192
0.715365 -0.101593 0.478264 210
0.543905 0.017440 0.694194 185
0.441136 -0.097722 0.840310 175
0.584401 -0.096754 0.648055 192
0.662567 0.006795 0.561459 201
0.571666 0.141635 0.659895 188
0.543905 0.017440 0.694194 185
0.330420 -0.149981 0.773001 160
0.346313 -0.275789 1.219301 161
0.469331 -0.217723 0.682237 178
0.664439 -0.453191 0.349327 197
0.592925 -0.376490 0.528491 194
0.616669 -0.529062 0.346146 181
0.735953 -0.529892 0.177279 196
0.664439 -0.453191 0.349327 197
0.616669 -0.529062 0.346146 181
0.735953 -0.529892 0.177279 196
0.791796 -0.401964 0.213489 213
0.664439 -0.453191 0.349327 197
0.838383 -0.043527 0.294934 225
0.715365 -0.101593 0.478264 210
0.792049 -0.172045 0.344745 224
0.443723 -0.339315 0.585051 177
0.346313 -0.275789 1.219301 161
0.362206 -0.401597 1.066435 159
0.584401 -0.096754 0.648055 192
0.469331 -0.217723 0.682237 178
0.569181 -0.223917 0.647300 195
0.441136 -0.097722 0.840310 175
0.330420 -0.149981 0.773001 160
0.469331 -0.217723 0.682237 178
0.915249 0.040903 0.160621 228
0.992115 0.125333 -0.000050 233
0.870933 0.153872 0.217964 219
0.219168 0.730672 0.370268 187
0.360982 0.819266 0.203081 203
0.203275 0.856480 0.252416 200
0.110736 0.746398 0.316768 183
0.219168 0.730672 0.370268 187
0.203275 0.856480 0.252416 200
0.235061 0.604864 0.542611 186
0.382682 0.674543 0.411975 202
0.219168 0.730672 0.370268 187
0.123361 0.435810 1.209913 154
-0.004231 0.392564 -0.976122 135
0.060580 0.300829 0.335925 136
-0.081324 0.616659 -1.519359 152
-0.108431 0.494783 4.857592 133
0.034091 0.510509 0.577602 151
0.000768 0.741156 0.715522 167
-0.109200 0.735914 1.053605 150
-0.081324 0.616659 -1.519359 152
0.110736 0.746398 0.316768 183
0.000768 0.741156 0.715522 167
0.072414 0.628453 0.993963 169
0.110736 0.746398 0.316768 183
0.203275 0.856480 0.252416 200
0.023973 0.872212 0.237149 184
-0.219168 0.730672 -0.635397 134
-0.235061 0.604864 10.006158 132
-0.081324 0.616659 -1.519359 152
0.123361 0.435810 1.209913 154
0.163714 0.327039 0.721121 153
0.266847 0.353249 0.761719 172
0.235061 0.604864 0.542611 186
0.134576 0.557687 0.562771 168
0.250954 0.479057 0.649200 171
0.034091 0.510509 0.577602 151
-0.004231 0.392564 -0.976122 135
0.123361 0.435810 1.209913 154
0.382682 0.674543 0.411975 202
0.360982 0.819266 0.203081 203
0.219168 0.730672 0.370268 187
0.349368 0.525509 0.618278 189
0.382682 0.674543 0.411975 202
0.235061 0.604864 0.542611 186
0.447782 0.571962 0.467472 205
0.534582 0.656244 0.282566 217
0.382682 0.674543 0.411975 202
-0.876307 0.481754 -244.497414 40
-0.708183 0.493222 1061.406661 56
-0.809017 0.587785 -264.106984 55
-0.389865 0.411315 144.824453 95
-0.250954 0.479057 -29.443600 114
-0.349368 0.525509 -28.416492 113
-0.162647 0.251030 -32.021191 99
-0.135539 0.372907 1.015097 116
-0.266847 0.353249 53.072877 98
-0.298634 0.101634 -849.630464 73
-0.189755 0.129154 106.361699 93
-0.282741 0.227442 37.646339 79
-0.042554 0.274619 8.017906 117
-0.135539 0.372907 1.015097 116
-0.162647 0.251030 -32.021191 99
-0.108431 0.494783 4.857592 133
-0.004231 0.392564 -0.976122 135
0.034091 0.510509 0.577602 151
-0.282741 0.227442 37.646339 79
-0.162647 0.251030 -32.021191 99
-0.266847 0.353249 53.072877 98
-0.042554 0.274619 8.017906 117
-0.004231 0.392564 -0.976122 135
-0.135539 0.372907 1.015097 116
0.167922 0.223510 1.802696 147
0.172130 0.119981 -0.198905 137
0.282741 0.227442 0.933564 155
0.060580 0.300829 0.335925 136
0.167922 0.223510 1.802696 147
0.163714 0.327039 0.721121 153
0.040329 0.180264 -1.354157 129
0.172130 0.119981 -0.198905 137
0.167922 0.223510 1.802696 147
-0.080876 0.156675 -2.838879 110
0.040329 0.180264 -1.354157 129
-0.042554 0.274619 8.017906 117
0.020079 0.059698 11.968695 118
0.172130 0.119981 -0.198905 137
0.040329 0.180264 -1.354157 129
0.282741 0.227442 0.933564 155
0.266847 0.353249 0.761719 172
0.163714 0.327039 0.721121 153
-0.534582 0.656244 19.655238 96
-0.535827 0.844328 -0.974388 111
-0.637424 0.770513 -26.007360 94
0.847640 -0.274036 0.207166 227
0.903483 -0.146108 0.161978 239
0.792049 -0.172045 0.344745 224
0.968583 -0.248690 -0.000015 241
0.903483 -0.146108 0.161978 239
0.847640 -0.274036 0.207166 227
0.791796 -0.401964 0.213489 213
0.735953 -0.529892 0.177279 196
0.876307 -0.481754 -0.000502 211
0.929776 -0.368125 -0.000862 226
0.791796 -0.401964 0.213489 213
0.876307 -0.481754 -0.000502 211
0.592925 -0.376490 0.528491 194
0.569181 -0.223917 0.647300 195
0.443723 -0.339315 0.585051 177
0.616669 -0.529062 0.346146 181
0.592925 -0.376490 0.528491 194
0.486789 -0.444362 0.517173 176
0.736206 -0.299972 0.360694 212
0.569181 -0.223917 0.647300 195
0.592925 -0.376490 0.528491 194
0.847640 -0.274036 0.207166 227
0.736206 -0.299972 0.360694 212
0.791796 -0.401964 0.213489 213
0.680615 -0.197981 0.494350 209
0.569181 -0.223917 0.647300 195
0.736206 -0.299972 0.360694 212
0.378100 -0.527404 0.601962 158
0.486789 -0.444362 0.517173 176
0.362206 -0.401597 1.066435 159
0.518255 -0.575515 0.406763 164
0.393993 -0.653212 0.402762 146
0.515708 -0.711863 0.224347 162
0.486789 -0.444362 0.517173 176
0.518255 -0.575515 0.406763 164
0.616669 -0.529062 0.346146 181
0.378100 -0.527404 0.601962 158
0.393993 -0.653212 0.402762 146
0.518255 -0.575515 0.406763 164
0.658410 -0.623625 0.175626 179
0.728969 -0.684547 0.000150 180
0.735953 -0.529892 0.177279 196
0.196515 -0.037934 1.435560 140
0.330420 -0.149981 0.773001 160
0.314527 -0.024174 0.792896 157
-0.195844 -0.197159 -417.982382 84
-0.118071 -0.307241 148.136255 89
-0.064278 -0.185365 57.065157 103
-0.118071 -0.307241 148.136255 89
-0.234167 -0.315104 -422.332312 70
-0.145550 -0.426758 41.952680 87
0.210774 -0.256132 0.325235 142
0.346313 -0.275789 1.219301 161
0.330420 -0.149981 0.773001 160
0.210774 -0.256132 0.325235 142
0.235267 -0.407887 -0.878168 143
0.346313 -0.275789 1.219301 161
0.067288 -0.173570 -3.990641 121
0.114121 -0.291515 5.755240 124
0.198854 -0.161776 1.337185 141
0.108328 -0.414177 6.783550 123
0.114121 -0.291515 5.755240 124
-0.001975 -0.299378 -27.302388 107
0.247982 -0.508533 -0.003475 139
0.362206 -0.401597 1.066435 159
0.235267 -0.407887 -0.878168 143
0.443723 -0.339315 0.585051 177
0.486789 -0.444362 0.517173 176
0.592925 -0.376490 0.528491 194
0.346313 -0.275789 1.219301 161
0.443723 -0.339315 0.585051 177
0.469331 -0.217723 0.682237 178
0.362206 -0.401597 1.066435 159
0.486789 -0.444362 0.517173 176
0.443723 -0.339315 0.585051 177
0.518255 -0.575515 0.406763 164
0.658410 -0.623625 0.175626 179
0.616669 -0.529062 0.346146 181
0.735953 -0.529892 0.177279 196
0.809017 -0.587785 0.000242 193
0.876307 -0.481754 -0.000502 211
0.616669 -0.529062 0.346146 181
0.658410 -0.623625 0.175626 179
0.735953 -0.529892 0.177279 196
0.791796 -0.401964 0.213489 213
0.736206 -0.299972 0.360694 212
0.664439 -0.453191 0.349327 197
0.486789 -0.444362 0.517173 176
0.378100 -0.527404 0.601962 158
0.518255 -0.575515 0.406763 164
0.728969 -0.684547 0.000150 180
0.809017 -0.587785 0.000242 193
0.735953 -0.529892 0.177279 196
0.847640 -0.274036 0.207166 227
0.792049 -0.172045 0.344745 224
0.736206 -0.299972 0.360694 212
0.838383 -0.043527 0.294934 225
0.792049 -0.172045 0.344745 224
0.903483 -0.146108 0.161978 239
0.715365 -0.101593 0.478264 210
0.680615 -0.197981 0.494350 209
0.792049 -0.172045 0.344745 224
1.000000 -0.000000 0.000194 240
0.992115 0.125333 -0.000050 233
0.915249 0.040903 0.160621 228
0.295977 -0.844070 0.217775 125
0.177179 -0.862891 0.341369 109
0.309017 -0.951057 -0.032845 108
0.425779 -0.904827 -0.011970 126
0.295977 -0.844070 0.217775 125
0.309017 -0.951057 -0.032845 108
0.282937 -0.737084 0.173226 127
0.177179 -0.862891 0.341369 109
0.295977 -0.844070 0.217775 125
0.062791 -0.998027 -0.449678 72
0.060826 -0.904827 0.453301 91
-0.062791 -0.998027 1.303221 71
-0.272489 -0.433048 39.785880 67
-0.234167 -0.315104 -422.332312 70
-0.362206 -0.401597 851.492799 53
-0.349134 -0.668938 123.614623 51
-0.166657 -0.668938 -31.095207 68
-0.219573 -0.550993 95.014940 69
-0.005837 -0.810471 -1.118838 101
-0.060826 -0.904827 -0.931752 82
0.060826 -0.904827 0.453301 91
0.177179 -0.862891 0.341369 109
-0.005837 -0.810471 -1.118838 101
0.060826 -0.904827 0.453301 91
-0.072500 -0.716116 3.518532 83
-0.156928 -0.826197 10.345426 81
-0.005837 -0.810471 -1.118838 101
-0.272489 -0.433048 39.785880 67
-0.219573 -0.550993 95.014940 69
-0.145550 -0.426758 41.952680 87
-0.321429 -0.833823 -16.447223 46
-0.409886 -0.779019 140.967077 45
-0.425779 -0.904827 -34.311494 32
-0.232973 -0.888627 9.741563 62
-0.321429 -0.833823 -16.447223 46
-0.309017 -0.951057 10.644718 47
-0.232973 -0.888627 9.741563 62
-0.253031 -0.747568 -41.660006 61
-0.321429 -0.833823 -16.447223 46
-0.166657 -0.668938 -31.095207 68
-0.253031 -0.747568 -41.660006 61
-0.156928 -0.826197 10.345426 81
-0.349134 -0.668938 123.614623 51
-0.409886 -0.779019 140.967077 45
-0.253031 -0.747568 -41.660006 61
0.187381 -0.982287 -0.059518 90
0.060826 -0.904827 0.453301 91
0.062791 -0.998027 -0.449678 72
0.235267 -0.407887 -0.878168 143
0.362206 -0.401597 1.066435 159
0.346313 -0.275789 1.219301 161
0.298781 -0.621760 0.795184 138
0.378100 -0.527404 0.601962 158
0.247982 -0.508533 -0.003475 139
0.518255 -0.575515 0.406763 164
0.515708 -0.711863 0.224347 162
0.658410 -0.623625 0.175626 179
0.298781 -0.621760 0.795184 138
0.393993 -0.653212 0.402762 146
0.378100 -0.527404 0.601962 158
0.141155 -0.577727 -0.674802 120
0.164458 -0.730094 1.192830 119
0.298781 -0.621760 0.795184 138
0.108328 -0.414177 6.783550 123
0.141155 -0.577727 -0.674802 120
0.247982 -0.508533 -0.003475 139
0.034327 -0.646921 -0.891211 102
0.164458 -0.730094 1.192830 119
0.141155 -0.577727 -0.674802 120
0.108328 -0.414177 6.783550 123
-0.012254 -0.470791 3.341002 105
0.141155 -0.577727 -0.674802 120
-0.072500 -0.716116 3.518532 83
-0.005837 -0.810471 -1.118838 101
0.034327 -0.646921 -0.891211 102
0.282937 -0.737084 0.173226 127
0.393993 -0.653212 0.402762 146
0.298781 -0.621760 0.795184 138
-0.005837 -0.810471 -1.118838 101
0.177179 -0.862891 0.341369 109
0.164458 -0.730094 1.192830 119
0.187381 -0.982287 -0.059518 90
0.177179 -0.862891 0.341369 109
0.060826 -0.904827 0.453301 91
0.187381 -0.982287 -0.059518 90
0.309017 -0.951057 -0.032845 108
0.177179 -0.862891 0.341369 109
0.409886 -0.779019 0.261714 144
0.393993 -0.653212 0.402762 146
0.282937 -0.737084 0.173226 127
0.515708 -0.711863 0.224347 162
0.637424 -0.770513 0.003349 163
0.658410 -0.623625 0.175626 179
0.409886 -0.779019 0.261714 144
0.515708 -0.711863 0.224347 162
0.393993 -0.653212 0.402762 146
0.409886 -0.779019 0.261714 144
0.535827 -0.844328 -0.009836 145
0.515708 -0.711863 0.224347 162
0.425779 -0.904827 -0.011970 126
0.409886 -0.779019 0.261714 144
0.295977 -0.844070 0.217775 125
-0.065162 -0.389016 -18.619381 106
-0.145550 -0.426758 41.952680 87
-0.115913 -0.510892 -13.757833 88
-0.272489 -0.433048 39.785880 67
-0.145550 -0.426758 41.952680 87
-0.234167 -0.315104 -422.332312 70
-0.219573 -0.550993 95.014940 69
-0.378100 -0.527404 -639.418092 52
-0.349134 -0.668938 123.614623 51
-0.072500 -0.716116 3.518532 83
-0.042377 -0.593453 10.333571 86
-0.166657 -0.668938 -31.095207 68
-0.272489 -0.433048 39.785880 67
-0.378100 -0.527404 -639.418092 52
-0.219573 -0.550993 95.014940 69
0.535827 -0.844328 -0.009836 145
0.409886 -0.779019 0.261714 144
0.425779 -0.904827 -0.011970 126
0.535827 -0.844328 -0.009836 145
0.637424 -0.770513 0.003349 163
0.515708 -0.711863 0.224347 162
0.409886 -0.779019 0.261714 144
0.282937 -0.737084 0.173226 127
0.295977 -0.844070 0.217775 125
0.637424 -0.770513 0.003349 163
0.728969 -0.684547 0.000150 180
0.658410 -0.623625 0.175626 179
-0.309017 0.951057 -0.582788 148
-0.203275 0.856480 0.192843 149
-0.187381 0.982287 0.156653 165
-0.109200 0.735914 1.053605 150
-0.219168 0.730672 -0.635397 134
-0.081324 0.616659 -1.519359 152
-0.187381 0.982287 0.156653 165
-0.203275 0.856480 0.192843 149
-0.089651 0.864346 0.077675 166
-0.219168 0.730672 -0.635397 134
-0.382682 0.674543 -4.130496 115
-0.235061 0.604864 10.006158 132
-0.089651 0.864346 0.077675 166
-0.109200 0.735914 1.053605 150
0.000768 0.741156 0.715522 167
-0.253031 -0.747568 -41.660006 61
-0.166657 -0.668938 -31.095207 68
-0.349134 -0.668938 123.614623 51
-0.060826 -0.904827 -0.931752 82
-0.156928 -0.826197 10.345426 81
-0.187381 -0.982287 -5.668790 63
-0.060826 -0.904827 -0.931752 82
-0.005837 -0.810471 -1.118838 101
-0.156928 -0.826197 10.345426 81
-0.232973 -0.888627 9.741563 62
-0.156928 -0.826197 10.345426 81
-0.253031 -0.747568 -41.660006 61
-0.187381 -0.982287 -5.668790 63
-0.232973 -0.888627 9.741563 62
-0.309017 -0.951057 10.644718 47
-0.187381 -0.982287 -5.668790 63
-0.156928 -0.826197 10.345426 81
-0.232973 -0.888627 9.741563 62
-0.062791 -0.998027 1.303221 71
-0.060826 -0.904827 -0.931752 82
-0.187381 -0.982287 -5.668790 63
-0.042377 -0.593453 10.333571 86
-0.072500 -0.716116 3.518532 83
0.034327 -0.646921 -0.891211 102
-0.012254 -0.470791 3.341002 105
-0.042377 -0.593453 10.333571 86
0.034327 -0.646921 -0.891211 102
-0.115913 -0.510892 -13.757833 88
-0.166657 -0.668938 -31.095207 68
-0.042377 -0.593453 10.333571 86
-0.518255 -0.575515 3025.655542 36
-0.616669 -0.529062 -17951.517731 25
-0.658410 -0.623625 -680.517710 24
-0.433694 -0.622226 -370.527612 37
-0.518255 -0.575515 3025.655542 36
-0.534148 -0.701322 -470.675721 31
-0.409886 -0.779019 140.967077 45
-0.433694 -0.622226 -370.527612 37
-0.534148 -0.701322 -470.675721 31
-0.349134 -0.668938 123.614623 51
-0.378100 -0.527404 -639.418092 52
-0.433694 -0.622226 -370.527612 37
-0.378100 -0.527404 -639.418092 52
-0.486789 -0.444362 827.357692 38
-0.518255 -0.575515 3025.655542 36
0.060826 -0.904827 0.453301 91
-0.060826 -0.904827 -0.931752 82
-0.062791 -0.998027 1.303221 71
-0.534148 -0.701322 -470.675721 31
-0.535827 -0.844328 -50.973600 30
-0.409886 -0.779019 140.967077 45
-0.486789 -0.444362 827.357692 38
-0.378100 -0.527404 -639.418092 52
-0.362206 -0.401597 851.492799 53
-0.728969 -0.684547 -5099.997030 14
-0.637424 -0.770513 1096.190903 19
-0.658410 -0.623625 -680.517710 24
-0.321429 -0.833823 -16.447223 46
-0.253031 -0.747568 -41.660006 61
-0.409886 -0.779019 140.967077 45
-0.346313 -0.275789 1809.902462 64
-0.362206 -0.401597 851.492799 53
-0.234167 -0.315104 -422.332312 70
-0.195844 -0.197159 -417.982382 84
-0.346313 -0.275789 1809.902462 64
-0.234167 -0.315104 -422.332312 70
-0.658594 0.038247 61581.402312 29
-0.584401 -0.096754 16221.005658 35
-0.515073 -0.029496 -16089.159954 39
-0.330420 -0.149981 732.366348 66
-0.441136 -0.097722 -381.290519 50
-0.469331 -0.217723 -5130.716777 49
-0.330420 -0.149981 732.366348 66
-0.314527 -0.024174 -704.130368 65
-0.441136 -0.097722 -381.290519 50
-0.321429 -0.833823 -16.447223 46
-0.425779 -0.904827 -34.311494 32
-0.309017 -0.951057 10.644718 47
-0.378100 -0.527404 -639.418092 52
-0.518255 -0.575515 3025.655542 36
-0.433694 -0.622226 -370.527612 37
-0.535827 -0.844328 -50.973600 30
-0.425779 -0.904827 -34.311494 32
-0.409886 -0.779019 140.967077 45
0.298634 0.101634 1.036786 156
0.172130 0.119981 -0.198905 137
0.196515 -0.037934 1.435560 140
-0.216863 0.007278 312.456984 80
-0.157522 -0.079215 5.865245 85
-0.119199 0.038730 -55.585683 100
0.198854 -0.161776 1.337185 141
0.210774 -0.256132 0.325235 142
0.330420 -0.149981 0.773001 160
-0.118071 -0.307241 148.136255 89
-0.195844 -0.197159 -417.982382 84
-0.234167 -0.315104 -422.332312 70
0.114121 -0.291515 5.755240 124
0.235267 -0.407887 -0.878168 143
0.210774 -0.256132 0.325235 142
0.114121 -0.291515 5.755240 124
0.108328 -0.414177 6.783550 123
0.235267 -0.407887 -0.878168 143
0.198854 -0.161776 1.337185 141
0.114121 -0.291515 5.755240 124
0.210774 -0.256132 0.325235 142
0.067288 -0.173570 -3.990641 121
-0.064278 -0.185365 57.065157 103
-0.001975 -0.299378 -27.302388 107
-0.012254 -0.470791 3.341002 105
0.034327 -0.646921 -0.891211 102
0.141155 -0.577727 -0.674802 120
-0.064278 -0.185365 57.065157 103
-0.035536 -0.096906 3.186723 104
-0.157522 -0.079215 5.865245 85
-0.001975 -0.299378 -27.302388 107
-0.064278 -0.185365 57.065157 103
-0.118071 -0.307241 148.136255 89
0.067288 -0.173570 -3.990641 121
-0.035536 -0.096906 3.186723 104
-0.064278 -0.185365 57.065157 103
-0.330420 -0.149981 732.366348 66
-0.195844 -0.197159 -417.982382 84
-0.157522 -0.079215 5.865245 85
-0.330420 -0.149981 732.366348 66
-0.346313 -0.275789 1809.902462 64
-0.195844 -0.197159 -417.982382 84
-0.658594 0.038247 61581.402312 29
-0.576964 0.099699 -9745.237016 44
-0.708183 0.161636 22304.279358 28
-0.838383 -0.043527 1024503.225471 12
-0.715365 -0.101593 -189936.583532 23
-0.773283 0.059054 -157980.213114 18
-0.584401 -0.096754 16221.005658 35
-0.469331 -0.217723 -5130.716777 49
-0.441136 -0.097722 -381.290519 50
-0.715365 -0.101593 -189936.583532 23
-0.584401 -0.096754 16221.005658 35
-0.658594 0.038247 61581.402312 29
-0.773283 0.059054 -157980.213114 18
-0.715365 -0.101593 -189936.583532 23
-0.658594 0.038247 61581.402312 29
-0.680615 -0.197981 24254.022998 22
-0.569181 -0.223917 21358.764968 34
-0.584401 -0.096754 16221.005658 35
-0.792049 -0.172045 220086.911446 13
-0.680615 -0.197981 24254.022998 22
-0.715365 -0.101593 -189936.583532 23
-0.792049 -0.172045 220086.911446 13
-0.847640 -0.274036 915316.459359 11
-0.680489 -0.312940 -183213.340222 21
-0.715365 -0.101593 -189936.583532 23
-0.680615 -0.197981 24254.022998 22
-0.584401 -0.096754 16221.005658 35
-0.838383 -0.043527 1024503.225471 12
-0.792049 -0.172045 220086.911446 13
-0.715365 -0.101593 -189936.583532 23
-0.314527 -0.024174 -704.130368 65
-0.298634 0.101634 -849.630464 73
-0.445745 0.037763 3850.906733 54
-0.680489 -0.312940 -183213.340222 21
-0.592925 -0.376490 16470.233490 33
-0.569181 -0.223917 21358.764968 34
-0.569181 -0.223917 21358.764968 34
-0.592925 -0.376490 16470.233490 33
-0.443723 -0.339315 -7567.650972 48
-0.658410 -0.623625 -680.517710 24
-0.616669 -0.529062 -17951.517731 25
-0.735953 -0.529892 23388.535794 15
-0.658410 -0.623625 -680.517710 24
-0.534148 -0.701322 -470.675721 31
-0.518255 -0.575515 3025.655542 36
-0.443723 -0.339315 -7567.650972 48
-0.469331 -0.217723 -5130.716777 49
-0.569181 -0.223917 21358.764968 34
-0.362206 -0.401597 851.492799 53
-0.443723 -0.339315 -7567.650972 48
-0.486789 -0.444362 827.357692 38
-0.362206 -0.401597 851.492799 53
-0.346313 -0.275789 1809.902462 64
-0.443723 -0.339315 -7567.650972 48
0.247982 -0.508533 -0.003475 139
0.141155 -0.577727 -0.674802 120
0.298781 -0.621760 0.795184 138
-0.156928 -0.826197 10.345426 81
-0.072500 -0.716116 3.518532 83
-0.166657 -0.668938 -31.095207 68
0.164458 -0.730094 1.192830 119
0.177179 -0.862891 0.341369 109
0.282937 -0.737084 0.173226 127
0.298781 -0.621760 0.795184 138
0.164458 -0.730094 1.192830 119
0.282937 -0.737084 0.173226 127
0.034327 -0.646921 -0.891211 102
-0.005837 -0.810471 -1.118838 101
0.164458 -0.730094 1.192830 119
0.108328 -0.414177 6.783550 123
0.247982 -0.508533 -0.003475 139
0.235267 -0.407887 -0.878168 143
-0.115913 -0.510892 -13.757833 88
-0.012254 -0.470791 3.341002 105
-0.065162 -0.389016 -18.619381 106
-0.219573 -0.550993 95.014940 69
-0.115913 -0.510892 -13.757833 88
-0.145550 -0.426758 41.952680 87
-0.219573 -0.550993 95.014940 69
-0.166657 -0.668938 -31.095207 68
-0.115913 -0.510892 -13.757833 88
-0.115913 -0.510892 -13.757833 88
-0.042377 -0.593453 10.333571 86
-0.012254 -0.470791 3.341002 105
0.378100 -0.527404 0.601962 158
0.362206 -0.401597 1.066435 159
0.247982 -0.508533 -0.003475 139
