-0.903483 -0.146108 -405438626.695601 5
-0.992115 -0.125333 3595598058.443663 1
-0.968583 -0.248690 -412065204.245894 2
-0.929776 -0.368125 32800716.090085 3
-0.847640 -0.274036 117160480.959769 11
-0.968583 -0.248690 -412065204.245894 2
-0.838383 -0.043527 131136375.788270 12
-1.000000 -0.000000 -311224104.861885 4
-0.903483 -0.146108 -405438626.695601 5
-0.791796 -0.401964 -24990485.571815 10
-0.876307 -0.481754 2646624.607474 6
-0.735953 -0.529892 2993710.037589 15
-0.664439 -0.453191 11321843.144580 20
-0.592925 -0.376490 2108125.543158 33
-0.680489 -0.312940 -23451363.377156 21
-0.616669 -0.529062 -2297837.433192 25
-0.664439 -0.453191 11321843.144580 20
-0.735953 -0.529892 2993710.037589 15
-0.616669 -0.529062 -2297837.433192 25
-0.592925 -0.376490 2108125.543158 33
-0.664439 -0.453191 11321843.144580 20
-0.847640 -0.274036 117160480.959769 11
-0.929776 -0.368125 32800716.090085 3
-0.791796 -0.401964 -24990485.571815 10
-0.577982 0.366799 106634.384743 58
-0.479568 0.320346 -55555.802371 75
-0.512882 0.469380 -20458.082163 77
-0.381154 0.273894 -58242.195416 78
-0.528266 0.210023 245540.223212 59
-0.413450 0.155828 120268.297722 60
-0.389865 0.411315 18451.319136 95
-0.479568 0.320346 -55555.802371 75
-0.381154 0.273894 -58242.195416 78
-0.250954 0.479057 -3858.636694 114
-0.389865 0.411315 18451.319136 95
-0.266847 0.353249 6691.219369 98
-0.349368 0.525509 -3713.737364 113
-0.447782 0.571962 5054.324820 97
-0.389865 0.411315 18451.319136 95
-0.577982 0.366799 106634.384743 58
-0.528266 0.210023 245540.223212 59
-0.479568 0.320346 -55555.802371 75
-0.080876 0.156675 -486.428323 110
-0.042554 0.274619 909.099789 117
-0.162647 0.251030 -4214.349710 99
-0.189755 0.129154 13493.988864 93
-0.080876 0.156675 -486.428323 110
-0.162647 0.251030 -4214.349710 99
-0.282741 0.227442 4708.453721 79
-0.189755 0.129154 13493.988864 93
-0.162647 0.251030 -4214.349710 99
-0.298634 0.101634 -108867.061827 73
-0.216863 0.007278 39873.473502 80
-0.189755 0.129154 13493.988864 93
0.198854 -0.161776 52.505388 141
0.078503 -0.051694 -140.894938 122
0.067288 -0.173570 -633.400967 121
0.125317 0.034143 -305.609775 128
0.020079 0.059698 1405.496795 118
0.078503 -0.051694 -140.894938 122
0.196515 -0.037934 61.838940 140
0.125317 0.034143 -305.609775 128
0.078503 -0.051694 -140.894938 122
0.172130 0.119981 -146.868765 137
0.020079 0.059698 1405.496795 118
0.125317 0.034143 -305.609775 128
0.282741 0.227442 9.218504 155
0.172130 0.119981 -146.868765 137
0.298634 0.101634 18.346617 156
0.282741 0.227442 9.218504 155
0.163714 0.327039 -17.709382 153
0.167922 0.223510 113.670656 147
-0.080876 0.156675 -486.428323 110
-0.119199 0.038730 -7239.972452 100
0.020079 0.059698 1405.496795 118
-0.838383 -0.043527 131136375.788270 12
-0.915249 0.040903 22483033.381298 9
-1.000000 -0.000000 -311224104.861885 4
-0.903483 -0.146108 -405438626.695601 5
-1.000000 -0.000000 -311224104.861885 4
-0.992115 -0.125333 3595598058.443663 1
-0.362206 -0.401597 108901.222739 53
-0.378100 -0.527404 -81919.034434 52
-0.272489 -0.433048 4998.838903 67
-0.847640 -0.274036 117160480.959769 11
-0.903483 -0.146108 -405438626.695601 5
-0.968583 -0.248690 -412065204.245894 2
-0.847640 -0.274036 117160480.959769 11
-0.792049 -0.172045 28171081.186953 13
-0.903483 -0.146108 -405438626.695601 5
-0.876307 -0.481754 2646624.607474 6
-0.791796 -0.401964 -24990485.571815 10
-0.929776 -0.368125 32800716.090085 3
-0.664439 -0.453191 11321843.144580 20
-0.791796 -0.401964 -24990485.571815 10
-0.735953 -0.529892 2993710.037589 15
-0.680615 -0.197981 3104451.762718 22
-0.680489 -0.312940 -23451363.377156 21
-0.569181 -0.223917 2733842.436162 34
-0.680615 -0.197981 3104451.762718 22
-0.792049 -0.172045 28171081.186953 13
-0.680489 -0.312940 -23451363.377156 21
-0.515073 -0.029496 -2059505.677005 39
-0.441136 -0.097722 -48906.259525 50
-0.445745 0.037763 492814.478045 54
-0.330420 -0.149981 93632.615143 66
-0.469331 -0.217723 -656824.754816 49
-0.346313 -0.275789 231565.406973 64
-0.838383 -0.043527 131136375.788270 12
-0.903483 -0.146108 -405438626.695601 5
-0.792049 -0.172045 28171081.186953 13
-0.735953 -0.529892 2993710.037589 15
-0.809017 -0.587785 -1993143.162438 7
-0.728969 -0.684547 -652799.621897 14
-0.346313 -0.275789 231565.406973 64
-0.469331 -0.217723 -656824.754816 49
-0.443723 -0.339315 -968746.700354 48
-0.876307 -0.481754 2646624.607474 6
-0.809017 -0.587785 -1993143.162438 7
-0.735953 -0.529892 2993710.037589 15
-0.309017 0.951057 -74.596907 148
-0.317582 0.777124 146.959638 131
-0.203275 0.856480 -3.906618 149
-0.915249 0.040903 22483033.381298 9
-0.992115 0.125333 30447179.284731 8
-1.000000 -0.000000 -311224104.861885 4
-0.773283 0.059054 -20221517.958837 18
-0.915249 0.040903 22483033.381298 9
-0.838383 -0.043527 131136375.788270 12
-0.773283 0.059054 -20221517.958837 18
-0.838383 0.205163 -6080206.713629 17
-0.915249 0.040903 22483033.381298 9
-0.317582 0.777124 146.959638 131
-0.309017 0.951057 -74.596907 148
-0.425779 0.904827 108.049941 130
-0.447782 0.737755 -391.759258 112
-0.425779 0.904827 108.049941 130
-0.535827 0.844328 -124.721728 111
-0.992115 0.125333 30447179.284731 8
-0.915249 0.040903 22483033.381298 9
-0.838383 0.205163 -6080206.713629 17
-0.382682 0.674543 -579.318888 115
-0.447782 0.571962 5054.324820 97
-0.349368 0.525509 -3713.737364 113
-0.425779 0.904827 108.049941 130
-0.447782 0.737755 -391.759258 112
-0.317582 0.777124 146.959638 131
-0.382682 0.674543 -579.318888 115
-0.349368 0.525509 -3713.737364 113
-0.235061 0.604864 1207.269735 132
-0.816683 0.308437 1262089.827628 27
-0.968583 0.248690 -3943729.015064 16
-0.838383 0.205163 -6080206.713629 17
-0.816683 0.308437 1262089.827628 27
-0.929776 0.368125 386988.341937 26
-0.968583 0.248690 -3943729.015064 16
-0.708183 0.161636 2854887.778315 28
-0.816683 0.308437 1262089.827628 27
-0.838383 0.205163 -6080206.713629 17
-0.794983 0.411712 -226344.445059 41
-0.929776 0.368125 386988.341937 26
-0.816683 0.308437 1262089.827628 27
-0.314527 -0.024174 -90243.049448 65
-0.330420 -0.149981 93632.615143 66
-0.157522 -0.079215 627.699517 85
-0.080876 0.156675 -486.428323 110
-0.189755 0.129154 13493.988864 93
-0.119199 0.038730 -7239.972452 100
-0.576964 0.099699 -1247473.802977 44
-0.528266 0.210023 245540.223212 59
-0.643082 0.264217 -273190.204741 43
-0.773283 0.059054 -20221517.958837 18
-0.658594 0.038247 7882347.792778 29
-0.708183 0.161636 2854887.778315 28
-0.445745 0.037763 492814.478045 54
-0.413450 0.155828 120268.297722 60
-0.576964 0.099699 -1247473.802977 44
-0.216863 0.007278 39873.473502 80
-0.298634 0.101634 -108867.061827 73
-0.314527 -0.024174 -90243.049448 65
-0.157522 -0.079215 627.699517 85
-0.216863 0.007278 39873.473502 80
-0.314527 -0.024174 -90243.049448 65
-0.119199 0.038730 -7239.972452 100
-0.189755 0.129154 13493.988864 93
-0.216863 0.007278 39873.473502 80
-0.576964 0.099699 -1247473.802977 44
-0.643082 0.264217 -273190.204741 43
-0.708183 0.161636 2854887.778315 28
-0.413450 0.155828 120268.297722 60
-0.528266 0.210023 245540.223212 59
-0.576964 0.099699 -1247473.802977 44
-0.298634 0.101634 -108867.061827 73
-0.413450 0.155828 120268.297722 60
-0.445745 0.037763 492814.478045 54
-0.298634 0.101634 -108867.061827 73
-0.282741 0.227442 4708.453721 79
-0.413450 0.155828 120268.297722 60
-0.381154 0.273894 -58242.195416 78
-0.266847 0.353249 6691.219369 98
-0.389865 0.411315 18451.319136 95
-0.381154 0.273894 -58242.195416 78
-0.282741 0.227442 4708.453721 79
-0.266847 0.353249 6691.219369 98
-0.528266 0.210023 245540.223212 59
-0.381154 0.273894 -58242.195416 78
-0.479568 0.320346 -55555.802371 75
-0.413450 0.155828 120268.297722 60
-0.282741 0.227442 4708.453721 79
-0.381154 0.273894 -58242.195416 78
-0.577982 0.366799 106634.384743 58
-0.643082 0.264217 -273190.204741 43
-0.528266 0.210023 245540.223212 59
-0.577982 0.366799 106634.384743 58
-0.610532 0.481301 117312.405245 57
-0.719033 0.337964 -612311.824877 42
-0.621382 0.574733 -21704.410998 76
-0.708183 0.493222 135827.641526 56
-0.610532 0.481301 117312.405245 57
-0.719033 0.337964 -612311.824877 42
-0.816683 0.308437 1262089.827628 27
-0.708183 0.161636 2854887.778315 28
-0.577982 0.366799 106634.384743 58
-0.719033 0.337964 -612311.824877 42
-0.643082 0.264217 -273190.204741 43
-0.794983 0.411712 -226344.445059 41
-0.816683 0.308437 1262089.827628 27
-0.719033 0.337964 -612311.824877 42
-0.708183 0.493222 135827.641526 56
-0.794983 0.411712 -226344.445059 41
-0.719033 0.337964 -612311.824877 42
-0.610532 0.481301 117312.405245 57
-0.708183 0.493222 135827.641526 56
-0.719033 0.337964 -612311.824877 42
-0.512882 0.469380 -20458.082163 77
-0.610532 0.481301 117312.405245 57
-0.577982 0.366799 106634.384743 58
-0.512882 0.469380 -20458.082163 77
-0.621382 0.574733 -21704.410998 76
-0.610532 0.481301 117312.405245 57
-0.621382 0.574733 -21704.410998 76
-0.809017 0.587785 -33805.694078 55
-0.708183 0.493222 135827.641526 56
-0.876307 0.481754 -31295.669098 40
-0.929776 0.368125 386988.341937 26
-0.794983 0.411712 -226344.445059 41
-0.445745 0.037763 492814.478045 54
-0.441136 -0.097722 -48906.259525 50
-0.314527 -0.024174 -90243.049448 65
-0.838383 0.205163 -6080206.713629 17
-0.773283 0.059054 -20221517.958837 18
-0.708183 0.161636 2854887.778315 28
-0.643082 0.264217 -273190.204741 43
-0.719033 0.337964 -612311.824877 42
-0.708183 0.161636 2854887.778315 28
-0.968583 0.248690 -3943729.015064 16
-0.992115 0.125333 30447179.284731 8
-0.838383 0.205163 -6080206.713629 17
-0.515073 -0.029496 -2059505.677005 39
-0.576964 0.099699 -1247473.802977 44
-0.658594 0.038247 7882347.792778 29
-0.441136 -0.097722 -48906.259525 50
-0.515073 -0.029496 -2059505.677005 39
-0.584401 -0.096754 2076206.293483 35
-0.445745 0.037763 492814.478045 54
-0.576964 0.099699 -1247473.802977 44
-0.515073 -0.029496 -2059505.677005 39
-0.794983 0.411712 -226344.445059 41
-0.708183 0.493222 135827.641526 56
-0.876307 0.481754 -31295.669098 40
-0.447782 0.571962 5054.324820 97
-0.534582 0.656244 2479.857558 96
-0.621382 0.574733 -21704.410998 76
-0.389865 0.411315 18451.319136 95
-0.447782 0.571962 5054.324820 97
-0.512882 0.469380 -20458.082163 77
-0.479568 0.320346 -55555.802371 75
-0.389865 0.411315 18451.319136 95
-0.512882 0.469380 -20458.082163 77
-0.250954 0.479057 -3858.636694 114
-0.235061 0.604864 1207.269735 132
-0.349368 0.525509 -3713.737364 113
-0.382682 0.674543 -579.318888 115
-0.534582 0.656244 2479.857558 96
-0.447782 0.571962 5054.324820 97
-0.728969 0.684547 16729.248218 74
-0.809017 0.587785 -33805.694078 55
-0.621382 0.574733 -21704.410998 76
-0.447782 0.737755 -391.759258 112
-0.382682 0.674543 -579.318888 115
-0.317582 0.777124 146.959638 131
-0.534582 0.656244 2479.857558 96
-0.447782 0.737755 -391.759258 112
-0.535827 0.844328 -124.721728 111
-0.534582 0.656244 2479.857558 96
-0.382682 0.674543 -579.318888 115
-0.447782 0.737755 -391.759258 112
-0.728969 0.684547 16729.248218 74
-0.631775 0.670396 1334.144431 92
-0.637424 0.770513 -3328.942086 94
-0.621382 0.574733 -21704.410998 76
-0.512882 0.469380 -20458.082163 77
-0.447782 0.571962 5054.324820 97
-0.631775 0.670396 1334.144431 92
-0.534582 0.656244 2479.857558 96
-0.637424 0.770513 -3328.942086 94
-0.621382 0.574733 -21704.410998 76
-0.631775 0.670396 1334.144431 92
-0.728969 0.684547 16729.248218 74
-0.621382 0.574733 -21704.410998 76
-0.534582 0.656244 2479.857558 96
-0.631775 0.670396 1334.144431 92
0.794983 0.411712 0.185495 236
0.929776 0.368125 -0.012948 237
0.876307 0.481754 0.028160 242
0.708183 0.493222 0.215963 238
0.794983 0.411712 0.185495 236
0.876307 0.481754 0.028160 242
0.610532 0.481301 0.462794 223
0.577982 0.366799 0.417085 208
0.719033 0.337964 0.410784 222
0.349368 0.525509 2.713192 189
0.512882 0.469380 0.075261 207
0.447782 0.571962 -0.152259 205
0.349368 0.525509 2.713192 189
0.422415 0.360024 1.194066 190
0.512882 0.469380 0.075261 207
0.445745 0.037763 0.173753 170
0.314527 -0.024174 -12.871376 157
0.441136 -0.097722 6.486741 175
0.643082 0.264217 0.300325 206
0.522968 0.251959 1.232288 191
0.571666 0.141635 1.518101 188
0.794983 0.245918 0.352543 220
0.719033 0.337964 0.410784 222
0.643082 0.264217 0.300325 206
0.870933 0.153872 0.238917 219
0.794983 0.245918 0.352543 220
0.708183 0.161636 0.321032 204
0.870933 0.153872 0.238917 219
0.968583 0.248690 -0.018991 230
0.794983 0.245918 0.352543 220
0.577982 0.366799 0.417085 208
0.422415 0.360024 1.194066 190
0.522968 0.251959 1.232288 191
0.040329 0.180264 -295.998706 129
0.167922 0.223510 113.670656 147
0.060580 0.300829 -72.042290 136
0.794983 0.245918 0.352543 220
0.643082 0.264217 0.300325 206
0.708183 0.161636 0.321032 204
0.708183 0.493222 0.215963 238
0.719033 0.337964 0.410784 222
0.794983 0.411712 0.185495 236
0.577982 0.366799 0.417085 208
0.643082 0.264217 0.300325 206
0.719033 0.337964 0.410784 222
0.915249 0.040903 0.157427 228
0.773283 0.059054 0.409480 215
0.838383 -0.043527 0.258639 225
1.000000 -0.000000 0.024868 240
0.915249 0.040903 0.157427 228
0.838383 -0.043527 0.258639 225
0.992115 0.125333 -0.006429 233
0.968583 0.248690 -0.018991 230
0.870933 0.153872 0.238917 219
0.794983 0.245918 0.352543 220
0.929776 0.368125 -0.012948 237
0.794983 0.411712 0.185495 236
0.062791 0.998027 -0.621886 198
0.023973 0.872212 0.043876 184
0.187381 0.982287 -0.862511 199
0.425779 0.904827 0.143512 216
0.309017 0.951057 -1.343801 214
0.360982 0.819266 0.785307 203
0.309017 0.951057 -1.343801 214
0.203275 0.856480 3.718679 200
0.360982 0.819266 0.785307 203
0.382682 0.674543 2.117424 202
0.447782 0.737755 -0.163002 218
0.360982 0.819266 0.785307 203
0.512882 0.469380 0.075261 207
0.621382 0.574733 0.466693 221
0.447782 0.571962 -0.152259 205
0.719033 0.337964 0.410784 222
0.708183 0.493222 0.215963 238
0.610532 0.481301 0.462794 223
0.809017 0.587785 -0.043235 235
0.728969 0.684547 -0.059122 234
0.621382 0.574733 0.466693 221
0.621382 0.574733 0.466693 221
0.534582 0.656244 0.155611 217
0.447782 0.571962 -0.152259 205
0.809017 0.587785 -0.043235 235
0.621382 0.574733 0.466693 221
0.708183 0.493222 0.215963 238
0.631775 0.670396 0.148830 229
0.534582 0.656244 0.155611 217
0.621382 0.574733 0.466693 221
0.728969 0.684547 -0.059122 234
0.631775 0.670396 0.148830 229
0.621382 0.574733 0.466693 221
0.728969 0.684547 -0.059122 234
0.637424 0.770513 0.018720 231
0.631775 0.670396 0.148830 229
0.447782 0.737755 -0.163002 218
0.425779 0.904827 0.143512 216
0.360982 0.819266 0.785307 203
0.794983 0.245918 0.352543 220
0.794983 0.411712 0.185495 236
0.719033 0.337964 0.410784 222
0.610532 0.481301 0.462794 223
0.621382 0.574733 0.466693 221
0.512882 0.469380 0.075261 207
0.577982 0.366799 0.417085 208
0.610532 0.481301 0.462794 223
0.512882 0.469380 0.075261 207
0.708183 0.493222 0.215963 238
0.621382 0.574733 0.466693 221
0.610532 0.481301 0.462794 223
0.637424 0.770513 0.018720 231
0.534582 0.656244 0.155611 217
0.631775 0.670396 0.148830 229
0.637424 0.770513 0.018720 231
0.535827 0.844328 0.149520 232
0.534582 0.656244 0.155611 217
0.235061 0.604864 -4.064275 186
0.219168 0.730672 -5.702389 187
0.072414 0.628453 51.052282 169
0.447782 0.737755 -0.163002 218
0.535827 0.844328 0.149520 232
0.425779 0.904827 0.143512 216
0.534582 0.656244 0.155611 217
0.447782 0.737755 -0.163002 218
0.382682 0.674543 2.117424 202
0.534582 0.656244 0.155611 217
0.535827 0.844328 0.149520 232
0.447782 0.737755 -0.163002 218
-0.135539 0.372907 22.926041 116
-0.250954 0.479057 -3858.636694 114
-0.266847 0.353249 6691.219369 98
0.060580 0.300829 -72.042290 136
-0.004231 0.392564 -232.369843 135
-0.042554 0.274619 909.099789 117
0.040329 0.180264 -295.998706 129
0.060580 0.300829 -72.042290 136
-0.042554 0.274619 909.099789 117
0.163714 0.327039 -17.709382 153
0.123361 0.435810 53.922725 154
0.060580 0.300829 -72.042290 136
-0.080876 0.156675 -486.428323 110
0.020079 0.059698 1405.496795 118
0.040329 0.180264 -295.998706 129
0.266847 0.353249 -4.608915 172
0.250954 0.479057 -6.758246 171
0.123361 0.435810 53.922725 154
-0.108431 0.494783 527.355831 133
-0.250954 0.479057 -3858.636694 114
-0.135539 0.372907 22.926041 116
-0.004231 0.392564 -232.369843 135
-0.108431 0.494783 527.355831 133
-0.135539 0.372907 22.926041 116
0.034091 0.510509 -19.820745 151
0.072414 0.628453 51.052282 169
-0.081324 0.616659 -272.343939 152
0.034091 0.510509 -19.820745 151
0.123361 0.435810 53.922725 154
0.134576 0.557687 -13.166442 168
0.381154 0.273894 0.901451 173
0.266847 0.353249 -4.608915 172
0.282741 0.227442 9.218504 155
0.413450 0.155828 -3.432136 174
0.445745 0.037763 0.173753 170
0.571666 0.141635 1.518101 188
0.282741 0.227442 9.218504 155
0.413450 0.155828 -3.432136 174
0.381154 0.273894 0.901451 173
0.298634 0.101634 18.346617 156
0.445745 0.037763 0.173753 170
0.413450 0.155828 -3.432136 174
0.577982 0.366799 0.417085 208
0.512882 0.469380 0.075261 207
0.422415 0.360024 1.194066 190
0.134576 0.557687 -13.166442 168
0.235061 0.604864 -4.064275 186
0.072414 0.628453 51.052282 169
0.034091 0.510509 -19.820745 151
0.134576 0.557687 -13.166442 168
0.072414 0.628453 51.052282 169
0.123361 0.435810 53.922725 154
0.250954 0.479057 -6.758246 171
0.134576 0.557687 -13.166442 168
0.422415 0.360024 1.194066 190
0.349368 0.525509 2.713192 189
0.266847 0.353249 -4.608915 172
0.349368 0.525509 2.713192 189
0.235061 0.604864 -4.064275 186
0.250954 0.479057 -6.758246 171
0.266847 0.353249 -4.608915 172
0.349368 0.525509 2.713192 189
0.250954 0.479057 -6.758246 171
0.447782 0.571962 -0.152259 205
0.382682 0.674543 2.117424 202
0.349368 0.525509 2.713192 189
0.023973 0.872212 0.043876 184
0.062791 0.998027 -0.621886 198
-0.062791 0.998027 3.810483 182
-0.089651 0.864346 -21.155989 166
0.023973 0.872212 0.043876 184
-0.062791 0.998027 3.810483 182
-0.187381 0.982287 20.051580 165
-0.089651 0.864346 -21.155989 166
-0.062791 0.998027 3.810483 182
-0.203275 0.856480 -3.906618 149
-0.109200 0.735914 78.155191 150
-0.089651 0.864346 -21.155989 166
0.000768 0.741156 34.349577 167
0.110736 0.746398 -14.143335 183
0.023973 0.872212 0.043876 184
0.219168 0.730672 -5.702389 187
0.110736 0.746398 -14.143335 183
0.072414 0.628453 51.052282 169
0.203275 0.856480 3.718679 200
0.187381 0.982287 -0.862511 199
0.023973 0.872212 0.043876 184
0.187381 0.982287 -0.862511 199
0.203275 0.856480 3.718679 200
0.309017 0.951057 -1.343801 214
-0.235061 0.604864 1207.269735 132
-0.250954 0.479057 -3858.636694 114
-0.108431 0.494783 527.355831 133
-0.109200 0.735914 78.155191 150
-0.203275 0.856480 -3.906618 149
-0.219168 0.730672 -134.427452 134
0.072414 0.628453 51.052282 169
0.000768 0.741156 34.349577 167
-0.081324 0.616659 -272.343939 152
0.000768 0.741156 34.349577 167
0.023973 0.872212 0.043876 184
-0.089651 0.864346 -21.155989 166
-0.219168 0.730672 -134.427452 134
-0.317582 0.777124 146.959638 131
-0.382682 0.674543 -579.318888 115
-0.108431 0.494783 527.355831 133
-0.081324 0.616659 -272.343939 152
-0.235061 0.604864 1207.269735 132
-0.203275 0.856480 -3.906618 149
-0.317582 0.777124 146.959638 131
-0.219168 0.730672 -134.427452 134
0.809017 0.587785 -0.043235 235
0.708183 0.493222 0.215963 238
0.876307 0.481754 0.028160 242
0.469331 -0.217723 -5.678968 178
0.443723 -0.339315 -12.486347 177
0.569181 -0.223917 3.365818 195
0.992115 -0.125333 0.019213 243
0.903483 -0.146108 0.112126 239
0.968583 -0.248690 -0.001857 241
0.992115 -0.125333 0.019213 243
1.000000 -0.000000 0.024868 240
0.903483 -0.146108 0.112126 239
-0.616669 -0.529062 -2297837.433192 25
-0.518255 -0.575515 387233.085874 36
-0.486789 -0.444362 105829.956325 38
-0.728969 -0.684547 -652799.621897 14
-0.658410 -0.623625 -87128.820915 24
-0.735953 -0.529892 2993710.037589 15
-0.433694 -0.622226 -47481.476950 37
-0.409886 -0.779019 18015.195393 45
-0.349134 -0.668938 15767.982048 51
-0.637424 -0.770513 140312.436031 19
-0.534148 -0.701322 -60274.792236 31
-0.658410 -0.623625 -87128.820915 24
-0.637424 -0.770513 140312.436031 19
-0.535827 -0.844328 -6524.620871 30
-0.534148 -0.701322 -60274.792236 31
0.664439 -0.453191 -0.134795 197
0.736206 -0.299972 -0.569414 212
0.592925 -0.376490 3.296547 194
0.736206 -0.299972 -0.569414 212
0.792049 -0.172045 0.558817 224
0.680615 -0.197981 0.085816 209
0.929776 -0.368125 -0.110359 226
0.847640 -0.274036 0.302965 227
0.791796 -0.401964 0.468196 213
0.929776 -0.368125 -0.110359 226
0.968583 -0.248690 -0.001857 241
0.847640 -0.274036 0.302965 227
0.715365 -0.101593 0.520523 210
0.584401 -0.096754 0.513664 192
0.680615 -0.197981 0.085816 209
0.773283 0.059054 0.409480 215
0.715365 -0.101593 0.520523 210
0.838383 -0.043527 0.258639 225
0.662567 0.006795 0.624991 201
0.708183 0.161636 0.321032 204
0.571666 0.141635 1.518101 188
-0.592925 -0.376490 2108125.543158 33
-0.486789 -0.444362 105829.956325 38
-0.443723 -0.339315 -968746.700354 48
-0.791796 -0.401964 -24990485.571815 10
-0.664439 -0.453191 11321843.144580 20
-0.680489 -0.312940 -23451363.377156 21
-0.616669 -0.529062 -2297837.433192 25
-0.486789 -0.444362 105829.956325 38
-0.592925 -0.376490 2108125.543158 33
-0.584401 -0.096754 2076206.293483 35
-0.569181 -0.223917 2733842.436162 34
-0.469331 -0.217723 -656824.754816 49
-0.680489 -0.312940 -23451363.377156 21
-0.847640 -0.274036 117160480.959769 11
-0.791796 -0.401964 -24990485.571815 10
-0.035536 -0.096906 282.253611 104
-0.119199 0.038730 -7239.972452 100
-0.157522 -0.079215 627.699517 85
-0.195844 -0.197159 -53618.937255 84
-0.064278 -0.185365 7182.228556 103
-0.157522 -0.079215 627.699517 85
0.196515 -0.037934 61.838940 140
0.314527 -0.024174 -12.871376 157
0.298634 0.101634 18.346617 156
0.125317 0.034143 -305.609775 128
0.196515 -0.037934 61.838940 140
0.172130 0.119981 -146.868765 137
-0.035536 -0.096906 282.253611 104
0.078503 -0.051694 -140.894938 122
0.020079 0.059698 1405.496795 118
-0.035536 -0.096906 282.253611 104
0.067288 -0.173570 -633.400967 121
0.078503 -0.051694 -140.894938 122
0.198854 -0.161776 52.505388 141
0.330420 -0.149981 -11.333598 160
0.196515 -0.037934 61.838940 140
0.078503 -0.051694 -140.894938 122
0.198854 -0.161776 52.505388 141
0.196515 -0.037934 61.838940 140
-0.001975 -0.299378 -3610.322583 107
0.114121 -0.291515 622.117301 124
0.067288 -0.173570 -633.400967 121
-0.065162 -0.389016 -2490.522221 106
-0.001975 -0.299378 -3610.322583 107
-0.118071 -0.307241 18848.199591 89
-0.145550 -0.426758 5268.763094 87
-0.065162 -0.389016 -2490.522221 106
-0.118071 -0.307241 18848.199591 89
-0.012254 -0.470791 328.816160 105
0.108328 -0.414177 764.570741 123
-0.065162 -0.389016 -2490.522221 106
-0.065162 -0.389016 -2490.522221 106
0.108328 -0.414177 764.570741 123
-0.001975 -0.299378 -3610.322583 107
0.441136 -0.097722 6.486741 175
0.314527 -0.024174 -12.871376 157
0.330420 -0.149981 -11.333598 160
-0.035536 -0.096906 282.253611 104
0.020079 0.059698 1405.496795 118
-0.119199 0.038730 -7239.972452 100
0.522968 0.251959 1.232288 191
0.643082 0.264217 0.300325 206
0.577982 0.366799 0.417085 208
0.381154 0.273894 0.901451 173
0.522968 0.251959 1.232288 191
0.422415 0.360024 1.194066 190
0.266847 0.353249 -4.608915 172
0.381154 0.273894 0.901451 173
0.422415 0.360024 1.194066 190
0.282741 0.227442 9.218504 155
0.298634 0.101634 18.346617 156
0.413450 0.155828 -3.432136 174
0.584401 -0.096754 0.513664 192
0.441136 -0.097722 6.486741 175
0.469331 -0.217723 -5.678968 178
0.381154 0.273894 0.901451 173
0.413450 0.155828 -3.432136 174
0.522968 0.251959 1.232288 191
0.298634 0.101634 18.346617 156
0.314527 -0.024174 -12.871376 157
0.445745 0.037763 0.173753 170
0.571666 0.141635 1.518101 188
0.708183 0.161636 0.321032 204
0.643082 0.264217 0.300325 206
0.413450 0.155828 -3.432136 174
0.571666 0.141635 1.518101 188
0.522968 0.251959 1.232288 191
0.662567 0.006795 0.624991 201
0.715365 -0.101593 0.520523 210
0.773283 0.059054 0.409480 215
0.708183 0.161636 0.321032 204
0.662567 0.006795 0.624991 201
0.773283 0.059054 0.409480 215
0.543905 0.017440 -0.533853 185
0.584401 -0.096754 0.513664 192
0.662567 0.006795 0.624991 201
0.445745 0.037763 0.173753 170
0.543905 0.017440 -0.533853 185
0.571666 0.141635 1.518101 188
0.445745 0.037763 0.173753 170
0.441136 -0.097722 6.486741 175
0.543905 0.017440 -0.533853 185
0.794983 0.245918 0.352543 220
0.968583 0.248690 -0.018991 230
0.929776 0.368125 -0.012948 237
0.773283 0.059054 0.409480 215
0.870933 0.153872 0.238917 219
0.708183 0.161636 0.321032 204
0.773283 0.059054 0.409480 215
0.915249 0.040903 0.157427 228
0.870933 0.153872 0.238917 219
0.838383 -0.043527 0.258639 225
0.903483 -0.146108 0.112126 239
1.000000 -0.000000 0.024868 240
0.584401 -0.096754 0.513664 192
0.569181 -0.223917 3.365818 195
0.680615 -0.197981 0.085816 209
0.662567 0.006795 0.624991 201
0.584401 -0.096754 0.513664 192
0.715365 -0.101593 0.520523 210
0.543905 0.017440 -0.533853 185
0.441136 -0.097722 6.486741 175
0.584401 -0.096754 0.513664 192
0.662567 0.006795 0.624991 201
0.571666 0.141635 1.518101 188
0.543905 0.017440 -0.533853 185
0.330420 -0.149981 -11.333598 160
0.346313 -0.275789 53.961590 161
0.469331 -0.217723 -5.678968 178
0.664439 -0.453191 -0.134795 197
0.592925 -0.376490 3.296547 194
0.616669 -0.529062 1.150513 181
0.735953 -0.529892 0.138012 196
0.664439 -0.453191 -0.134795 197
0.616669 -0.529062 1.150513 181
0.735953 -0.529892 0.138012 196
0.791796 -0.401964 0.468196 213
0.664439 -0.453191 -0.134795 197
0.838383 -0.043527 0.258639 225
0.715365 -0.101593 0.520523 210
0.792049 -0.172045 0.558817 224
0.443723 -0.339315 -12.486347 177
0.346313 -0.275789 53.961590 161
0.362206 -0.401597 46.647756 159
0.584401 -0.096754 0.513664 192
0.469331 -0.217723 -5.678968 178
0.569181 -0.223917 3.365818 195
0.441136 -0.097722 6.486741 175
0.330420 -0.149981 -11.333598 160
0.469331 -0.217723 -5.678968 178
0.915249 0.040903 0.157427 228
0.992115 0.125333 -0.006429 233
0.870933 0.153872 0.238917 219
0.219168 0.730672 -5.702389 187
0.360982 0.819266 0.785307 203
0.203275 0.856480 3.718679 200
0.110736 0.746398 -14.143335 183
0.219168 0.730672 -5.702389 187
0.203275 0.856480 3.718679 200
0.235061 0.604864 -4.064275 186
0.382682 0.674543 2.117424 202
0.219168 0.730672 -5.702389 187
0.123361 0.435810 53.922725 154
-0.004231 0.392564 -232.369843 135
0.060580 0.300829 -72.042290 136
-0.081324 0.616659 -272.343939 152
-0.108431 0.494783 527.355831 133
0.034091 0.510509 -19.820745 151
0.000768 0.741156 34.349577 167
-0.109200 0.735914 78.155191 150
-0.081324 0.616659 -272.343939 152
0.110736 0.746398 -14.143335 183
0.000768 0.741156 34.349577 167
0.072414 0.628453 51.052282 169
0.110736 0.746398 -14.143335 183
0.203275 0.856480 3.718679 200
0.023973 0.872212 0.043876 184
-0.219168 0.730672 -134.427452 134
-0.235061 0.604864 1207.269735 132
-0.081324 0.616659 -272.343939 152
0.123361 0.435810 53.922725 154
0.163714 0.327039 -17.709382 153
0.266847 0.353249 -4.608915 172
0.235061 0.604864 -4.064275 186
0.134576 0.557687 -13.166442 168
0.250954 0.479057 -6.758246 171
0.034091 0.510509 -19.820745 151
-0.004231 0.392564 -232.369843 135
0.123361 0.435810 53.922725 154
0.382682 0.674543 2.117424 202
0.360982 0.819266 0.785307 203
0.219168 0.730672 -5.702389 187
0.349368 0.525509 2.713192 189
0.382682 0.674543 2.117424 202
0.235061 0.604864 -4.064275 186
0.447782 0.571962 -0.152259 205
0.534582 0.656244 0.155611 217
0.382682 0.674543 2.117424 202
-0.876307 0.481754 -31295.669098 40
-0.708183 0.493222 135827.641526 56
-0.809017 0.587785 -33805.694078 55
-0.389865 0.411315 18451.319136 95
-0.250954 0.479057 -3858.636694 114
-0.349368 0.525509 -3713.737364 113
-0.162647 0.251030 -4214.349710 99
-0.135539 0.372907 22.926041 116
-0.266847 0.353249 6691.219369 98
-0.298634 0.101634 -108867.061827 73
-0.189755 0.129154 13493.988864 93
-0.282741 0.227442 4708.453721 79
-0.042554 0.274619 909.099789 117
-0.135539 0.372907 22.926041 116
-0.162647 0.251030 -4214.349710 99
-0.108431 0.494783 527.355831 133
-0.004231 0.392564 -232.369843 135
0.034091 0.510509 -19.820745 151
-0.282741 0.227442 4708.453721 79
-0.162647 0.251030 -4214.349710 99
-0.266847 0.353249 6691.219369 98
-0.042554 0.274619 909.099789 117
-0.004231 0.392564 -232.369843 135
-0.135539 0.372907 22.926041 116
0.167922 0.223510 113.670656 147
0.172130 0.119981 -146.868765 137
0.282741 0.227442 9.218504 155
0.060580 0.300829 -72.042290 136
0.167922 0.223510 113.670656 147
0.163714 0.327039 -17.709382 153
0.040329 0.180264 -295.998706 129
0.172130 0.119981 -146.868765 137
0.167922 0.223510 113.670656 147
-0.080876 0.156675 -486.428323 110
0.040329 0.180264 -295.998706 129
-0.042554 0.274619 909.099789 117
0.020079 0.059698 1405.496795 118
0.172130 0.119981 -146.868765 137
0.040329 0.180264 -295.998706 129
0.282741 0.227442 9.218504 155
0.266847 0.353249 -4.608915 172
0.163714 0.327039 -17.709382 153
-0.534582 0.656244 2479.857558 96
-0.535827 0.844328 -124.721728 111
-0.637424 0.770513 -3328.942086 94
0.847640 -0.274036 0.302965 227
0.903483 -0.146108 0.112126 239
0.792049 -0.172045 0.558817 224
0.968583 -0.248690 -0.001857 241
0.903483 -0.146108 0.112126 239
0.847640 -0.274036 0.302965 227
0.791796 -0.401964 0.468196 213
0.735953 -0.529892 0.138012 196
0.876307 -0.481754 -0.064311 211
0.929776 -0.368125 -0.110359 226
0.791796 -0.401964 0.468196 213
0.876307 -0.481754 -0.064311 211
0.592925 -0.376490 3.296547 194
0.569181 -0.223917 3.365818 195
0.443723 -0.339315 -12.486347 177
0.616669 -0.529062 1.150513 181
0.592925 -0.376490 3.296547 194
0.486789 -0.444362 -5.630495 176
0.736206 -0.299972 -0.569414 212
0.569181 -0.223917 3.365818 195
0.592925 -0.376490 3.296547 194
0.847640 -0.274036 0.302965 227
0.736206 -0.299972 -0.569414 212
0.791796 -0.401964 0.468196 213
0.680615 -0.197981 0.085816 209
0.569181 -0.223917 3.365818 195
0.736206 -0.299972 -0.569414 212
0.378100 -0.527404 3.532748 158
0.486789 -0.444362 -5.630495 176
0.362206 -0.401597 46.647756 159
0.518255 -0.575515 1.240932 164
0.393993 -0.653212 -1.543103 146
0.515708 -0.711863 -0.150260 162
0.486789 -0.444362 -5.630495 176
0.518255 -0.575515 1.240932 164
0.616669 -0.529062 1.150513 181
0.378100 -0.527404 3.532748 158
0.393993 -0.653212 -1.543103 146
0.518255 -0.575515 1.240932 164
0.658410 -0.623625 -0.073620 179
0.728969 -0.684547 0.019195 180
0.735953 -0.529892 0.138012 196
0.196515 -0.037934 61.838940 140
0.330420 -0.149981 -11.333598 160
0.314527 -0.024174 -12.871376 157
-0.195844 -0.197159 -53618.937255 84
-0.118071 -0.307241 18848.199591 89
-0.064278 -0.185365 7182.228556 103
-0.118071 -0.307241 18848.199591 89
-0.234167 -0.315104 -54165.962358 70
-0.145550 -0.426758 5268.763094 87
0.210774 -0.256132 -71.396283 142
0.346313 -0.275789 53.961590 161
0.330420 -0.149981 -11.333598 160
0.210774 -0.256132 -71.396283 142
0.235267 -0.407887 -211.246713 143
0.346313 -0.275789 53.961590 161
0.067288 -0.173570 -633.400967 121
0.114121 -0.291515 622.117301 124
0.198854 -0.161776 52.505388 141
0.108328 -0.414177 764.570741 123
0.114121 -0.291515 622.117301 124
-0.001975 -0.299378 -3610.322583 107
0.247982 -0.508533 -86.792013 139
0.362206 -0.401597 46.647756 159
0.235267 -0.407887 -211.246713 143
0.443723 -0.339315 -12.486347 177
0.486789 -0.444362 -5.630495 176
0.592925 -0.376490 3.296547 194
0.346313 -0.275789 53.961590 161
0.443723 -0.339315 -12.486347 177
0.469331 -0.217723 -5.678968 178
0.362206 -0.401597 46.647756 159
0.486789 -0.444362 -5.630495 176
0.443723 -0.339315 -12.486347 177
0.518255 -0.575515 1.240932 164
0.658410 -0.623625 -0.073620 179
0.616669 -0.529062 1.150513 181
0.735953 -0.529892 0.138012 196
0.809017 -0.587785 0.031013 193
0.876307 -0.481754 -0.064311 211
0.616669 -0.529062 1.150513 181
0.658410 -0.623625 -0.073620 179
0.735953 -0.529892 0.138012 196
0.791796 -0.401964 0.468196 213
0.736206 -0.299972 -0.569414 212
0.664439 -0.453191 -0.134795 197
0.486789 -0.444362 -5.630495 176
0.378100 -0.527404 3.532748 158
0.518255 -0.575515 1.240932 164
0.728969 -0.684547 0.019195 180
0.809017 -0.587785 0.031013 193
0.735953 -0.529892 0.138012 196
0.847640 -0.274036 0.302965 227
0.792049 -0.172045 0.558817 224
0.736206 -0.299972 -0.569414 212
0.838383 -0.043527 0.258639 225
0.792049 -0.172045 0.558817 224
0.903483 -0.146108 0.112126 239
0.715365 -0.101593 0.520523 210
0.680615 -0.197981 0.085816 209
0.792049 -0.172045 0.558817 224
1.000000 -0.000000 0.024868 240
0.992115 0.125333 -0.006429 233
0.915249 0.040903 0.157427 228
0.295977 -0.844070 2.482337 125
0.177179 -0.862891 15.243854 109
0.309017 -0.951057 -4.204152 108
0.425779 -0.904827 -1.532098 126
0.295977 -0.844070 2.482337 125
0.309017 -0.951057 -4.204152 108
0.282937 -0.737084 -25.662162 127
0.177179 -0.862891 15.243854 109
0.295977 -0.844070 2.482337 125
0.062791 -0.998027 -57.558723 72
0.060826 -0.904827 35.468792 91
-0.062791 -0.998027 166.812338 71
-0.272489 -0.433048 4998.838903 67
-0.234167 -0.315104 -54165.962358 70
-0.362206 -0.401597 108901.222739 53
-0.349134 -0.668938 15767.982048 51
-0.166657 -0.668938 -4046.829481 68
-0.219573 -0.550993 12079.591686 69
-0.005837 -0.810471 -186.785211 101
-0.060826 -0.904827 -141.818010 82
0.060826 -0.904827 35.468792 91
0.177179 -0.862891 15.243854 109
-0.005837 -0.810471 -186.785211 101
0.060826 -0.904827 35.468792 91
-0.072500 -0.716116 389.167985 83
-0.156928 -0.826197 1287.032608 81
-0.005837 -0.810471 -186.785211 101
-0.272489 -0.433048 4998.838903 67
-0.219573 -0.550993 12079.591686 69
-0.145550 -0.426758 5268.763094 87
-0.321429 -0.833823 -2130.825120 46
-0.409886 -0.779019 18015.195393 45
-0.425779 -0.904827 -4391.871303 32
-0.232973 -0.888627 1227.099733 62
-0.321429 -0.833823 -2130.825120 46
-0.309017 -0.951057 1362.523890 47
-0.232973 -0.888627 1227.099733 62
-0.253031 -0.747568 -5380.374700 61
-0.321429 -0.833823 -2130.825120 46
-0.166657 -0.668938 -4046.829481 68
-0.253031 -0.747568 -5380.374700 61
-0.156928 -0.826197 1287.032608 81
-0.349134 -0.668938 15767.982048 51
-0.409886 -0.779019 18015.195393 45
-0.253031 -0.747568 -5380.374700 61
0.187381 -0.982287 -7.618319 90
0.060826 -0.904827 35.468792 91
0.062791 -0.998027 -57.558723 72
0.235267 -0.407887 -211.246713 143
0.362206 -0.401597 46.647756 159
0.346313 -0.275789 53.961590 161
0.298781 -0.621760 35.217211 138
0.378100 -0.527404 3.532748 158
0.247982 -0.508533 -86.792013 139
0.518255 -0.575515 1.240932 164
0.515708 -0.711863 -0.150260 162
0.658410 -0.623625 -0.073620 179
0.298781 -0.621760 35.217211 138
0.393993 -0.653212 -1.543103 146
0.378100 -0.527404 3.532748 158
0.141155 -0.577727 -168.455646 120
0.164458 -0.730094 96.812866 119
0.298781 -0.621760 35.217211 138
0.108328 -0.414177 764.570741 123
0.141155 -0.577727 -168.455646 120
0.247982 -0.508533 -86.792013 139
0.034327 -0.646921 -187.774979 102
0.164458 -0.730094 96.812866 119
0.141155 -0.577727 -168.455646 120
0.108328 -0.414177 764.570741 123
-0.012254 -0.470791 328.816160 105
0.141155 -0.577727 -168.455646 120
-0.072500 -0.716116 389.167985 83
-0.005837 -0.810471 -186.785211 101
0.034327 -0.646921 -187.774979 102
0.282937 -0.737084 -25.662162 127
0.393993 -0.653212 -1.543103 146
0.298781 -0.621760 35.217211 138
-0.005837 -0.810471 -186.785211 101
0.177179 -0.862891 15.243854 109
0.164458 -0.730094 96.812866 119
0.187381 -0.982287 -7.618319 90
0.177179 -0.862891 15.243854 109
0.060826 -0.904827 35.468792 91
0.187381 -0.982287 -7.618319 90
0.309017 -0.951057 -4.204152 108
0.177179 -0.862891 15.243854 109
0.409886 -0.779019 4.908889 144
0.393993 -0.653212 -1.543103 146
0.282937 -0.737084 -25.662162 127
0.515708 -0.711863 -0.150260 162
0.637424 -0.770513 0.428623 163
0.658410 -0.623625 -0.073620 179
0.409886 -0.779019 4.908889 144
0.515708 -0.711863 -0.150260 162
0.393993 -0.653212 -1.543103 146
0.409886 -0.779019 4.908889 144
0.535827 -0.844328 -1.259015 145
0.515708 -0.711863 -0.150260 162
0.425779 -0.904827 -1.532098 126
0.409886 -0.779019 4.908889 144
0.295977 -0.844070 2.482337 125
-0.065162 -0.389016 -2490.522221 106
-0.145550 -0.426758 5268.763094 87
-0.115913 -0.510892 -1853.147944 88
-0.272489 -0.433048 4998.838903 67
-0.145550 -0.426758 5268.763094 87
-0.234167 -0.315104 -54165.962358 70
-0.219573 -0.550993 12079.591686 69
-0.378100 -0.527404 -81919.034434 52
-0.349134 -0.668938 15767.982048 51
-0.072500 -0.716116 389.167985 83
-0.042377 -0.593453 1240.652821 86
-0.166657 -0.668938 -4046.829481 68
-0.272489 -0.433048 4998.838903 67
-0.378100 -0.527404 -81919.034434 52
-0.219573 -0.550993 12079.591686 69
0.535827 -0.844328 -1.259015 145
0.409886 -0.779019 4.908889 144
0.425779 -0.904827 -1.532098 126
0.535827 -0.844328 -1.259015 145
0.637424 -0.770513 0.428623 163
0.515708 -0.711863 -0.150260 162
0.409886 -0.779019 4.908889 144
0.282937 -0.737084 -25.662162 127
0.295977 -0.844070 2.482337 125
0.637424 -0.770513 0.428623 163
0.728969 -0.684547 0.019195 180
0.658410 -0.623625 -0.073620 179
-0.309017 0.951057 -74.596907 148
-0.203275 0.856480 -3.906618 149
-0.187381 0.982287 20.051580 165
-0.109200 0.735914 78.155191 150
-0.219168 0.730672 -134.427452 134
-0.081324 0.616659 -272.343939 152
-0.187381 0.982287 20.051580 165
-0.203275 0.856480 -3.906618 149
-0.089651 0.864346 -21.155989 166
-0.219168 0.730672 -134.427452 134
-0.382682 0.674543 -579.318888 115
-0.235061 0.604864 1207.269735 132
-0.089651 0.864346 -21.155989 166
-0.109200 0.735914 78.155191 150
0.000768 0.741156 34.349577 167
-0.253031 -0.747568 -5380.374700 61
-0.166657 -0.668938 -4046.829481 68
-0.349134 -0.668938 15767.982048 51
-0.060826 -0.904827 -141.818010 82
-0.156928 -0.826197 1287.032608 81
-0.187381 -0.982287 -725.605083 63
-0.060826 -0.904827 -141.818010 82
-0.005837 -0.810471 -186.785211 101
-0.156928 -0.826197 1287.032608 81
-0.232973 -0.888627 1227.099733 62
-0.156928 -0.826197 1287.032608 81
-0.253031 -0.747568 -5380.374700 61
-0.187381 -0.982287 -725.605083 63
-0.232973 -0.888627 1227.099733 62
-0.309017 -0.951057 1362.523890 47
-0.187381 -0.982287 -725.605083 63
-0.156928 -0.826197 1287.032608 81
-0.232973 -0.888627 1227.099733 62
-0.062791 -0.998027 166.812338 71
-0.060826 -0.904827 -141.818010 82
-0.187381 -0.982287 -725.605083 63
-0.042377 -0.593453 1240.652821 86
-0.072500 -0.716116 389.167985 83
0.034327 -0.646921 -187.774979 102
-0.012254 -0.470791 328.816160 105
-0.042377 -0.593453 1240.652821 86
0.034327 -0.646921 -187.774979 102
-0.115913 -0.510892 -1853.147944 88
-0.166657 -0.668938 -4046.829481 68
-0.042377 -0.593453 1240.652821 86
-0.518255 -0.575515 387233.085874 36
-0.616669 -0.529062 -2297837.433192 25
-0.658410 -0.623625 -87128.820915 24
-0.433694 -0.622226 -47481.476950 37
-0.518255 -0.575515 387233.085874 36
-0.534148 -0.701322 -60274.792236 31
-0.409886 -0.779019 18015.195393 45
-0.433694 -0.622226 -47481.476950 37
-0.534148 -0.701322 -60274.792236 31
-0.349134 -0.668938 15767.982048 51
-0.378100 -0.527404 -81919.034434 52
-0.433694 -0.622226 -47481.476950 37
-0.378100 -0.527404 -81919.034434 52
-0.486789 -0.444362 105829.956325 38
-0.518255 -0.575515 387233.085874 36
0.060826 -0.904827 35.468792 91
-0.060826 -0.904827 -141.818010 82
-0.062791 -0.998027 166.812338 71
-0.534148 -0.701322 -60274.792236 31
-0.535827 -0.844328 -6524.620871 30
-0.409886 -0.779019 18015.195393 45
-0.486789 -0.444362 105829.956325 38
-0.378100 -0.527404 -81919.034434 52
-0.362206 -0.401597 108901.222739 53
-0.728969 -0.684547 -652799.621897 14
-0.637424 -0.770513 140312.436031 19
-0.658410 -0.623625 -87128.820915 24
-0.321429 -0.833823 -2130.825120 46
-0.253031 -0.747568 -5380.374700 61
-0.409886 -0.779019 18015.195393 45
-0.346313 -0.275789 231565.406973 64
-0.362206 -0.401597 108901.222739 53
-0.234167 -0.315104 -54165.962358 70
-0.195844 -0.197159 -53618.937255 84
-0.346313 -0.275789 231565.406973 64
-0.234167 -0.315104 -54165.962358 70
-0.658594 0.038247 7882347.792778 29
-0.584401 -0.096754 2076206.293483 35
-0.515073 -0.029496 -2059505.677005 39
-0.330420 -0.149981 93632.615143 66
-0.441136 -0.097722 -48906.259525 50
-0.469331 -0.217723 -656824.754816 49
-0.330420 -0.149981 93632.615143 66
-0.314527 -0.024174 -90243.049448 65
-0.441136 -0.097722 -48906.259525 50
-0.321429 -0.833823 -2130.825120 46
-0.425779 -0.904827 -4391.871303 32
-0.309017 -0.951057 1362.523890 47
-0.378100 -0.527404 -81919.034434 52
-0.518255 -0.575515 387233.085874 36
-0.433694 -0.622226 -47481.476950 37
-0.535827 -0.844328 -6524.620871 30
-0.425779 -0.904827 -4391.871303 32
-0.409886 -0.779019 18015.195393 45
0.298634 0.101634 18.346617 156
0.172130 0.119981 -146.868765 137
0.196515 -0.037934 61.838940 140
-0.216863 0.007278 39873.473502 80
-0.157522 -0.079215 627.699517 85
-0.119199 0.038730 -7239.972452 100
0.198854 -0.161776 52.505388 141
0.210774 -0.256132 -71.396283 142
0.330420 -0.149981 -11.333598 160
-0.118071 -0.307241 18848.199591 89
-0.195844 -0.197159 -53618.937255 84
-0.234167 -0.315104 -54165.962358 70
0.114121 -0.291515 622.117301 124
0.235267 -0.407887 -211.246713 143
0.210774 -0.256132 -71.396283 142
0.114121 -0.291515 622.117301 124
0.108328 -0.414177 764.570741 123
0.235267 -0.407887 -211.246713 143
0.198854 -0.161776 52.505388 141
0.114121 -0.291515 622.117301 124
0.210774 -0.256132 -71.396283 142
0.067288 -0.173570 -633.400967 121
-0.064278 -0.185365 7182.228556 103
-0.001975 -0.299378 -3610.322583 107
-0.012254 -0.470791 328.816160 105
0.034327 -0.646921 -187.774979 102
0.141155 -0.577727 -168.455646 120
-0.064278 -0.185365 7182.228556 103
-0.035536 -0.096906 282.253611 104
-0.157522 -0.079215 627.699517 85
-0.001975 -0.299378 -3610.322583 107
-0.064278 -0.185365 7182.228556 103
-0.118071 -0.307241 18848.199591 89
0.067288 -0.173570 -633.400967 121
-0.035536 -0.096906 282.253611 104
-0.064278 -0.185365 7182.228556 103
-0.330420 -0.149981 93632.615143 66
-0.195844 -0.197159 -53618.937255 84
-0.157522 -0.079215 627.699517 85
-0.330420 -0.149981 93632.615143 66
-0.346313 -0.275789 231565.406973 64
-0.195844 -0.197159 -53618.937255 84
-0.658594 0.038247 7882347.792778 29
-0.576964 0.099699 -1247473.802977 44
-0.708183 0.161636 2854887.778315 28
-0.838383 -0.043527 131136375.788270 12
-0.715365 -0.101593 -24311943.467349 23
-0.773283 0.059054 -20221517.958837 18
-0.584401 -0.096754 2076206.293483 35
-0.469331 -0.217723 -656824.754816 49
-0.441136 -0.097722 -48906.259525 50
-0.715365 -0.101593 -24311943.467349 23
-0.584401 -0.096754 2076206.293483 35
-0.658594 0.038247 7882347.792778 29
-0.773283 0.059054 -20221517.958837 18
-0.715365 -0.101593 -24311943.467349 23
-0.658594 0.038247 7882347.792778 29
-0.680615 -0.197981 3104451.762718 22
-0.569181 -0.223917 2733842.436162 34
-0.584401 -0.096754 2076206.293483 35
-0.792049 -0.172045 28171081.186953 13
-0.680615 -0.197981 3104451.762718 22
-0.715365 -0.101593 -24311943.467349 23
-0.792049 -0.172045 28171081.186953 13
-0.847640 -0.274036 117160480.959769 11
-0.680489 -0.312940 -23451363.377156 21
-0.715365 -0.101593 -24311943.467349 23
-0.680615 -0.197981 3104451.762718 22
-0.584401 -0.096754 2076206.293483 35
-0.838383 -0.043527 131136375.788270 12
-0.792049 -0.172045 28171081.186953 13
-0.715365 -0.101593 -24311943.467349 23
-0.314527 -0.024174 -90243.049448 65
-0.298634 0.101634 -108867.061827 73
-0.445745 0.037763 492814.478045 54
-0.680489 -0.312940 -23451363.377156 21
-0.592925 -0.376490 2108125.543158 33
-0.569181 -0.223917 2733842.436162 34
-0.569181 -0.223917 2733842.436162 34
-0.592925 -0.376490 2108125.543158 33
-0.443723 -0.339315 -968746.700354 48
-0.658410 -0.623625 -87128.820915 24
-0.616669 -0.529062 -2297837.433192 25
-0.735953 -0.529892 2993710.037589 15
-0.658410 -0.623625 -87128.820915 24
-0.534148 -0.701322 -60274.792236 31
-0.518255 -0.575515 387233.085874 36
-0.443723 -0.339315 -968746.700354 48
-0.469331 -0.217723 -656824.754816 49
-0.569181 -0.223917 2733842.436162 34
-0.362206 -0.401597 108901.222739 53
-0.443723 -0.339315 -968746.700354 48
-0.486789 -0.444362 105829.956325 38
-0.362206 -0.401597 108901.222739 53
-0.346313 -0.275789 231565.406973 64
-0.443723 -0.339315 -968746.700354 48
0.247982 -0.508533 -86.792013 139
0.141155 -0.577727 -168.455646 120
0.298781 -0.621760 35.217211 138
-0.156928 -0.826197 1287.032608 81
-0.072500 -0.716116 389.167985 83
-0.166657 -0.668938 -4046.829481 68
0.164458 -0.730094 96.812866 119
0.177179 -0.862891 15.243854 109
0.282937 -0.737084 -25.662162 127
0.298781 -0.621760 35.217211 138
0.164458 -0.730094 96.812866 119
0.282937 -0.737084 -25.662162 127
0.034327 -0.646921 -187.774979 102
-0.005837 -0.810471 -186.785211 101
0.164458 -0.730094 96.812866 119
0.108328 -0.414177 764.570741 123
0.247982 -0.508533 -86.792013 139
0.235267 -0.407887 -211.246713 143
-0.115913 -0.510892 -1853.147944 88
-0.012254 -0.470791 328.816160 105
-0.065162 -0.389016 -2490.522221 106
-0.219573 -0.550993 12079.591686 69
-0.115913 -0.510892 -1853.147944 88
-0.145550 -0.426758 5268.763094 87
-0.219573 -0.550993 12079.591686 69
-0.166657 -0.668938 -4046.829481 68
-0.115913 -0.510892 -1853.147944 88
-0.115913 -0.510892 -1853.147944 88
-0.042377 -0.593453 1240.652821 86
-0.012254 -0.470791 328.816160 105
0.378100 -0.527404 3.532748 158
0.362206 -0.401597 46.647756 159
0.247982 -0.508533 -86.792013 139
