-0.903483 -0.146108 -6487018029.800829 5
-0.992115 -0.125333 57529568937.188431 1
-0.968583 -0.248690 -6593043268.173800 2
-0.929776 -0.368125 524811457.460423 3
-0.847640 -0.274036 1874567692.328232 11
-0.968583 -0.248690 -6593043268.173800 2
-0.838383 -0.043527 2098182008.260249 12
-1.000000 -0.000000 -4979585677.971043 4
-0.903483 -0.146108 -6487018029.800829 5
-0.791796 -0.401964 -399847772.335817 10
-0.876307 -0.481754 42345993.721120 6
-0.735953 -0.529892 47899357.939344 15
-0.664439 -0.453191 181149485.022777 20
-0.592925 -0.376490 33730001.091313 33
-0.680489 -0.312940 -375221820.633172 21
-0.616669 -0.529062 -36765404.029604 25
-0.664439 -0.453191 181149485.022777 20
-0.735953 -0.529892 47899357.939344 15
-0.616669 -0.529062 -36765404.029604 25
-0.592925 -0.376490 33730001.091313 33
-0.664439 -0.453191 181149485.022777 20
-0.847640 -0.274036 1874567692.328232 11
-0.929776 -0.368125 524811457.460423 3
-0.791796 -0.401964 -399847772.335817 10
-0.577982 0.366799 1706142.185022 58
-0.479568 0.320346 -888902.848848 75
-0.512882 0.469380 -327337.064138 77
-0.381154 0.273894 -931886.822235 78
-0.528266 0.210023 3928633.419156 59
-0.413450 0.155828 1924280.691971 60
-0.389865 0.411315 295210.923800 95
-0.479568 0.320346 -888902.848848 75
-0.381154 0.273894 -931886.822235 78
-0.250954 0.479057 -61748.800004 114
-0.389865 0.411315 295210.923800 95
-0.266847 0.353249 107047.449796 98
-0.349368 0.525509 -59428.824556 113
-0.447782 0.571962 80862.111854 97
-0.389865 0.411315 295210.923800 95
-0.577982 0.366799 1706142.185022 58
-0.528266 0.210023 3928633.419156 59
-0.479568 0.320346 -888902.848848 75
-0.080876 0.156675 -7797.386847 110
-0.042554 0.274619 14531.755032 117
-0.162647 0.251030 -67443.253309 99
-0.189755 0.129154 215889.612154 93
-0.080876 0.156675 -7797.386847 110
-0.162647 0.251030 -67443.253309 99
-0.282741 0.227442 75322.234613 79
-0.189755 0.129154 215889.612154 93
-0.162647 0.251030 -67443.253309 99
-0.298634 0.101634 -1741886.496627 73
-0.216863 0.007278 637961.282295 80
-0.189755 0.129154 215889.612154 93
0.198854 -0.161776 826.071922 141
0.078503 -0.051694 -2269.186481 122
0.067288 -0.173570 -10148.895655 121
0.125317 0.034143 -4904.503356 128
0.020079 0.059698 22473.008231 118
0.078503 -0.051694 -2269.186481 122
0.196515 -0.037934 975.023901 140
0.125317 0.034143 -4904.503356 128
0.078503 -0.051694 -2269.186481 122
0.172130 0.119981 -2364.239883 137
0.020079 0.059698 22473.008231 118
0.125317 0.034143 -4904.503356 128
0.282741 0.227442 134.471138 155
0.172130 0.119981 -2364.239883 137
0.298634 0.101634 280.038550 156
0.282741 0.227442 134.471138 155
0.163714 0.327039 -296.343762 153
0.167922 0.223510 1804.902807 147
-0.080876 0.156675 -7797.386847 110
-0.119199 0.038730 -115854.323608 100
0.020079 0.059698 22473.008231 118
-0.838383 -0.043527 2098182008.260249 12
-0.915249 0.040903 359728531.704130 9
-1.000000 -0.000000 -4979585677.971043 4
-0.903483 -0.146108 -6487018029.800829 5
-1.000000 -0.000000 -4979585677.971043 4
-0.992115 -0.125333 57529568937.188431 1
-0.362206 -0.401597 1742408.950984 53
-0.378100 -0.527404 -1310713.234274 52
-0.272489 -0.433048 79970.349171 67
-0.847640 -0.274036 1874567692.328232 11
-0.903483 -0.146108 -6487018029.800829 5
-0.968583 -0.248690 -6593043268.173800 2
-0.847640 -0.274036 1874567692.328232 11
-0.792049 -0.172045 450737293.861734 13
-0.903483 -0.146108 -6487018029.800829 5
-0.876307 -0.481754 42345993.721120 6
-0.791796 -0.401964 -399847772.335817 10
-0.929776 -0.368125 524811457.460423 3
-0.664439 -0.453191 181149485.022777 20
-0.791796 -0.401964 -399847772.335817 10
-0.735953 -0.529892 47899357.939344 15
-0.680615 -0.197981 49671220.741798 22
-0.680489 -0.312940 -375221820.633172 21
-0.569181 -0.223917 43741469.591774 34
-0.680615 -0.197981 49671220.741798 22
-0.792049 -0.172045 450737293.861734 13
-0.680489 -0.312940 -375221820.633172 21
-0.515073 -0.029496 -32952101.840718 39
-0.441136 -0.097722 -782512.090166 50
-0.445745 0.037763 7885019.650735 54
-0.330420 -0.149981 1498108.817424 66
-0.469331 -0.217723 -10509207.062320 49
-0.346313 -0.275789 3705034.451593 64
-0.838383 -0.043527 2098182008.260249 12
-0.903483 -0.146108 -6487018029.800829 5
-0.792049 -0.172045 450737293.861734 13
-0.735953 -0.529892 47899357.939344 15
-0.809017 -0.587785 -31890290.600161 7
-0.728969 -0.684547 -10444793.950734 14
-0.346313 -0.275789 3705034.451593 64
-0.469331 -0.217723 -10509207.062320 49
-0.443723 -0.339315 -15499957.525852 48
-0.876307 -0.481754 42345993.721120 6
-0.809017 -0.587785 -31890290.600161 7
-0.735953 -0.529892 47899357.939344 15
-0.309017 0.951057 -1193.550509 148
-0.317582 0.777124 2346.925917 131
-0.203275 0.856480 -65.882718 149
-0.915249 0.040903 359728531.704130 9
-0.992115 0.125333 487154868.573394 8
-1.000000 -0.000000 -4979585677.971043 4
-0.773283 0.059054 -323544293.331349 18
-0.915249 0.040903 359728531.704130 9
-0.838383 -0.043527 2098182008.260249 12
-0.773283 0.059054 -323544293.331349 18
-0.838383 0.205163 -97283311.246931 17
-0.915249 0.040903 359728531.704130 9
-0.317582 0.777124 2346.925917 131
-0.309017 0.951057 -1193.550509 148
-0.425779 0.904827 1728.799050 130
-0.447782 0.737755 -6271.976272 112
-0.425779 0.904827 1728.799050 130
-0.535827 0.844328 -1995.547646 111
-0.992115 0.125333 487154868.573394 8
-0.915249 0.040903 359728531.704130 9
-0.838383 0.205163 -97283311.246931 17
-0.382682 0.674543 -9275.080403 115
-0.447782 0.571962 80862.111854 97
-0.349368 0.525509 -59428.824556 113
-0.425779 0.904827 1728.799050 130
-0.447782 0.737755 -6271.976272 112
-0.317582 0.777124 2346.925917 131
-0.382682 0.674543 -9275.080403 115
-0.349368 0.525509 -59428.824556 113
-0.235061 0.604864 19307.632487 132
-0.816683 0.308437 20193433.674341 27
-0.968583 0.248690 -63099664.243322 16
-0.838383 0.205163 -97283311.246931 17
-0.816683 0.308437 20193433.674341 27
-0.929776 0.368125 6191813.471222 26
-0.968583 0.248690 -63099664.243322 16
-0.708183 0.161636 45678197.369430 28
-0.816683 0.308437 20193433.674341 27
-0.838383 0.205163 -97283311.246931 17
-0.794983 0.411712 -3621514.098509 41
-0.929776 0.368125 6191813.471222 26
-0.816683 0.308437 20193433.674341 27
-0.314527 -0.024174 -1443902.298542 65
-0.330420 -0.149981 1498108.817424 66
-0.157522 -0.079215 10028.658597 85
-0.080876 0.156675 -7797.386847 110
-0.189755 0.129154 215889.612154 93
-0.119199 0.038730 -115854.323608 100
-0.576964 0.099699 -19959590.705939 44
-0.528266 0.210023 3928633.419156 59
-0.643082 0.264217 -4371051.025526 43
-0.773283 0.059054 -323544293.331349 18
-0.658594 0.038247 126117556.217165 29
-0.708183 0.161636 45678197.369430 28
-0.445745 0.037763 7885019.650735 54
-0.413450 0.155828 1924280.691971 60
-0.576964 0.099699 -19959590.705939 44
-0.216863 0.007278 637961.282295 80
-0.298634 0.101634 -1741886.496627 73
-0.314527 -0.024174 -1443902.298542 65
-0.157522 -0.079215 10028.658597 85
-0.216863 0.007278 637961.282295 80
-0.314527 -0.024174 -1443902.298542 65
-0.119199 0.038730 -115854.323608 100
-0.189755 0.129154 215889.612154 93
-0.216863 0.007278 637961.282295 80
-0.576964 0.099699 -19959590.705939 44
-0.643082 0.264217 -4371051.025526 43
-0.708183 0.161636 45678197.369430 28
-0.413450 0.155828 1924280.691971 60
-0.528266 0.210023 3928633.419156 59
-0.576964 0.099699 -19959590.705939 44
-0.298634 0.101634 -1741886.496627 73
-0.413450 0.155828 1924280.691971 60
-0.445745 0.037763 7885019.650735 54
-0.298634 0.101634 -1741886.496627 73
-0.282741 0.227442 75322.234613 79
-0.413450 0.155828 1924280.691971 60
-0.381154 0.273894 -931886.822235 78
-0.266847 0.353249 107047.449796 98
-0.389865 0.411315 295210.923800 95
-0.381154 0.273894 -931886.822235 78
-0.282741 0.227442 75322.234613 79
-0.266847 0.353249 107047.449796 98
-0.528266 0.210023 3928633.419156 59
-0.381154 0.273894 -931886.822235 78
-0.479568 0.320346 -888902.848848 75
-0.413450 0.155828 1924280.691971 60
-0.282741 0.227442 75322.234613 79
-0.381154 0.273894 -931886.822235 78
-0.577982 0.366799 1706142.185022 58
-0.643082 0.264217 -4371051.025526 43
-0.528266 0.210023 3928633.419156 59
-0.577982 0.366799 1706142.185022 58
-0.610532 0.481301 1876992.549993 57
-0.719033 0.337964 -9796994.729969 42
-0.621382 0.574733 -347274.829468 76
-0.708183 0.493222 2173238.436351 56
-0.610532 0.481301 1876992.549993 57
-0.719033 0.337964 -9796994.729969 42
-0.816683 0.308437 20193433.674341 27
-0.708183 0.161636 45678197.369430 28
-0.577982 0.366799 1706142.185022 58
-0.719033 0.337964 -9796994.729969 42
-0.643082 0.264217 -4371051.025526 43
-0.794983 0.411712 -3621514.098509 41
-0.816683 0.308437 20193433.674341 27
-0.719033 0.337964 -9796994.729969 42
-0.708183 0.493222 2173238.436351 56
-0.794983 0.411712 -3621514.098509 41
-0.719033 0.337964 -9796994.729969 42
-0.610532 0.481301 1876992.549993 57
-0.708183 0.493222 2173238.436351 56
-0.719033 0.337964 -9796994.729969 42
-0.512882 0.469380 -327337.064138 77
-0.610532 0.481301 1876992.549993 57
-0.577982 0.366799 1706142.185022 58
-0.512882 0.469380 -327337.064138 77
-0.621382 0.574733 -347274.829468 76
-0.610532 0.481301 1876992.549993 57
-0.621382 0.574733 -347274.829468 76
-0.809017 0.587785 -540891.105262 55
-0.708183 0.493222 2173238.436351 56
-0.876307 0.481754 -500730.705590 40
-0.929776 0.368125 6191813.471222 26
-0.794983 0.411712 -3621514.098509 41
-0.445745 0.037763 7885019.650735 54
-0.441136 -0.097722 -782512.090166 50
-0.314527 -0.024174 -1443902.298542 65
-0.838383 0.205163 -97283311.246931 17
-0.773283 0.059054 -323544293.331349 18
-0.708183 0.161636 45678197.369430 28
-0.643082 0.264217 -4371051.025526 43
-0.719033 0.337964 -9796994.729969 42
-0.708183 0.161636 45678197.369430 28
-0.968583 0.248690 -63099664.243322 16
-0.992115 0.125333 487154868.573394 8
-0.838383 0.205163 -97283311.246931 17
-0.515073 -0.029496 -32952101.840718 39
-0.576964 0.099699 -19959590.705939 44
-0.658594 0.038247 126117556.217165 29
-0.441136 -0.097722 -782512.090166 50
-0.515073 -0.029496 -32952101.840718 39
-0.584401 -0.096754 33219290.960233 35
-0.445745 0.037763 7885019.650735 54
-0.576964 0.099699 -19959590.705939 44
-0.515073 -0.029496 -32952101.840718 39
-0.794983 0.411712 -3621514.098509 41
-0.708183 0.493222 2173238.436351 56
-0.876307 0.481754 -500730.705590 40
-0.447782 0.571962 80862.111854 97
-0.534582 0.656244 39673.467441 96
-0.621382 0.574733 -347274.829468 76
-0.389865 0.411315 295210.923800 95
-0.447782 0.571962 80862.111854 97
-0.512882 0.469380 -327337.064138 77
-0.479568 0.320346 -888902.848848 75
-0.389865 0.411315 295210.923800 95
-0.512882 0.469380 -327337.064138 77
-0.250954 0.479057 -61748.800004 114
-0.235061 0.604864 19307.632487 132
-0.349368 0.525509 -59428.824556 113
-0.382682 0.674543 -9275.080403 115
-0.534582 0.656244 39673.467441 96
-0.447782 0.571962 80862.111854 97
-0.728969 0.684547 267667.971491 74
-0.809017 0.587785 -540891.105262 55
-0.621382 0.574733 -347274.829468 76
-0.447782 0.737755 -6271.976272 112
-0.382682 0.674543 -9275.080403 115
-0.317582 0.777124 2346.925917 131
-0.534582 0.656244 39673.467441 96
-0.447782 0.737755 -6271.976272 112
-0.535827 0.844328 -1995.547646 111
-0.534582 0.656244 39673.467441 96
-0.382682 0.674543 -9275.080403 115
-0.447782 0.737755 -6271.976272 112
-0.728969 0.684547 267667.971491 74
-0.631775 0.670396 21344.039457 92
-0.637424 0.770513 -53263.073374 94
-0.621382 0.574733 -347274.829468 76
-0.512882 0.469380 -327337.064138 77
-0.447782 0.571962 80862.111854 97
-0.631775 0.670396 21344.039457 92
-0.534582 0.656244 39673.467441 96
-0.637424 0.770513 -53263.073374 94
-0.621382 0.574733 -347274.829468 76
-0.631775 0.670396 21344.039457 92
-0.728969 0.684547 267667.971491 74
-0.621382 0.574733 -347274.829468 76
-0.534582 0.656244 39673.467441 96
-0.631775 0.670396 21344.039457 92
0.794983 0.411712 -0.009514 236
0.929776 0.368125 -0.207176 237
0.876307 0.481754 0.450565 242
0.708183 0.493222 -0.372735 238
0.794983 0.411712 -0.009514 236
0.876307 0.481754 0.450565 242
0.610532 0.481301 1.470719 223
0.577982 0.366799 -1.297569 208
0.719033 0.337964 1.040952 222
0.349368 0.525509 34.384336 189
0.512882 0.469380 -6.545334 207
0.447782 0.571962 -9.521411 205
0.349368 0.525509 34.384336 189
0.422415 0.360024 8.725821 190
0.512882 0.469380 -6.545334 207
0.445745 0.037763 -9.218224 170
0.314527 -0.024174 -219.449344 157
0.441136 -0.097722 91.850120 175
0.643082 0.264217 -2.944314 206
0.522968 0.251959 9.771295 191
0.571666 0.141635 14.492566 188
0.794983 0.245918 1.027792 220
0.719033 0.337964 1.040952 222
0.643082 0.264217 -2.944314 206
0.870933 0.153872 0.555680 219
0.794983 0.245918 1.027792 220
0.708183 0.161636 -1.948753 204
0.870933 0.153872 0.555680 219
0.968583 0.248690 -0.303851 230
0.794983 0.245918 1.027792 220
0.577982 0.366799 -1.297569 208
0.422415 0.360024 8.725821 190
0.522968 0.251959 9.771295 191
0.040329 0.180264 -4750.467472 129
0.167922 0.223510 1804.902807 147
0.060580 0.300829 -1166.264124 136
0.794983 0.245918 1.027792 220
0.643082 0.264217 -2.944314 206
0.708183 0.161636 -1.948753 204
0.708183 0.493222 -0.372735 238
0.719033 0.337964 1.040952 222
0.794983 0.411712 -0.009514 236
0.577982 0.366799 -1.297569 208
0.643082 0.264217 -2.944314 206
0.719033 0.337964 1.040952 222
0.915249 0.040903 0.109138 228
0.773283 0.059054 0.573485 215
0.838383 -0.043527 -0.290069 225
1.000000 -0.000000 0.397895 240
0.915249 0.040903 0.109138 228
0.838383 -0.043527 -0.290069 225
0.992115 0.125333 -0.102856 233
0.968583 0.248690 -0.303851 230
0.870933 0.153872 0.555680 219
0.794983 0.245918 1.027792 220
0.929776 0.368125 -0.207176 237
0.794983 0.411712 -0.009514 236
0.062791 0.998027 -9.950182 198
0.023973 0.872212 -2.878049 184
0.187381 0.982287 -13.800176 199
0.425779 0.904827 2.296187 216
0.309017 0.951057 -21.500812 214
0.360982 0.819266 9.587477 203
0.309017 0.951057 -21.500812 214
0.203275 0.856480 56.122027 200
0.360982 0.819266 9.587477 203
0.382682 0.674543 27.900590 202
0.447782 0.737755 -6.436166 218
0.360982 0.819266 9.587477 203
0.512882 0.469380 -6.545334 207
0.621382 0.574733 3.213609 221
0.447782 0.571962 -9.521411 205
0.719033 0.337964 1.040952 222
0.708183 0.493222 -0.372735 238
0.610532 0.481301 1.470719 223
0.809017 0.587785 -0.691761 235
0.728969 0.684547 -0.945960 234
0.621382 0.574733 3.213609 221
0.621382 0.574733 3.213609 221
0.534582 0.656244 -1.763703 217
0.447782 0.571962 -9.521411 205
0.809017 0.587785 -0.691761 235
0.621382 0.574733 3.213609 221
0.708183 0.493222 -0.372735 238
0.631775 0.670396 0.109840 229
0.534582 0.656244 -1.763703 217
0.621382 0.574733 3.213609 221
0.728969 0.684547 -0.945960 234
0.631775 0.670396 0.109840 229
0.621382 0.574733 3.213609 221
0.728969 0.684547 -0.945960 234
0.637424 0.770513 0.299521 231
0.631775 0.670396 0.109840 229
0.447782 0.737755 -6.436166 218
0.425779 0.904827 2.296187 216
0.360982 0.819266 9.587477 203
0.794983 0.245918 1.027792 220
0.794983 0.411712 -0.009514 236
0.719033 0.337964 1.040952 222
0.610532 0.481301 1.470719 223
0.621382 0.574733 3.213609 221
0.512882 0.469380 -6.545334 207
0.577982 0.366799 -1.297569 208
0.610532 0.481301 1.470719 223
0.512882 0.469380 -6.545334 207
0.708183 0.493222 -0.372735 238
0.621382 0.574733 3.213609 221
0.610532 0.481301 1.470719 223
0.637424 0.770513 0.299521 231
0.534582 0.656244 -1.763703 217
0.631775 0.670396 0.109840 229
0.637424 0.770513 0.299521 231
0.535827 0.844328 2.392327 232
0.534582 0.656244 -1.763703 217
0.235061 0.604864 -73.711687 186
0.219168 0.730672 -97.509486 187
0.072414 0.628453 807.839478 169
0.447782 0.737755 -6.436166 218
0.535827 0.844328 2.392327 232
0.425779 0.904827 2.296187 216
0.534582 0.656244 -1.763703 217
0.447782 0.737755 -6.436166 218
0.382682 0.674543 27.900590 202
0.534582 0.656244 -1.763703 217
0.535827 0.844328 2.392327 232
0.447782 0.737755 -6.436166 218
-0.135539 0.372907 354.178114 116
-0.250954 0.479057 -61748.800004 114
-0.266847 0.353249 107047.449796 98
0.060580 0.300829 -1166.264124 136
-0.004231 0.392564 -3730.605614 135
-0.042554 0.274619 14531.755032 117
0.040329 0.180264 -4750.467472 129
0.060580 0.300829 -1166.264124 136
-0.042554 0.274619 14531.755032 117
0.163714 0.327039 -296.343762 153
0.123361 0.435810 850.840839 154
0.060580 0.300829 -1166.264124 136
-0.080876 0.156675 -7797.386847 110
0.020079 0.059698 22473.008231 118
0.040329 0.180264 -4750.467472 129
0.266847 0.353249 -85.802754 172
0.250954 0.479057 -118.744840 171
0.123361 0.435810 850.840839 154
-0.108431 0.494783 8426.541808 133
-0.250954 0.479057 -61748.800004 114
-0.135539 0.372907 354.178114 116
-0.004231 0.392564 -3730.605614 135
-0.108431 0.494783 8426.541808 133
-0.135539 0.372907 354.178114 116
0.034091 0.510509 -328.205202 151
0.072414 0.628453 807.839478 169
-0.081324 0.616659 -4366.699800 152
0.034091 0.510509 -328.205202 151
0.123361 0.435810 850.840839 154
0.134576 0.557687 -220.726197 168
0.381154 0.273894 2.727662 173
0.266847 0.353249 -85.802754 172
0.282741 0.227442 134.471138 155
0.413450 0.155828 -66.985833 174
0.445745 0.037763 -9.218224 170
0.571666 0.141635 14.492566 188
0.282741 0.227442 134.471138 155
0.413450 0.155828 -66.985833 174
0.381154 0.273894 2.727662 173
0.298634 0.101634 280.038550 156
0.445745 0.037763 -9.218224 170
0.413450 0.155828 -66.985833 174
0.577982 0.366799 -1.297569 208
0.512882 0.469380 -6.545334 207
0.422415 0.360024 8.725821 190
0.134576 0.557687 -220.726197 168
0.235061 0.604864 -73.711687 186
0.072414 0.628453 807.839478 169
0.034091 0.510509 -328.205202 151
0.134576 0.557687 -220.726197 168
0.072414 0.628453 807.839478 169
0.123361 0.435810 850.840839 154
0.250954 0.479057 -118.744840 171
0.134576 0.557687 -220.726197 168
0.422415 0.360024 8.725821 190
0.349368 0.525509 34.384336 189
0.266847 0.353249 -85.802754 172
0.349368 0.525509 34.384336 189
0.235061 0.604864 -73.711687 186
0.250954 0.479057 -118.744840 171
0.266847 0.353249 -85.802754 172
0.349368 0.525509 34.384336 189
0.250954 0.479057 -118.744840 171
0.447782 0.571962 -9.521411 205
0.382682 0.674543 27.900590 202
0.349368 0.525509 34.384336 189
0.023973 0.872212 -2.878049 184
0.062791 0.998027 -9.950182 198
-0.062791 0.998027 60.967725 182
-0.089651 0.864346 -342.168858 166
0.023973 0.872212 -2.878049 184
-0.062791 0.998027 60.967725 182
-0.187381 0.982287 320.825274 165
-0.089651 0.864346 -342.168858 166
-0.062791 0.998027 60.967725 182
-0.203275 0.856480 -65.882718 149
-0.109200 0.735914 1243.785458 150
-0.089651 0.864346 -342.168858 166
0.000768 0.741156 542.832917 167
0.110736 0.746398 -232.752772 183
0.023973 0.872212 -2.878049 184
0.219168 0.730672 -97.509486 187
0.110736 0.746398 -232.752772 183
0.072414 0.628453 807.839478 169
0.203275 0.856480 56.122027 200
0.187381 0.982287 -13.800176 199
0.023973 0.872212 -2.878049 184
0.187381 0.982287 -13.800176 199
0.203275 0.856480 56.122027 200
0.309017 0.951057 -21.500812 214
-0.235061 0.604864 19307.632487 132
-0.250954 0.479057 -61748.800004 114
-0.108431 0.494783 8426.541808 133
-0.109200 0.735914 1243.785458 150
-0.203275 0.856480 -65.882718 149
-0.219168 0.730672 -2157.110485 134
0.072414 0.628453 807.839478 169
0.000768 0.741156 542.832917 167
-0.081324 0.616659 -4366.699800 152
0.000768 0.741156 542.832917 167
0.023973 0.872212 -2.878049 184
-0.089651 0.864346 -342.168858 166
-0.219168 0.730672 -2157.110485 134
-0.317582 0.777124 2346.925917 131
-0.382682 0.674543 -9275.080403 115
-0.108431 0.494783 8426.541808 133
-0.081324 0.616659 -4366.699800 152
-0.235061 0.604864 19307.632487 132
-0.203275 0.856480 -65.882718 149
-0.317582 0.777124 2346.925917 131
-0.219168 0.730672 -2157.110485 134
0.809017 0.587785 -0.691761 235
0.708183 0.493222 -0.372735 238
0.876307 0.481754 0.450565 242
0.469331 -0.217723 -101.848363 178
0.443723 -0.339315 -210.101183 177
0.569181 -0.223917 44.464676 195
0.992115 -0.125333 0.307411 243
0.903483 -0.146108 -0.641544 239
0.968583 -0.248690 -0.029713 241
0.992115 -0.125333 0.307411 243
1.000000 -0.000000 0.397895 240
0.903483 -0.146108 -0.641544 239
-0.616669 -0.529062 -36765404.029604 25
-0.518255 -0.575515 6195723.371281 36
-0.486789 -0.444362 1693270.817569 38
-0.728969 -0.684547 -10444793.950734 14
-0.658410 -0.623625 -1394063.798520 24
-0.735953 -0.529892 47899357.939344 15
-0.433694 -0.622226 -759710.002376 37
-0.409886 -0.779019 288239.749470 45
-0.349134 -0.668938 252281.253356 51
-0.637424 -0.770513 2244998.976573 19
-0.534148 -0.701322 -964400.018303 31
-0.658410 -0.623625 -1394063.798520 24
-0.637424 -0.770513 2244998.976573 19
-0.535827 -0.844328 -104393.933936 30
-0.534148 -0.701322 -964400.018303 31
0.664439 -0.453191 -7.453803 197
0.736206 -0.299972 -14.630888 212
0.592925 -0.376490 45.144312 194
0.736206 -0.299972 -14.630888 212
0.792049 -0.172045 3.795186 224
0.680615 -0.197981 -6.090449 209
0.929776 -0.368125 -1.765752 226
0.847640 -0.274036 1.751269 227
0.791796 -0.401964 4.318875 213
0.929776 -0.368125 -1.765752 226
0.968583 -0.248690 -0.029713 241
0.847640 -0.274036 1.751269 227
0.715365 -0.101593 1.159396 210
0.584401 -0.096754 -1.518087 192
0.680615 -0.197981 -6.090449 209
0.773283 0.059054 0.573485 215
0.715365 -0.101593 1.159396 210
0.838383 -0.043527 -0.290069 225
0.662567 0.006795 1.585479 201
0.708183 0.161636 -1.948753 204
0.571666 0.141635 14.492566 188
-0.592925 -0.376490 33730001.091313 33
-0.486789 -0.444362 1693270.817569 38
-0.443723 -0.339315 -15499957.525852 48
-0.791796 -0.401964 -399847772.335817 10
-0.664439 -0.453191 181149485.022777 20
-0.680489 -0.312940 -375221820.633172 21
-0.616669 -0.529062 -36765404.029604 25
-0.486789 -0.444362 1693270.817569 38
-0.592925 -0.376490 33730001.091313 33
-0.584401 -0.096754 33219290.960233 35
-0.569181 -0.223917 43741469.591774 34
-0.469331 -0.217723 -10509207.062320 49
-0.680489 -0.312940 -375221820.633172 21
-0.847640 -0.274036 1874567692.328232 11
-0.791796 -0.401964 -399847772.335817 10
-0.035536 -0.096906 4501.217576 104
-0.119199 0.038730 -115854.323608 100
-0.157522 -0.079215 10028.658597 85
-0.195844 -0.197159 -857916.837704 84
-0.064278 -0.185365 114901.234269 103
-0.157522 -0.079215 10028.658597 85
0.196515 -0.037934 975.023901 140
0.314527 -0.024174 -219.449344 157
0.298634 0.101634 280.038550 156
0.125317 0.034143 -4904.503356 128
0.196515 -0.037934 975.023901 140
0.172130 0.119981 -2364.239883 137
-0.035536 -0.096906 4501.217576 104
0.078503 -0.051694 -2269.186481 122
0.020079 0.059698 22473.008231 118
-0.035536 -0.096906 4501.217576 104
0.067288 -0.173570 -10148.895655 121
0.078503 -0.051694 -2269.186481 122
0.198854 -0.161776 826.071922 141
0.330420 -0.149981 -194.362484 160
0.196515 -0.037934 975.023901 140
0.078503 -0.051694 -2269.186481 122
0.198854 -0.161776 826.071922 141
0.196515 -0.037934 975.023901 140
-0.001975 -0.299378 -57778.816872 107
0.114121 -0.291515 9940.346880 124
0.067288 -0.173570 -10148.895655 121
-0.065162 -0.389016 -39861.021845 106
-0.001975 -0.299378 -57778.816872 107
-0.118071 -0.307241 301557.818529 89
-0.145550 -0.426758 84288.259114 87
-0.065162 -0.389016 -39861.021845 106
-0.118071 -0.307241 301557.818529 89
-0.012254 -0.470791 5249.385472 105
0.108328 -0.414177 12220.881028 123
-0.065162 -0.389016 -39861.021845 106
-0.065162 -0.389016 -39861.021845 106
0.108328 -0.414177 12220.881028 123
-0.001975 -0.299378 -57778.816872 107
0.441136 -0.097722 91.850120 175
0.314527 -0.024174 -219.449344 157
0.330420 -0.149981 -194.362484 160
-0.035536 -0.096906 4501.217576 104
0.020079 0.059698 22473.008231 118
-0.119199 0.038730 -115854.323608 100
0.522968 0.251959 9.771295 191
0.643082 0.264217 -2.944314 206
0.577982 0.366799 -1.297569 208
0.381154 0.273894 2.727662 173
0.522968 0.251959 9.771295 191
0.422415 0.360024 8.725821 190
0.266847 0.353249 -85.802754 172
0.381154 0.273894 2.727662 173
0.422415 0.360024 8.725821 190
0.282741 0.227442 134.471138 155
0.298634 0.101634 280.038550 156
0.413450 0.155828 -66.985833 174
0.584401 -0.096754 -1.518087 192
0.441136 -0.097722 91.850120 175
0.469331 -0.217723 -101.848363 178
0.381154 0.273894 2.727662 173
0.413450 0.155828 -66.985833 174
0.522968 0.251959 9.771295 191
0.298634 0.101634 280.038550 156
0.314527 -0.024174 -219.449344 157
0.445745 0.037763 -9.218224 170
0.571666 0.141635 14.492566 188
0.708183 0.161636 -1.948753 204
0.643082 0.264217 -2.944314 206
0.413450 0.155828 -66.985833 174
0.571666 0.141635 14.492566 188
0.522968 0.251959 9.771295 191
0.662567 0.006795 1.585479 201
0.715365 -0.101593 1.159396 210
0.773283 0.059054 0.573485 215
0.708183 0.161636 -1.948753 204
0.662567 0.006795 1.585479 201
0.773283 0.059054 0.573485 215
0.543905 0.017440 -19.099602 185
0.584401 -0.096754 -1.518087 192
0.662567 0.006795 1.585479 201
0.445745 0.037763 -9.218224 170
0.543905 0.017440 -19.099602 185
0.571666 0.141635 14.492566 188
0.445745 0.037763 -9.218224 170
0.441136 -0.097722 91.850120 175
0.543905 0.017440 -19.099602 185
0.794983 0.245918 1.027792 220
0.968583 0.248690 -0.303851 230
0.929776 0.368125 -0.207176 237
0.773283 0.059054 0.573485 215
0.870933 0.153872 0.555680 219
0.708183 0.161636 -1.948753 204
0.773283 0.059054 0.573485 215
0.915249 0.040903 0.109138 228
0.870933 0.153872 0.555680 219
0.838383 -0.043527 -0.290069 225
0.903483 -0.146108 -0.641544 239
1.000000 -0.000000 0.397895 240
0.584401 -0.096754 -1.518087 192
0.569181 -0.223917 44.464676 195
0.680615 -0.197981 -6.090449 209
0.662567 0.006795 1.585479 201
0.584401 -0.096754 -1.518087 192
0.715365 -0.101593 1.159396 210
0.543905 0.017440 -19.099602 185
0.441136 -0.097722 91.850120 175
0.584401 -0.096754 -1.518087 192
0.662567 0.006795 1.585479 201
0.571666 0.141635 14.492566 188
0.543905 0.017440 -19.099602 185
0.330420 -0.149981 -194.362484 160
0.346313 -0.275789 851.325330 161
0.469331 -0.217723 -101.848363 178
0.664439 -0.453191 -7.453803 197
0.592925 -0.376490 45.144312 194
0.616669 -0.529062 13.311007 181
0.735953 -0.529892 -0.455636 196
0.664439 -0.453191 -7.453803 197
0.616669 -0.529062 13.311007 181
0.735953 -0.529892 -0.455636 196
0.791796 -0.401964 4.318875 213
0.664439 -0.453191 -7.453803 197
0.838383 -0.043527 -0.290069 225
0.715365 -0.101593 1.159396 210
0.792049 -0.172045 3.795186 224
0.443723 -0.339315 -210.101183 177
0.346313 -0.275789 851.325330 161
0.362206 -0.401597 735.751194 159
0.584401 -0.096754 -1.518087 192
0.469331 -0.217723 -101.848363 178
0.569181 -0.223917 44.464676 195
0.441136 -0.097722 91.850120 175
0.330420 -0.149981 -194.362484 160
0.469331 -0.217723 -101.848363 178
0.915249 0.040903 0.109138 228
0.992115 0.125333 -0.102856 233
0.870933 0.153872 0.555680 219
0.219168 0.730672 -97.509486 187
0.360982 0.819266 9.587477 203
0.203275 0.856480 56.122027 200
0.110736 0.746398 -232.752772 183
0.219168 0.730672 -97.509486 187
0.203275 0.856480 56.122027 200
0.235061 0.604864 -73.711687 186
0.382682 0.674543 27.900590 202
0.219168 0.730672 -97.509486 187
0.123361 0.435810 850.840839 154
-0.004231 0.392564 -3730.605614 135
0.060580 0.300829 -1166.264124 136
-0.081324 0.616659 -4366.699800 152
-0.108431 0.494783 8426.541808 133
0.034091 0.510509 -328.205202 151
0.000768 0.741156 542.832917 167
-0.109200 0.735914 1243.785458 150
-0.081324 0.616659 -4366.699800 152
0.110736 0.746398 -232.752772 183
0.000768 0.741156 542.832917 167
0.072414 0.628453 807.839478 169
0.110736 0.746398 -232.752772 183
0.203275 0.856480 56.122027 200
0.023973 0.872212 -2.878049 184
-0.219168 0.730672 -2157.110485 134
-0.235061 0.604864 19307.632487 132
-0.081324 0.616659 -4366.699800 152
0.123361 0.435810 850.840839 154
0.163714 0.327039 -296.343762 153
0.266847 0.353249 -85.802754 172
0.235061 0.604864 -73.711687 186
0.134576 0.557687 -220.726197 168
0.250954 0.479057 -118.744840 171
0.034091 0.510509 -328.205202 151
-0.004231 0.392564 -3730.605614 135
0.123361 0.435810 850.840839 154
0.382682 0.674543 27.900590 202
0.360982 0.819266 9.587477 203
0.219168 0.730672 -97.509486 187
0.349368 0.525509 34.384336 189
0.382682 0.674543 27.900590 202
0.235061 0.604864 -73.711687 186
0.447782 0.571962 -9.521411 205
0.534582 0.656244 -1.763703 217
0.382682 0.674543 27.900590 202
-0.876307 0.481754 -500730.705590 40
-0.708183 0.493222 2173238.436351 56
-0.809017 0.587785 -540891.105262 55
-0.389865 0.411315 295210.923800 95
-0.250954 0.479057 -61748.800004 114
-0.349368 0.525509 -59428.824556 113
-0.162647 0.251030 -67443.253309 99
-0.135539 0.372907 354.178114 116
-0.266847 0.353249 107047.449796 98
-0.298634 0.101634 -1741886.496627 73
-0.189755 0.129154 215889.612154 93
-0.282741 0.227442 75322.234613 79
-0.042554 0.274619 14531.755032 117
-0.135539 0.372907 354.178114 116
-0.162647 0.251030 -67443.253309 99
-0.108431 0.494783 8426.541808 133
-0.004231 0.392564 -3730.605614 135
0.034091 0.510509 -328.205202 151
-0.282741 0.227442 75322.234613 79
-0.162647 0.251030 -67443.253309 99
-0.266847 0.353249 107047.449796 98
-0.042554 0.274619 14531.755032 117
-0.004231 0.392564 -3730.605614 135
-0.135539 0.372907 354.178114 116
0.167922 0.223510 1804.902807 147
0.172130 0.119981 -2364.239883 137
0.282741 0.227442 134.471138 155
0.060580 0.300829 -1166.264124 136
0.167922 0.223510 1804.902807 147
0.163714 0.327039 -296.343762 153
0.040329 0.180264 -4750.467472 129
0.172130 0.119981 -2364.239883 137
0.167922 0.223510 1804.902807 147
-0.080876 0.156675 -7797.386847 110
0.040329 0.180264 -4750.467472 129
-0.042554 0.274619 14531.755032 117
0.020079 0.059698 22473.008231 118
0.172130 0.119981 -2364.239883 137
0.040329 0.180264 -4750.467472 129
0.282741 0.227442 134.471138 155
0.266847 0.353249 -85.802754 172
0.163714 0.327039 -296.343762 153
-0.534582 0.656244 39673.467441 96
-0.535827 0.844328 -1995.547646 111
-0.637424 0.770513 -53263.073374 94
0.847640 -0.274036 1.751269 227
0.903483 -0.146108 -0.641544 239
0.792049 -0.172045 3.795186 224
0.968583 -0.248690 -0.029713 241
0.903483 -0.146108 -0.641544 239
0.847640 -0.274036 1.751269 227
0.791796 -0.401964 4.318875 213
0.735953 -0.529892 -0.455636 196
0.876307 -0.481754 -1.028979 211
0.929776 -0.368125 -1.765752 226
0.791796 -0.401964 4.318875 213
0.876307 -0.481754 -1.028979 211
0.592925 -0.376490 45.144312 194
0.569181 -0.223917 44.464676 195
0.443723 -0.339315 -210.101183 177
0.616669 -0.529062 13.311007 181
0.592925 -0.376490 45.144312 194
0.486789 -0.444362 -98.571619 176
0.736206 -0.299972 -14.630888 212
0.569181 -0.223917 44.464676 195
0.592925 -0.376490 45.144312 194
0.847640 -0.274036 1.751269 227
0.736206 -0.299972 -14.630888 212
0.791796 -0.401964 4.318875 213
0.680615 -0.197981 -6.090449 209
0.569181 -0.223917 44.464676 195
0.736206 -0.299972 -14.630888 212
0.378100 -0.527404 47.840692 158
0.486789 -0.444362 -98.571619 176
0.362206 -0.401597 735.751194 159
0.518255 -0.575515 13.851983 164
0.393993 -0.653212 -30.960901 146
0.515708 -0.711863 -5.813610 162
0.486789 -0.444362 -98.571619 176
0.518255 -0.575515 13.851983 164
0.616669 -0.529062 13.311007 181
0.378100 -0.527404 47.840692 158
0.393993 -0.653212 -30.960901 146
0.518255 -0.575515 13.851983 164
0.658410 -0.623625 -3.841748 179
0.728969 -0.684547 0.307113 180
0.735953 -0.529892 -0.455636 196
0.196515 -0.037934 975.023901 140
0.330420 -0.149981 -194.362484 160
0.314527 -0.024174 -219.449344 157
-0.195844 -0.197159 -857916.837704 84
-0.118071 -0.307241 301557.818529 89
-0.064278 -0.185365 114901.234269 103
-0.118071 -0.307241 301557.818529 89
-0.234167 -0.315104 -866668.085894 70
-0.145550 -0.426758 84288.259114 87
0.210774 -0.256132 -1155.690087 142
0.346313 -0.275789 851.325330 161
0.330420 -0.149981 -194.362484 160
0.210774 -0.256132 -1155.690087 142
0.235267 -0.407887 -3391.621569 143
0.346313 -0.275789 851.325330 161
0.067288 -0.173570 -10148.895655 121
0.114121 -0.291515 9940.346880 124
0.198854 -0.161776 826.071922 141
0.108328 -0.414177 12220.881028 123
0.114121 -0.291515 9940.346880 124
-0.001975 -0.299378 -57778.816872 107
0.247982 -0.508533 -1398.870689 139
0.362206 -0.401597 735.751194 159
0.235267 -0.407887 -3391.621569 143
0.443723 -0.339315 -210.101183 177
0.486789 -0.444362 -98.571619 176
0.592925 -0.376490 45.144312 194
0.346313 -0.275789 851.325330 161
0.443723 -0.339315 -210.101183 177
0.469331 -0.217723 -101.848363 178
0.362206 -0.401597 735.751194 159
0.486789 -0.444362 -98.571619 176
0.443723 -0.339315 -210.101183 177
0.518255 -0.575515 13.851983 164
0.658410 -0.623625 -3.841748 179
0.616669 -0.529062 13.311007 181
0.735953 -0.529892 -0.455636 196
0.809017 -0.587785 0.496201 193
0.876307 -0.481754 -1.028979 211
0.616669 -0.529062 13.311007 181
0.658410 -0.623625 -3.841748 179
0.735953 -0.529892 -0.455636 196
0.791796 -0.401964 4.318875 213
0.736206 -0.299972 -14.630888 212
0.664439 -0.453191 -7.453803 197
0.486789 -0.444362 -98.571619 176
0.378100 -0.527404 47.840692 158
0.518255 -0.575515 13.851983 164
0.728969 -0.684547 0.307113 180
0.809017 -0.587785 0.496201 193
0.735953 -0.529892 -0.455636 196
0.847640 -0.274036 1.751269 227
0.792049 -0.172045 3.795186 224
0.736206 -0.299972 -14.630888 212
0.838383 -0.043527 -0.290069 225
0.792049 -0.172045 3.795186 224
0.903483 -0.146108 -0.641544 239
0.715365 -0.101593 1.159396 210
0.680615 -0.197981 -6.090449 209
0.792049 -0.172045 3.795186 224
1.000000 -0.000000 0.397895 240
0.992115 0.125333 -0.102856 233
0.915249 0.040903 0.109138 228
0.295977 -0.844070 36.718237 125
0.177179 -0.862891 240.541270 109
0.309017 -0.951057 -67.266428 108
0.425779 -0.904827 -24.513572 126
0.295977 -0.844070 36.718237 125
0.309017 -0.951057 -67.266428 108
0.282937 -0.737084 -416.244411 127
0.177179 -0.862891 240.541270 109
0.295977 -0.844070 36.718237 125
0.062791 -0.998027 -920.939565 72
0.060826 -0.904827 564.836842 91
-0.062791 -0.998027 2668.997403 71
-0.272489 -0.433048 79970.349171 67
-0.234167 -0.315104 -866668.085894 70
-0.362206 -0.401597 1742408.950984 53
-0.349134 -0.668938 252281.253356 51
-0.166657 -0.668938 -64757.142917 68
-0.219573 -0.550993 193263.744066 69
-0.005837 -0.810471 -2993.709914 101
-0.060826 -0.904827 -2271.751986 82
0.060826 -0.904827 564.836842 91
0.177179 -0.862891 240.541270 109
-0.005837 -0.810471 -2993.709914 101
0.060826 -0.904827 564.836842 91
-0.072500 -0.716116 6219.458932 83
-0.156928 -0.826197 20588.130153 81
-0.005837 -0.810471 -2993.709914 101
-0.272489 -0.433048 79970.349171 67
-0.219573 -0.550993 193263.744066 69
-0.145550 -0.426758 84288.259114 87
-0.321429 -0.833823 -34096.223256 46
-0.409886 -0.779019 288239.749470 45
-0.425779 -0.904827 -70269.940849 32
-0.232973 -0.888627 19631.254747 62
-0.321429 -0.833823 -34096.223256 46
-0.309017 -0.951057 21800.382236 47
-0.232973 -0.888627 19631.254747 62
-0.253031 -0.747568 -86091.651976 61
-0.321429 -0.833823 -34096.223256 46
-0.166657 -0.668938 -64757.142917 68
-0.253031 -0.747568 -86091.651976 61
-0.156928 -0.826197 20588.130153 81
-0.349134 -0.668938 252281.253356 51
-0.409886 -0.779019 288239.749470 45
-0.253031 -0.747568 -86091.651976 61
0.187381 -0.982287 -121.893098 90
0.060826 -0.904827 564.836842 91
0.062791 -0.998027 -920.939565 72
0.235267 -0.407887 -3391.621569 143
0.362206 -0.401597 735.751194 159
0.346313 -0.275789 851.325330 161
0.298781 -0.621760 555.613203 138
0.378100 -0.527404 47.840692 158
0.247982 -0.508533 -1398.870689 139
0.518255 -0.575515 13.851983 164
0.515708 -0.711863 -5.813610 162
0.658410 -0.623625 -3.841748 179
0.298781 -0.621760 555.613203 138
0.393993 -0.653212 -30.960901 146
0.378100 -0.527404 47.840692 158
0.141155 -0.577727 -2704.984932 120
0.164458 -0.730094 1542.407118 119
0.298781 -0.621760 555.613203 138
0.108328 -0.414177 12220.881028 123
0.141155 -0.577727 -2704.984932 120
0.247982 -0.508533 -1398.870689 139
0.034327 -0.646921 -3013.104374 102
0.164458 -0.730094 1542.407118 119
0.141155 -0.577727 -2704.984932 120
0.108328 -0.414177 12220.881028 123
-0.012254 -0.470791 5249.385472 105
0.141155 -0.577727 -2704.984932 120
-0.072500 -0.716116 6219.458932 83
-0.005837 -0.810471 -2993.709914 101
0.034327 -0.646921 -3013.104374 102
0.282937 -0.737084 -416.244411 127
0.393993 -0.653212 -30.960901 146
0.298781 -0.621760 555.613203 138
-0.005837 -0.810471 -2993.709914 101
0.177179 -0.862891 240.541270 109
0.164458 -0.730094 1542.407118 119
0.187381 -0.982287 -121.893098 90
0.177179 -0.862891 240.541270 109
0.060826 -0.904827 564.836842 91
0.187381 -0.982287 -121.893098 90
0.309017 -0.951057 -67.266428 108
0.177179 -0.862891 240.541270 109
0.409886 -0.779019 75.165387 144
0.393993 -0.653212 -30.960901 146
0.282937 -0.737084 -416.244411 127
0.515708 -0.711863 -5.813610 162
0.637424 -0.770513 6.857974 163
0.658410 -0.623625 -3.841748 179
0.409886 -0.779019 75.165387 144
0.515708 -0.711863 -5.813610 162
0.393993 -0.653212 -30.960901 146
0.409886 -0.779019 75.165387 144
0.535827 -0.844328 -20.144242 145
0.515708 -0.711863 -5.813610 162
0.425779 -0.904827 -24.513572 126
0.409886 -0.779019 75.165387 144
0.295977 -0.844070 36.718237 125
-0.065162 -0.389016 -39861.021845 106
-0.145550 -0.426758 84288.259114 87
-0.115913 -0.510892 -29661.250408 88
-0.272489 -0.433048 79970.349171 67
-0.145550 -0.426758 84288.259114 87
-0.234167 -0.315104 -866668.085894 70
-0.219573 -0.550993 193263.744066 69
-0.378100 -0.527404 -1310713.234274 52
-0.349134 -0.668938 252281.253356 51
-0.072500 -0.716116 6219.458932 83
-0.042377 -0.593453 19840.754871 86
-0.166657 -0.668938 -64757.142917 68
-0.272489 -0.433048 79970.349171 67
-0.378100 -0.527404 -1310713.234274 52
-0.219573 -0.550993 193263.744066 69
0.535827 -0.844328 -20.144242 145
0.409886 -0.779019 75.165387 144
0.425779 -0.904827 -24.513572 126
0.535827 -0.844328 -20.144242 145
0.637424 -0.770513 6.857974 163
0.515708 -0.711863 -5.813610 162
0.409886 -0.779019 75.165387 144
0.282937 -0.737084 -416.244411 127
0.295977 -0.844070 36.718237 125
0.637424 -0.770513 6.857974 163
0.728969 -0.684547 0.307113 180
0.658410 -0.623625 -3.841748 179
-0.309017 0.951057 -1193.550509 148
-0.203275 0.856480 -65.882718 149
-0.187381 0.982287 320.825274 165
-0.109200 0.735914 1243.785458 150
-0.219168 0.730672 -2157.110485 134
-0.081324 0.616659 -4366.699800 152
-0.187381 0.982287 320.825274 165
-0.203275 0.856480 -65.882718 149
-0.089651 0.864346 -342.168858 166
-0.219168 0.730672 -2157.110485 134
-0.382682 0.674543 -9275.080403 115
-0.235061 0.604864 19307.632487 132
-0.089651 0.864346 -342.168858 166
-0.109200 0.735914 1243.785458 150
0.000768 0.741156 542.832917 167
-0.253031 -0.747568 -86091.651976 61
-0.166657 -0.668938 -64757.142917 68
-0.349134 -0.668938 252281.253356 51
-0.060826 -0.904827 -2271.751986 82
-0.156928 -0.826197 20588.130153 81
-0.187381 -0.982287 -11609.681328 63
-0.060826 -0.904827 -2271.751986 82
-0.005837 -0.810471 -2993.709914 101
-0.156928 -0.826197 20588.130153 81
-0.232973 -0.888627 19631.254747 62
-0.156928 -0.826197 20588.130153 81
-0.253031 -0.747568 -86091.651976 61
-0.187381 -0.982287 -11609.681328 63
-0.232973 -0.888627 19631.254747 62
-0.309017 -0.951057 21800.382236 47
-0.187381 -0.982287 -11609.681328 63
-0.156928 -0.826197 20588.130153 81
-0.232973 -0.888627 19631.254747 62
-0.062791 -0.998027 2668.997403 71
-0.060826 -0.904827 -2271.751986 82
-0.187381 -0.982287 -11609.681328 63
-0.042377 -0.593453 19840.754871 86
-0.072500 -0.716116 6219.458932 83
0.034327 -0.646921 -3013.104374 102
-0.012254 -0.470791 5249.385472 105
-0.042377 -0.593453 19840.754871 86
0.034327 -0.646921 -3013.104374 102
-0.115913 -0.510892 -29661.250408 88
-0.166657 -0.668938 -64757.142917 68
-0.042377 -0.593453 19840.754871 86
-0.518255 -0.575515 6195723.371281 36
-0.616669 -0.529062 -36765404.029604 25
-0.658410 -0.623625 -1394063.798520 24
-0.433694 -0.622226 -759710.002376 37
-0.518255 -0.575515 6195723.371281 36
-0.534148 -0.701322 -964400.018303 31
-0.409886 -0.779019 288239.749470 45
-0.433694 -0.622226 -759710.002376 37
-0.534148 -0.701322 -964400.018303 31
-0.349134 -0.668938 252281.253356 51
-0.378100 -0.527404 -1310713.234274 52
-0.433694 -0.622226 -759710.002376 37
-0.378100 -0.527404 -1310713.234274 52
-0.486789 -0.444362 1693270.817569 38
-0.518255 -0.575515 6195723.371281 36
0.060826 -0.904827 564.836842 91
-0.060826 -0.904827 -2271.751986 82
-0.062791 -0.998027 2668.997403 71
-0.534148 -0.701322 -964400.018303 31
-0.535827 -0.844328 -104393.933936 30
-0.409886 -0.779019 288239.749470 45
-0.486789 -0.444362 1693270.817569 38
-0.378100 -0.527404 -1310713.234274 52
-0.362206 -0.401597 1742408.950984 53
-0.728969 -0.684547 -10444793.950734 14
-0.637424 -0.770513 2244998.976573 19
-0.658410 -0.623625 -1394063.798520 24
-0.321429 -0.833823 -34096.223256 46
-0.253031 -0.747568 -86091.651976 61
-0.409886 -0.779019 288239.749470 45
-0.346313 -0.275789 3705034.451593 64
-0.362206 -0.401597 1742408.950984 53
-0.234167 -0.315104 -866668.085894 70
-0.195844 -0.197159 -857916.837704 84
-0.346313 -0.275789 3705034.451593 64
-0.234167 -0.315104 -866668.085894 70
-0.658594 0.038247 126117556.217165 29
-0.584401 -0.096754 33219290.960233 35
-0.515073 -0.029496 -32952101.840718 39
-0.330420 -0.149981 1498108.817424 66
-0.441136 -0.097722 -782512.090166 50
-0.469331 -0.217723 -10509207.062320 49
-0.330420 -0.149981 1498108.817424 66
-0.314527 -0.024174 -1443902.298542 65
-0.441136 -0.097722 -782512.090166 50
-0.321429 -0.833823 -34096.223256 46
-0.425779 -0.904827 -70269.940849 32
-0.309017 -0.951057 21800.382236 47
-0.378100 -0.527404 -1310713.234274 52
-0.518255 -0.575515 6195723.371281 36
-0.433694 -0.622226 -759710.002376 37
-0.535827 -0.844328 -104393.933936 30
-0.425779 -0.904827 -70269.940849 32
-0.409886 -0.779019 288239.749470 45
0.298634 0.101634 280.038550 156
0.172130 0.119981 -2364.239883 137
0.196515 -0.037934 975.023901 140
-0.216863 0.007278 637961.282295 80
-0.157522 -0.079215 10028.658597 85
-0.119199 0.038730 -115854.323608 100
0.198854 -0.161776 826.071922 141
0.210774 -0.256132 -1155.690087 142
0.330420 -0.149981 -194.362484 160
-0.118071 -0.307241 301557.818529 89
-0.195844 -0.197159 -857916.837704 84
-0.234167 -0.315104 -866668.085894 70
0.114121 -0.291515 9940.346880 124
0.235267 -0.407887 -3391.621569 143
0.210774 -0.256132 -1155.690087 142
0.114121 -0.291515 9940.346880 124
0.108328 -0.414177 12220.881028 123
0.235267 -0.407887 -3391.621569 143
0.198854 -0.161776 826.071922 141
0.114121 -0.291515 9940.346880 124
0.210774 -0.256132 -1155.690087 142
0.067288 -0.173570 -10148.895655 121
-0.064278 -0.185365 114901.234269 103
-0.001975 -0.299378 -57778.816872 107
-0.012254 -0.470791 5249.385472 105
0.034327 -0.646921 -3013.104374 102
0.141155 -0.577727 -2704.984932 120
-0.064278 -0.185365 114901.234269 103
-0.035536 -0.096906 4501.217576 104
-0.157522 -0.079215 10028.658597 85
-0.001975 -0.299378 -57778.816872 107
-0.064278 -0.185365 114901.234269 103
-0.118071 -0.307241 301557.818529 89
0.067288 -0.173570 -10148.895655 121
-0.035536 -0.096906 4501.217576 104
-0.064278 -0.185365 114901.234269 103
-0.330420 -0.149981 1498108.817424 66
-0.195844 -0.197159 -857916.837704 84
-0.157522 -0.079215 10028.658597 85
-0.330420 -0.149981 1498108.817424 66
-0.346313 -0.275789 3705034.451593 64
-0.195844 -0.197159 -857916.837704 84
-0.658594 0.038247 126117556.217165 29
-0.576964 0.099699 -19959590.705939 44
-0.708183 0.161636 45678197.369430 28
-0.838383 -0.043527 2098182008.260249 12
-0.715365 -0.101593 -388991102.660685 23
-0.773283 0.059054 -323544293.331349 18
-0.584401 -0.096754 33219290.960233 35
-0.469331 -0.217723 -10509207.062320 49
-0.441136 -0.097722 -782512.090166 50
-0.715365 -0.101593 -388991102.660685 23
-0.584401 -0.096754 33219290.960233 35
-0.658594 0.038247 126117556.217165 29
-0.773283 0.059054 -323544293.331349 18
-0.715365 -0.101593 -388991102.660685 23
-0.658594 0.038247 126117556.217165 29
-0.680615 -0.197981 49671220.741798 22
-0.569181 -0.223917 43741469.591774 34
-0.584401 -0.096754 33219290.960233 35
-0.792049 -0.172045 450737293.861734 13
-0.680615 -0.197981 49671220.741798 22
-0.715365 -0.101593 -388991102.660685 23
-0.792049 -0.172045 450737293.861734 13
-0.847640 -0.274036 1874567692.328232 11
-0.680489 -0.312940 -375221820.633172 21
-0.715365 -0.101593 -388991102.660685 23
-0.680615 -0.197981 49671220.741798 22
-0.584401 -0.096754 33219290.960233 35
-0.838383 -0.043527 2098182008.260249 12
-0.792049 -0.172045 450737293.861734 13
-0.715365 -0.101593 -388991102.660685 23
-0.314527 -0.024174 -1443902.298542 65
-0.298634 0.101634 -1741886.496627 73
-0.445745 0.037763 7885019.650735 54
-0.680489 -0.312940 -375221820.633172 21
-0.592925 -0.376490 33730001.091313 33
-0.569181 -0.223917 43741469.591774 34
-0.569181 -0.223917 43741469.591774 34
-0.592925 -0.376490 33730001.091313 33
-0.443723 -0.339315 -15499957.525852 48
-0.658410 -0.623625 -1394063.798520 24
-0.616669 -0.529062 -36765404.029604 25
-0.735953 -0.529892 47899357.939344 15
-0.658410 -0.623625 -1394063.798520 24
-0.534148 -0.701322 -964400.018303 31
-0.518255 -0.575515 6195723.371281 36
-0.443723 -0.339315 -15499957.525852 48
-0.469331 -0.217723 -10509207.062320 49
-0.569181 -0.223917 43741469.591774 34
-0.362206 -0.401597 1742408.950984 53
-0.443723 -0.339315 -15499957.525852 48
-0.486789 -0.444362 1693270.817569 38
-0.362206 -0.401597 1742408.950984 53
-0.346313 -0.275789 3705034.451593 64
-0.443723 -0.339315 -15499957.525852 48
0.247982 -0.508533 -1398.870689 139
0.141155 -0.577727 -2704.984932 120
0.298781 -0.621760 555.613203 138
-0.156928 -0.826197 20588.130153 81
-0.072500 -0.716116 6219.458932 83
-0.166657 -0.668938 -64757.142917 68
0.164458 -0.730094 1542.407118 119
0.177179 -0.862891 240.541270 109
0.282937 -0.737084 -416.244411 127
0.298781 -0.621760 555.613203 138
0.164458 -0.730094 1542.407118 119
0.282937 -0.737084 -416.244411 127
0.034327 -0.646921 -3013.104374 102
-0.005837 -0.810471 -2993.709914 101
0.164458 -0.730094 1542.407118 119
0.108328 -0.414177 12220.881028 123
0.247982 -0.508533 -1398.870689 139
0.235267 -0.407887 -3391.621569 143
-0.115913 -0.510892 -29661.250408 88
-0.012254 -0.470791 5249.385472 105
-0.065162 -0.389016 -39861.021845 106
-0.219573 -0.550993 193263.744066 69
-0.115913 -0.510892 -29661.250408 88
-0.145550 -0.426758 84288.259114 87
-0.219573 -0.550993 193263.744066 69
-0.166657 -0.668938 -64757.142917 68
-0.115913 -0.510892 -29661.250408 88
-0.115913 -0.510892 -29661.250408 88
-0.042377 -0.593453 19840.754871 86
-0.012254 -0.470791 5249.385472 105
0.378100 -0.527404 47.840692 158
0.362206 -0.401597 735.751194 159
0.247982 -0.508533 -1398.870689 139
