-0.903483 -0.146108 -439132230384680534964782704542004525669120212992.000000 5
-0.992115 -0.125333 3894406922220333764812633036014359465250162475008.000000 1
-0.968583 -0.248690 -446309503380907125680634081006799908824231706624.000000 2
-0.929776 -0.368125 35526589379209431529858590710702631575235854336.000000 3
-0.847640 -0.274036 126896994558405535550433313915812854575503769600.000000 11
-0.968583 -0.248690 -446309503380907125680634081006799908824231706624.000000 2
-0.838383 -0.043527 142034343153493217399558513601070740328132116480.000000 12
-1.000000 -0.000000 -337088097344388081981464507595644462466783510528.000000 4
-0.903483 -0.146108 -439132230384680534964782704542004525669120212992.000000 5
-0.791796 -0.401964 -27067297078876580662825317909640958607651504128.000000 10
-0.876307 -0.481754 2866569906961793485663284632694691091753992192.000000 6
-0.735953 -0.529892 3242499359606817329205740779492288291521167360.000000 15
-0.664439 -0.453191 12262734105036077299536093814154989111380803584.000000 20
-0.592925 -0.376490 2283318825257476898413742352879484280114249728.000000 33
-0.680489 -0.312940 -25400267798756340898723417563958645284923244544.000000 21
-0.616669 -0.529062 -2488797463975671514844059046499572871633829888.000000 25
-0.664439 -0.453191 12262734105036077299536093814154989111380803584.000000 20
-0.735953 -0.529892 3242499359606817329205740779492288291521167360.000000 15
-0.616669 -0.529062 -2488797463975671514844059046499572871633829888.000000 25
-0.592925 -0.376490 2283318825257476898413742352879484280114249728.000000 33
-0.664439 -0.453191 12262734105036077299536093814154989111380803584.000000 20
-0.847640 -0.274036 126896994558405535550433313915812854575503769600.000000 11
-0.929776 -0.368125 35526589379209431529858590710702631575235854336.000000 3
-0.791796 -0.401964 -27067297078876580662825317909640958607651504128.000000 10
-0.577982 0.366799 115495561481185776109670229197753761442824192.000000 58
-0.479568 0.320346 -60173438994690297600628323957672697948798976.000000 75
-0.512882 0.469380 -22158791800673147243100632495256477794041856.000000 77
-0.381154 0.273894 -63083203903062022181499868363063941671157760.000000 78
-0.528266 0.210023 265944884156823855420351134080225829015519232.000000 59
-0.413450 0.155828 130262212135846624087589888478490647490199552.000000 60
-0.389865 0.411315 19983963773377560628433279560148957504995328.000000 95
-0.479568 0.320346 -60173438994690297600628323957672697948798976.000000 75
-0.381154 0.273894 -63083203903062022181499868363063941671157760.000000 78
-0.250954 0.479057 -4180071466065958514420817231613077225472000.000000 114
-0.389865 0.411315 19983963773377560628433279560148957504995328.000000 95
-0.266847 0.353249 7246416165850060504862694694007748356472832.000000 98
-0.349368 0.525509 -4023015878476387058689240646962342833160192.000000 113
-0.447782 0.571962 5473848221655992814031998789730371889004544.000000 97
-0.389865 0.411315 19983963773377560628433279560148957504995328.000000 95
-0.577982 0.366799 115495561481185776109670229197753761442824192.000000 58
-0.528266 0.210023 265944884156823855420351134080225829015519232.000000 59
-0.479568 0.320346 -60173438994690297600628323957672697948798976.000000 75
-0.080876 0.156675 -527901933083365533943129191260931781296128.000000 110
-0.042554 0.274619 983650230279889925976150350872658921390080.000000 117
-0.162647 0.251030 -4565565558190449684863927214656790921740288.000000 99
-0.189755 0.129154 14614368338228279618085731490457440665731072.000000 93
-0.080876 0.156675 -527901933083365533943129191260931781296128.000000 110
-0.162647 0.251030 -4565565558190449684863927214656790921740288.000000 99
-0.282741 0.227442 5098804939265123278560782636778470395346944.000000 79
-0.189755 0.129154 14614368338228279618085731490457440665731072.000000 93
-0.162647 0.251030 -4565565558190449684863927214656790921740288.000000 99
-0.298634 0.101634 -117915334016509547577699028944350290506678272.000000 73
-0.216863 0.007278 43186089670569320348984302108127020189745152.000000 80
-0.189755 0.129154 14614368338228279618085731490457440665731072.000000 93
0.198854 -0.161776 55856871215622878242741458373428601946112.000000 141
0.078503 -0.051694 -153677416710863517623339292701655381835776.000000 122
0.067288 -0.173570 -687084740457702801604169258771367476592640.000000 121
0.125317 0.034143 -332072026295298056874759086305596680437760.000000 128
0.020079 0.059698 1521220504089661271771421027461881399345152.000000 118
0.078503 -0.051694 -153677416710863517623339292701655381835776.000000 122
0.196515 -0.037934 65938290391311604605037810181225580593152.000000 140
0.125317 0.034143 -332072026295298056874759086305596680437760.000000 128
0.078503 -0.051694 -153677416710863517623339292701655381835776.000000 122
0.172130 0.119981 -160109580065733952685546630402084270243840.000000 137
0.020079 0.059698 1521220504089661271771421027461881399345152.000000 118
0.125317 0.034143 -332072026295298056874759086305596680437760.000000 128
0.282741 0.227442 9044109272905896248837497588953793953792.000000 155
0.172130 0.119981 -160109580065733952685546630402084270243840.000000 137
0.298634 0.101634 18895973315653824600052137343671647338496.000000 156
0.282741 0.227442 9044109272905896248837497588953793953792.000000 155
0.163714 0.327039 -20119335522802788631930164229874017894400.000000 153
0.167922 0.223510 122118696079930139185356080148944605151232.000000 147
-0.080876 0.156675 -527901933083365533943129191260931781296128.000000 110
-0.119199 0.038730 -7842709782015625207328537200415901281681408.000000 100
0.020079 0.059698 1521220504089661271771421027461881399345152.000000 118
-0.838383 -0.043527 142034343153493217399558513601070740328132116480.000000 12
-0.915249 0.040903 24351464981297739377847482045518052308029538304.000000 9
-1.000000 -0.000000 -337088097344388081981464507595644462466783510528.000000 4
-0.903483 -0.146108 -439132230384680534964782704542004525669120212992.000000 5
-1.000000 -0.000000 -337088097344388081981464507595644462466783510528.000000 4
-0.992115 -0.125333 3894406922220333764812633036014359465250162475008.000000 1
-0.362206 -0.401597 117950592191321732974475963366945079605329920.000000 53
-0.378100 -0.527404 -88727467306265346231769687211438980644995072.000000 52
-0.272489 -0.433048 5413463236649541652015719039123253289287680.000000 67
-0.847640 -0.274036 126896994558405535550433313915812854575503769600.000000 11
-0.903483 -0.146108 -439132230384680534964782704542004525669120212992.000000 5
-0.968583 -0.248690 -446309503380907125680634081006799908824231706624.000000 2
-0.847640 -0.274036 126896994558405535550433313915812854575503769600.000000 11
-0.792049 -0.172045 30512212561483057415147485984511797717685501952.000000 13
-0.903483 -0.146108 -439132230384680534964782704542004525669120212992.000000 5
-0.876307 -0.481754 2866569906961793485663284632694691091753992192.000000 6
-0.791796 -0.401964 -27067297078876580662825317909640958607651504128.000000 10
-0.929776 -0.368125 35526589379209431529858590710702631575235854336.000000 3
-0.664439 -0.453191 12262734105036077299536093814154989111380803584.000000 20
-0.791796 -0.401964 -27067297078876580662825317909640958607651504128.000000 10
-0.735953 -0.529892 3242499359606817329205740779492288291521167360.000000 15
-0.680615 -0.197981 3362443827198953685194016528309617079059742720.000000 22
-0.680489 -0.312940 -25400267798756340898723417563958645284923244544.000000 21
-0.569181 -0.223917 2961035215035206062388607265011186599477641216.000000 34
-0.680615 -0.197981 3362443827198953685194016528309617079059742720.000000 22
-0.792049 -0.172045 30512212561483057415147485984511797717685501952.000000 13
-0.680489 -0.312940 -25400267798756340898723417563958645284923244544.000000 21
-0.515073 -0.029496 -2230659793542719488386574138610236589185433600.000000 39
-0.441136 -0.097722 -52971431149638875013555445223728010720444416.000000 50
-0.445745 0.037763 533768504820820150261637818554704467041714176.000000 54
-0.330420 -0.149981 101412926864830240182223605972156205336887296.000000 66
-0.469331 -0.217723 -711410364072163455162980900913902624522108928.000000 49
-0.346313 -0.275789 250808565938816436250108767712444885292285952.000000 64
-0.838383 -0.043527 142034343153493217399558513601070740328132116480.000000 12
-0.903483 -0.146108 -439132230384680534964782704542004525669120212992.000000 5
-0.792049 -0.172045 30512212561483057415147485984511797717685501952.000000 13
-0.735953 -0.529892 3242499359606817329205740779492288291521167360.000000 15
-0.809017 -0.587785 -2158781488532971228596895953060336449364164608.000000 7
-0.728969 -0.684547 -707049933006017699394164168770780423086145536.000000 14
-0.346313 -0.275789 250808565938816436250108767712444885292285952.000000 64
-0.469331 -0.217723 -711410364072163455162980900913902624522108928.000000 49
-0.443723 -0.339315 -1049254247462875346107188951570735067295645696.000000 48
-0.876307 -0.481754 2866569906961793485663284632694691091753992192.000000 6
-0.809017 -0.587785 -2158781488532971228596895953060336449364164608.000000 7
-0.735953 -0.529892 3242499359606817329205740779492288291521167360.000000 15
-0.309017 0.951057 -80796214038116756068368318879220526743552.000000 148
-0.317582 0.777124 158852829976443757353664978401956571643904.000000 131
-0.203275 0.856480 -4475104484418828922183733259111936032768.000000 149
-0.915249 0.040903 24351464981297739377847482045518052308029538304.000000 9
-0.992115 0.125333 32977464066120978740664298953375725938051907584.000000 8
-1.000000 -0.000000 -337088097344388081981464507595644462466783510528.000000 4
-0.773283 0.059054 -21902009009007073872897025616313875560793112576.000000 18
-0.915249 0.040903 24351464981297739377847482045518052308029538304.000000 9
-0.838383 -0.043527 142034343153493217399558513601070740328132116480.000000 12
-0.773283 0.059054 -21902009009007073872897025616313875560793112576.000000 18
-0.838383 0.205163 -6585496966670677419186658166627431419696119808.000000 17
-0.915249 0.040903 24351464981297739377847482045518052308029538304.000000 9
-0.317582 0.777124 158852829976443757353664978401956571643904.000000 131
-0.309017 0.951057 -80796214038116756068368318879220526743552.000000 148
-0.425779 0.904827 117029331372124960998866022498905865846784.000000 130
-0.447782 0.737755 -424592468728445301437017469012736298975232.000000 112
-0.425779 0.904827 117029331372124960998866022498905865846784.000000 130
-0.535827 0.844328 -135086612125631151748883544163406086930432.000000 111
-0.992115 0.125333 32977464066120978740664298953375725938051907584.000000 8
-0.915249 0.040903 24351464981297739377847482045518052308029538304.000000 9
-0.838383 0.205163 -6585496966670677419186658166627431419696119808.000000 17
-0.382682 0.674543 -627894317538588897084382111942845065592832.000000 115
-0.447782 0.571962 5473848221655992814031998789730371889004544.000000 97
-0.349368 0.525509 -4023015878476387058689240646962342833160192.000000 113
-0.425779 0.904827 117029331372124960998866022498905865846784.000000 130
-0.447782 0.737755 -424592468728445301437017469012736298975232.000000 112
-0.317582 0.777124 158852829976443757353664978401956571643904.000000 131
-0.382682 0.674543 -627894317538588897084382111942845065592832.000000 115
-0.349368 0.525509 -4023015878476387058689240646962342833160192.000000 113
-0.235061 0.604864 1306971781341702591358675420876301555204096.000000 132
-0.816683 0.308437 1366974382237241841551477115221372819529007104.000000 27
-0.968583 0.248690 -4271468981234178322853047617920553963845844992.000000 16
-0.838383 0.205163 -6585496966670677419186658166627431419696119808.000000 17
-0.816683 0.308437 1366974382237241841551477115221372819529007104.000000 27
-0.929776 0.368125 419148651535181382563657491304396414406098944.000000 26
-0.968583 0.248690 -4271468981234178322853047617920553963845844992.000000 16
-0.708183 0.161636 3092140085123000280006257453206184985041567744.000000 28
-0.816683 0.308437 1366974382237241841551477115221372819529007104.000000 27
-0.838383 0.205163 -6585496966670677419186658166627431419696119808.000000 17
-0.794983 0.411712 -245154806610420858776957285510513517263847424.000000 41
-0.929776 0.368125 419148651535181382563657491304396414406098944.000000 26
-0.816683 0.308437 1366974382237241841551477115221372819529007104.000000 27
-0.314527 -0.024174 -97743590247666087473227099259018413978157056.000000 65
-0.330420 -0.149981 101412926864830240182223605972156205336887296.000000 66
-0.157522 -0.079215 678814474772161890742785924957954138701824.000000 85
-0.080876 0.156675 -527901933083365533943129191260931781296128.000000 110
-0.189755 0.129154 14614368338228279618085731490457440665731072.000000 93
-0.119199 0.038730 -7842709782015625207328537200415901281681408.000000 100
-0.576964 0.099699 -1351144675776377935517311606742968072618901504.000000 44
-0.528266 0.210023 265944884156823855420351134080225829015519232.000000 59
-0.643082 0.264217 -295893984565673762550915481045988727683284992.000000 43
-0.773283 0.059054 -21902009009007073872897025616313875560793112576.000000 18
-0.658594 0.038247 8537402431823504138560657223107383560851423232.000000 29
-0.708183 0.161636 3092140085123000280006257453206184985041567744.000000 28
-0.445745 0.037763 533768504820820150261637818554704467041714176.000000 54
-0.413450 0.155828 130262212135846624087589888478490647490199552.000000 60
-0.576964 0.099699 -1351144675776377935517311606742968072618901504.000000 44
-0.216863 0.007278 43186089670569320348984302108127020189745152.000000 80
-0.298634 0.101634 -117915334016509547577699028944350290506678272.000000 73
-0.314527 -0.024174 -97743590247666087473227099259018413978157056.000000 65
-0.157522 -0.079215 678814474772161890742785924957954138701824.000000 85
-0.216863 0.007278 43186089670569320348984302108127020189745152.000000 80
-0.314527 -0.024174 -97743590247666087473227099259018413978157056.000000 65
-0.119199 0.038730 -7842709782015625207328537200415901281681408.000000 100
-0.189755 0.129154 14614368338228279618085731490457440665731072.000000 93
-0.216863 0.007278 43186089670569320348984302108127020189745152.000000 80
-0.576964 0.099699 -1351144675776377935517311606742968072618901504.000000 44
-0.643082 0.264217 -295893984565673762550915481045988727683284992.000000 43
-0.708183 0.161636 3092140085123000280006257453206184985041567744.000000 28
-0.413450 0.155828 130262212135846624087589888478490647490199552.000000 60
-0.528266 0.210023 265944884156823855420351134080225829015519232.000000 59
-0.576964 0.099699 -1351144675776377935517311606742968072618901504.000000 44
-0.298634 0.101634 -117915334016509547577699028944350290506678272.000000 73
-0.413450 0.155828 130262212135846624087589888478490647490199552.000000 60
-0.445745 0.037763 533768504820820150261637818554704467041714176.000000 54
-0.298634 0.101634 -117915334016509547577699028944350290506678272.000000 73
-0.282741 0.227442 5098804939265123278560782636778470395346944.000000 79
-0.413450 0.155828 130262212135846624087589888478490647490199552.000000 60
-0.381154 0.273894 -63083203903062022181499868363063941671157760.000000 78
-0.266847 0.353249 7246416165850060504862694694007748356472832.000000 98
-0.389865 0.411315 19983963773377560628433279560148957504995328.000000 95
-0.381154 0.273894 -63083203903062022181499868363063941671157760.000000 78
-0.282741 0.227442 5098804939265123278560782636778470395346944.000000 79
-0.266847 0.353249 7246416165850060504862694694007748356472832.000000 98
-0.528266 0.210023 265944884156823855420351134080225829015519232.000000 59
-0.381154 0.273894 -63083203903062022181499868363063941671157760.000000 78
-0.479568 0.320346 -60173438994690297600628323957672697948798976.000000 75
-0.413450 0.155828 130262212135846624087589888478490647490199552.000000 60
-0.282741 0.227442 5098804939265123278560782636778470395346944.000000 79
-0.381154 0.273894 -63083203903062022181499868363063941671157760.000000 78
-0.577982 0.366799 115495561481185776109670229197753761442824192.000000 58
-0.643082 0.264217 -295893984565673762550915481045988727683284992.000000 43
-0.528266 0.210023 265944884156823855420351134080225829015519232.000000 59
-0.577982 0.366799 115495561481185776109670229197753761442824192.000000 58
-0.610532 0.481301 127061116119350846083357348068592885191147520.000000 57
-0.719033 0.337964 -663197834337238545606437978428686556880437248.000000 42
-0.621382 0.574733 -23508443207548397298609495034237282559197184.000000 76
-0.708183 0.493222 147115196109217234126213154552657526084599808.000000 56
-0.610532 0.481301 127061116119350846083357348068592885191147520.000000 57
-0.719033 0.337964 -663197834337238545606437978428686556880437248.000000 42
-0.816683 0.308437 1366974382237241841551477115221372819529007104.000000 27
-0.708183 0.161636 3092140085123000280006257453206184985041567744.000000 28
-0.577982 0.366799 115495561481185776109670229197753761442824192.000000 58
-0.719033 0.337964 -663197834337238545606437978428686556880437248.000000 42
-0.643082 0.264217 -295893984565673762550915481045988727683284992.000000 43
-0.794983 0.411712 -245154806610420858776957285510513517263847424.000000 41
-0.816683 0.308437 1366974382237241841551477115221372819529007104.000000 27
-0.719033 0.337964 -663197834337238545606437978428686556880437248.000000 42
-0.708183 0.493222 147115196109217234126213154552657526084599808.000000 56
-0.794983 0.411712 -245154806610420858776957285510513517263847424.000000 41
-0.719033 0.337964 -663197834337238545606437978428686556880437248.000000 42
-0.610532 0.481301 127061116119350846083357348068592885191147520.000000 57
-0.708183 0.493222 147115196109217234126213154552657526084599808.000000 56
-0.719033 0.337964 -663197834337238545606437978428686556880437248.000000 42
-0.512882 0.469380 -22158791800673147243100632495256477794041856.000000 77
-0.610532 0.481301 127061116119350846083357348068592885191147520.000000 57
-0.577982 0.366799 115495561481185776109670229197753761442824192.000000 58
-0.512882 0.469380 -22158791800673147243100632495256477794041856.000000 77
-0.621382 0.574733 -23508443207548397298609495034237282559197184.000000 76
-0.610532 0.481301 127061116119350846083357348068592885191147520.000000 57
-0.621382 0.574733 -23508443207548397298609495034237282559197184.000000 76
-0.809017 0.587785 -36615085136486234212837597203546879079481344.000000 55
-0.708183 0.493222 147115196109217234126213154552657526084599808.000000 56
-0.876307 0.481754 -33896466843837907065206365335505596988784640.000000 40
-0.929776 0.368125 419148651535181382563657491304396414406098944.000000 26
-0.794983 0.411712 -245154806610420858776957285510513517263847424.000000 41
-0.445745 0.037763 533768504820820150261637818554704467041714176.000000 54
-0.441136 -0.097722 -52971431149638875013555445223728010720444416.000000 50
-0.314527 -0.024174 -97743590247666087473227099259018413978157056.000000 65
-0.838383 0.205163 -6585496966670677419186658166627431419696119808.000000 17
-0.773283 0.059054 -21902009009007073872897025616313875560793112576.000000 18
-0.708183 0.161636 3092140085123000280006257453206184985041567744.000000 28
-0.643082 0.264217 -295893984565673762550915481045988727683284992.000000 43
-0.719033 0.337964 -663197834337238545606437978428686556880437248.000000 42
-0.708183 0.161636 3092140085123000280006257453206184985041567744.000000 28
-0.968583 0.248690 -4271468981234178322853047617920553963845844992.000000 16
-0.992115 0.125333 32977464066120978740664298953375725938051907584.000000 8
-0.838383 0.205163 -6585496966670677419186658166627431419696119808.000000 17
-0.515073 -0.029496 -2230659793542719488386574138610236589185433600.000000 39
-0.576964 0.099699 -1351144675776377935517311606742968072618901504.000000 44
-0.658594 0.038247 8537402431823504138560657223107383560851423232.000000 29
-0.441136 -0.097722 -52971431149638875013555445223728010720444416.000000 50
-0.515073 -0.029496 -2230659793542719488386574138610236589185433600.000000 39
-0.584401 -0.096754 2248746801494708575382886372778200829108682752.000000 35
-0.445745 0.037763 533768504820820150261637818554704467041714176.000000 54
-0.576964 0.099699 -1351144675776377935517311606742968072618901504.000000 44
-0.515073 -0.029496 -2230659793542719488386574138610236589185433600.000000 39
-0.794983 0.411712 -245154806610420858776957285510513517263847424.000000 41
-0.708183 0.493222 147115196109217234126213154552657526084599808.000000 56
-0.876307 0.481754 -33896466843837907065206365335505596988784640.000000 40
-0.447782 0.571962 5473848221655992814031998789730371889004544.000000 97
-0.534582 0.656244 2685636704114891747455546045166518372663296.000000 96
-0.621382 0.574733 -23508443207548397298609495034237282559197184.000000 76
-0.389865 0.411315 19983963773377560628433279560148957504995328.000000 95
-0.447782 0.571962 5473848221655992814031998789730371889004544.000000 97
-0.512882 0.469380 -22158791800673147243100632495256477794041856.000000 77
-0.479568 0.320346 -60173438994690297600628323957672697948798976.000000 75
-0.389865 0.411315 19983963773377560628433279560148957504995328.000000 95
-0.512882 0.469380 -22158791800673147243100632495256477794041856.000000 77
-0.250954 0.479057 -4180071466065958514420817231613077225472000.000000 114
-0.235061 0.604864 1306971781341702591358675420876301555204096.000000 132
-0.349368 0.525509 -4023015878476387058689240646962342833160192.000000 113
-0.382682 0.674543 -627894317538588897084382111942845065592832.000000 115
-0.534582 0.656244 2685636704114891747455546045166518372663296.000000 96
-0.447782 0.571962 5473848221655992814031998789730371889004544.000000 97
-0.728969 0.684547 18119516976916587083236428132753362093342720.000000 74
-0.809017 0.587785 -36615085136486234212837597203546879079481344.000000 55
-0.621382 0.574733 -23508443207548397298609495034237282559197184.000000 76
-0.447782 0.737755 -424592468728445301437017469012736298975232.000000 112
-0.382682 0.674543 -627894317538588897084382111942845065592832.000000 115
-0.317582 0.777124 158852829976443757353664978401956571643904.000000 131
-0.534582 0.656244 2685636704114891747455546045166518372663296.000000 96
-0.447782 0.737755 -424592468728445301437017469012736298975232.000000 112
-0.535827 0.844328 -135086612125631151748883544163406086930432.000000 111
-0.534582 0.656244 2685636704114891747455546045166518372663296.000000 96
-0.382682 0.674543 -627894317538588897084382111942845065592832.000000 115
-0.447782 0.737755 -424592468728445301437017469012736298975232.000000 112
-0.728969 0.684547 18119516976916587083236428132753362093342720.000000 74
-0.631775 0.670396 1444853260952619871807391827177444420354048.000000 92
-0.637424 0.770513 -3605590750638412442186908548929263253848064.000000 94
-0.621382 0.574733 -23508443207548397298609495034237282559197184.000000 76
-0.512882 0.469380 -22158791800673147243100632495256477794041856.000000 77
-0.447782 0.571962 5473848221655992814031998789730371889004544.000000 97
-0.631775 0.670396 1444853260952619871807391827177444420354048.000000 92
-0.534582 0.656244 2685636704114891747455546045166518372663296.000000 96
-0.637424 0.770513 -3605590750638412442186908548929263253848064.000000 94
-0.621382 0.574733 -23508443207548397298609495034237282559197184.000000 76
-0.631775 0.670396 1444853260952619871807391827177444420354048.000000 92
-0.728969 0.684547 18119516976916587083236428132753362093342720.000000 74
-0.621382 0.574733 -23508443207548397298609495034237282559197184.000000 76
-0.534582 0.656244 2685636704114891747455546045166518372663296.000000 96
-0.631775 0.670396 1444853260952619871807391827177444420354048.000000 92
0.794983 0.411712 -14081041890318779149988225487491563520.000000 236
0.929776 0.368125 -14024562126946121135749454153161637888.000000 237
0.876307 0.481754 30500541417035823962914132464544776192.000000 242
0.708183 0.493222 -42508044042153984816542272591188983808.000000 238
0.794983 0.411712 -14081041890318779149988225487491563520.000000 236
0.876307 0.481754 30500541417035823962914132464544776192.000000 242
0.610532 0.481301 72779172351372168990652231687124025344.000000 223
0.577982 0.366799 -123809885681321890884168400808884305920.000000 208
0.719033 0.337964 45502571660801714479445722803596165120.000000 222
0.349368 0.525509 2286876379781881085688311225560709726208.000000 189
0.512882 0.469380 -478052896600074936992984792059590213632.000000 207
0.447782 0.571962 -676517818055489236456734164408265080832.000000 205
0.349368 0.525509 2286876379781881085688311225560709726208.000000 189
0.422415 0.360024 543845008180673829230682830849984954368.000000 190
0.512882 0.469380 -478052896600074936992984792059590213632.000000 207
0.445745 0.037763 -678165919147206349242852820237162643456.000000 170
0.314527 -0.024174 -14916362614730194698563551743090102370304.000000 157
0.441136 -0.097722 6163828221335328408843500151492204036096.000000 175
0.643082 0.264217 -234285483916809278495715211590296928256.000000 206
0.522968 0.251959 616575560401111077357840359079551172608.000000 191
0.571666 0.141635 936846331773677743582552278678806462464.000000 188
0.794983 0.245918 48757674947490072931803231232007864320.000000 220
0.719033 0.337964 45502571660801714479445722803596165120.000000 222
0.643082 0.264217 -234285483916809278495715211590296928256.000000 206
0.870933 0.153872 22872535275559195602426937634606546944.000000 219
0.794983 0.245918 48757674947490072931803231232007864320.000000 220
0.708183 0.161636 -163894258721789137720161964359027785728.000000 204
0.870933 0.153872 22872535275559195602426937634606546944.000000 219
0.968583 0.248690 -20568907481133325801177884936751808512.000000 230
0.794983 0.245918 48757674947490072931803231232007864320.000000 220
0.577982 0.366799 -123809885681321890884168400808884305920.000000 208
0.422415 0.360024 543845008180673829230682830849984954368.000000 190
0.522968 0.251959 616575560401111077357840359079551172608.000000 191
0.040329 0.180264 -321643552556869925757029813933451736252416.000000 129
0.167922 0.223510 122118696079930139185356080148944605151232.000000 147
0.060580 0.300829 -79010408694692076981290160630908642656256.000000 136
0.794983 0.245918 48757674947490072931803231232007864320.000000 220
0.643082 0.264217 -234285483916809278495715211590296928256.000000 206
0.708183 0.161636 -163894258721789137720161964359027785728.000000 204
0.708183 0.493222 -42508044042153984816542272591188983808.000000 238
0.719033 0.337964 45502571660801714479445722803596165120.000000 222
0.794983 0.411712 -14081041890318779149988225487491563520.000000 236
0.577982 0.366799 -123809885681321890884168400808884305920.000000 208
0.643082 0.264217 -234285483916809278495715211590296928256.000000 206
0.719033 0.337964 45502571660801714479445722803596165120.000000 222
0.915249 0.040903 -3486793105725835869939107189038776320.000000 228
0.773283 0.059054 11842299405247013662972770453054029824.000000 215
0.838383 -0.043527 -39620513100484359417114755753171746816.000000 225
1.000000 -0.000000 26935134915902332731851839668523892736.000000 240
0.915249 0.040903 -3486793105725835869939107189038776320.000000 228
0.838383 -0.043527 -39620513100484359417114755753171746816.000000 225
0.992115 0.125333 -6962747272588257429062872595800522752.000000 233
0.968583 0.248690 -20568907481133325801177884936751808512.000000 230
0.870933 0.153872 22872535275559195602426937634606546944.000000 219
0.794983 0.245918 48757674947490072931803231232007864320.000000 220
0.929776 0.368125 -14024562126946121135749454153161637888.000000 237
0.794983 0.411712 -14081041890318779149988225487491563520.000000 236
0.062791 0.998027 -673567694292933919317590263418436190208.000000 198
0.023973 0.872212 -210983260020399434874724386452717699072.000000 184
0.187381 0.982287 -934189164766805533298633727278600683520.000000 199
0.425779 0.904827 155438098059535744315415511786057629696.000000 216
0.309017 0.951057 -1455476091652263533955536380023072096256.000000 214
0.360982 0.819266 635577707093625416653154217248195346432.000000 203
0.309017 0.951057 -1455476091652263533955536380023072096256.000000 214
0.203275 0.856480 3783885340547662265731293367760544858112.000000 200
0.360982 0.819266 635577707093625416653154217248195346432.000000 203
0.382682 0.674543 1861723471017279050502921770628156489728.000000 202
0.447782 0.737755 -452965963663675861541095141206728376320.000000 218
0.360982 0.819266 635577707093625416653154217248195346432.000000 203
0.512882 0.469380 -478052896600074936992984792059590213632.000000 207
0.621382 0.574733 198346362109690248993983341519054045184.000000 221
0.447782 0.571962 -676517818055489236456734164408265080832.000000 205
0.719033 0.337964 45502571660801714479445722803596165120.000000 222
0.708183 0.493222 -42508044042153984816542272591188983808.000000 238
0.610532 0.481301 72779172351372168990652231687124025344.000000 223
0.809017 0.587785 -46828103283713687062783383185880252416.000000 235
0.728969 0.684547 -64035809495657117494320901965626736640.000000 234
0.621382 0.574733 198346362109690248993983341519054045184.000000 221
0.621382 0.574733 198346362109690248993983341519054045184.000000 221
0.534582 0.656244 -138587842634357910787778910643436912640.000000 217
0.447782 0.571962 -676517818055489236456734164408265080832.000000 205
0.809017 0.587785 -46828103283713687062783383185880252416.000000 235
0.621382 0.574733 198346362109690248993983341519054045184.000000 221
0.708183 0.493222 -42508044042153984816542272591188983808.000000 238
0.631775 0.670396 -2815341296213272036725053561744916480.000000 229
0.534582 0.656244 -138587842634357910787778910643436912640.000000 217
0.621382 0.574733 198346362109690248993983341519054045184.000000 221
0.728969 0.684547 -64035809495657117494320901965626736640.000000 234
0.631775 0.670396 -2815341296213272036725053561744916480.000000 229
0.621382 0.574733 198346362109690248993983341519054045184.000000 221
0.728969 0.684547 -64035809495657117494320901965626736640.000000 234
0.637424 0.770513 20275791998020652223843859520980779008.000000 231
0.631775 0.670396 -2815341296213272036725053561744916480.000000 229
0.447782 0.737755 -452965963663675861541095141206728376320.000000 218
0.425779 0.904827 155438098059535744315415511786057629696.000000 216
0.360982 0.819266 635577707093625416653154217248195346432.000000 203
0.794983 0.245918 48757674947490072931803231232007864320.000000 220
0.794983 0.411712 -14081041890318779149988225487491563520.000000 236
0.719033 0.337964 45502571660801714479445722803596165120.000000 222
0.610532 0.481301 72779172351372168990652231687124025344.000000 223
0.621382 0.574733 198346362109690248993983341519054045184.000000 221
0.512882 0.469380 -478052896600074936992984792059590213632.000000 207
0.577982 0.366799 -123809885681321890884168400808884305920.000000 208
0.610532 0.481301 72779172351372168990652231687124025344.000000 223
0.512882 0.469380 -478052896600074936992984792059590213632.000000 207
0.708183 0.493222 -42508044042153984816542272591188983808.000000 238
0.621382 0.574733 198346362109690248993983341519054045184.000000 221
0.610532 0.481301 72779172351372168990652231687124025344.000000 223
0.637424 0.770513 20275791998020652223843859520980779008.000000 231
0.534582 0.656244 -138587842634357910787778910643436912640.000000 217
0.631775 0.670396 -2815341296213272036725053561744916480.000000 229
0.637424 0.770513 20275791998020652223843859520980779008.000000 231
0.535827 0.844328 161946197452463254746350602991890857984.000000 232
0.534582 0.656244 -138587842634357910787778910643436912640.000000 217
0.235061 0.604864 -5029026397998420717636449896612159815680.000000 186
0.219168 0.730672 -6629109422597991246865063481612492079104.000000 187
0.072414 0.628453 54645286536414221763801384852767408914432.000000 169
0.447782 0.737755 -452965963663675861541095141206728376320.000000 218
0.535827 0.844328 161946197452463254746350602991890857984.000000 232
0.425779 0.904827 155438098059535744315415511786057629696.000000 216
0.534582 0.656244 -138587842634357910787778910643436912640.000000 217
0.447782 0.737755 -452965963663675861541095141206728376320.000000 218
0.382682 0.674543 1861723471017279050502921770628156489728.000000 202
0.534582 0.656244 -138587842634357910787778910643436912640.000000 217
0.535827 0.844328 161946197452463254746350602991890857984.000000 232
0.447782 0.737755 -452965963663675861541095141206728376320.000000 218
-0.135539 0.372907 23918698097343618596895827151704379359232.000000 116
-0.250954 0.479057 -4180071466065958514420817231613077225472000.000000 114
-0.266847 0.353249 7246416165850060504862694694007748356472832.000000 98
0.060580 0.300829 -79010408694692076981290160630908642656256.000000 136
-0.004231 0.392564 -252596895466698271961330229894021566693376.000000 135
-0.042554 0.274619 983650230279889925976150350872658921390080.000000 117
0.040329 0.180264 -321643552556869925757029813933451736252416.000000 129
0.060580 0.300829 -79010408694692076981290160630908642656256.000000 136
-0.042554 0.274619 983650230279889925976150350872658921390080.000000 117
0.163714 0.327039 -20119335522802788631930164229874017894400.000000 153
0.123361 0.435810 57543017243384025263887538052860510994432.000000 154
0.060580 0.300829 -79010408694692076981290160630908642656256.000000 136
-0.080876 0.156675 -527901933083365533943129191260931781296128.000000 110
0.020079 0.059698 1521220504089661271771421027461881399345152.000000 118
0.040329 0.180264 -321643552556869925757029813933451736252416.000000 129
0.266847 0.353249 -5862758531509490071301129883200817987584.000000 172
0.250954 0.479057 -8086209090309311539161404585442008891392.000000 171
0.123361 0.435810 57543017243384025263887538052860510994432.000000 154
-0.108431 0.494783 570376036626131322650344168066296898912256.000000 133
-0.250954 0.479057 -4180071466065958514420817231613077225472000.000000 114
-0.135539 0.372907 23918698097343618596895827151704379359232.000000 116
-0.004231 0.392564 -252596895466698271961330229894021566693376.000000 135
-0.108431 0.494783 570376036626131322650344168066296898912256.000000 133
-0.135539 0.372907 23918698097343618596895827151704379359232.000000 116
0.034091 0.510509 -22267497541354160280415396174343775977472.000000 151
0.072414 0.628453 54645286536414221763801384852767408914432.000000 169
-0.081324 0.616659 -295640902112345156498813126901713191567360.000000 152
0.034091 0.510509 -22267497541354160280415396174343775977472.000000 151
0.123361 0.435810 57543017243384025263887538052860510994432.000000 154
0.134576 0.557687 -14987254473919218872579591969646841954304.000000 168
0.381154 0.273894 131865120458312693185198960121284132864.000000 173
0.266847 0.353249 -5862758531509490071301129883200817987584.000000 172
0.282741 0.227442 9044109272905896248837497588953793953792.000000 155
0.413450 0.155828 -4589017835406016668753819542178725101568.000000 174
0.445745 0.037763 -678165919147206349242852820237162643456.000000 170
0.571666 0.141635 936846331773677743582552278678806462464.000000 188
0.282741 0.227442 9044109272905896248837497588953793953792.000000 155
0.413450 0.155828 -4589017835406016668753819542178725101568.000000 174
0.381154 0.273894 131865120458312693185198960121284132864.000000 173
0.298634 0.101634 18895973315653824600052137343671647338496.000000 156
0.445745 0.037763 -678165919147206349242852820237162643456.000000 170
0.413450 0.155828 -4589017835406016668753819542178725101568.000000 174
0.577982 0.366799 -123809885681321890884168400808884305920.000000 208
0.512882 0.469380 -478052896600074936992984792059590213632.000000 207
0.422415 0.360024 543845008180673829230682830849984954368.000000 190
0.134576 0.557687 -14987254473919218872579591969646841954304.000000 168
0.235061 0.604864 -5029026397998420717636449896612159815680.000000 186
0.072414 0.628453 54645286536414221763801384852767408914432.000000 169
0.034091 0.510509 -22267497541354160280415396174343775977472.000000 151
0.134576 0.557687 -14987254473919218872579591969646841954304.000000 168
0.072414 0.628453 54645286536414221763801384852767408914432.000000 169
0.123361 0.435810 57543017243384025263887538052860510994432.000000 154
0.250954 0.479057 -8086209090309311539161404585442008891392.000000 171
0.134576 0.557687 -14987254473919218872579591969646841954304.000000 168
0.422415 0.360024 543845008180673829230682830849984954368.000000 190
0.349368 0.525509 2286876379781881085688311225560709726208.000000 189
0.266847 0.353249 -5862758531509490071301129883200817987584.000000 172
0.349368 0.525509 2286876379781881085688311225560709726208.000000 189
0.235061 0.604864 -5029026397998420717636449896612159815680.000000 186
0.250954 0.479057 -8086209090309311539161404585442008891392.000000 171
0.266847 0.353249 -5862758531509490071301129883200817987584.000000 172
0.349368 0.525509 2286876379781881085688311225560709726208.000000 189
0.250954 0.479057 -8086209090309311539161404585442008891392.000000 171
0.447782 0.571962 -676517818055489236456734164408265080832.000000 205
0.382682 0.674543 1861723471017279050502921770628156489728.000000 202
0.349368 0.525509 2286876379781881085688311225560709726208.000000 189
0.023973 0.872212 -210983260020399434874724386452717699072.000000 184
0.062791 0.998027 -673567694292933919317590263418436190208.000000 198
-0.062791 0.998027 4127149445727508345157505845389997113344.000000 182
-0.089651 0.864346 -23179356512751053651071116638429095395328.000000 166
0.023973 0.872212 -210983260020399434874724386452717699072.000000 184
-0.062791 0.998027 4127149445727508345157505845389997113344.000000 182
-0.187381 0.982287 21717947699309066833970048324343737352192.000000 165
-0.089651 0.864346 -23179356512751053651071116638429095395328.000000 166
-0.062791 0.998027 4127149445727508345157505845389997113344.000000 182
-0.203275 0.856480 -4475104484418828922183733259111936032768.000000 149
-0.109200 0.735914 84166593137072096529696170446893824868352.000000 150
-0.089651 0.864346 -23179356512751053651071116638429095395328.000000 166
0.000768 0.741156 36716025326593677322691098905097363521536.000000 167
0.110736 0.746398 -15785118164631819010578099589427255836672.000000 183
0.023973 0.872212 -210983260020399434874724386452717699072.000000 184
0.219168 0.730672 -6629109422597991246865063481612492079104.000000 187
0.110736 0.746398 -15785118164631819010578099589427255836672.000000 183
0.072414 0.628453 54645286536414221763801384852767408914432.000000 169
0.203275 0.856480 3783885340547662265731293367760544858112.000000 200
0.187381 0.982287 -934189164766805533298633727278600683520.000000 199
0.023973 0.872212 -210983260020399434874724386452717699072.000000 184
0.187381 0.982287 -934189164766805533298633727278600683520.000000 199
0.203275 0.856480 3783885340547662265731293367760544858112.000000 200
0.309017 0.951057 -1455476091652263533955536380023072096256.000000 214
-0.235061 0.604864 1306971781341702591358675420876301555204096.000000 132
-0.250954 0.479057 -4180071466065958514420817231613077225472000.000000 114
-0.108431 0.494783 570376036626131322650344168066296898912256.000000 133
-0.109200 0.735914 84166593137072096529696170446893824868352.000000 150
-0.203275 0.856480 -4475104484418828922183733259111936032768.000000 149
-0.219168 0.730672 -146051749571883568909567201048177512808448.000000 134
0.072414 0.628453 54645286536414221763801384852767408914432.000000 169
0.000768 0.741156 36716025326593677322691098905097363521536.000000 167
-0.081324 0.616659 -295640902112345156498813126901713191567360.000000 152
0.000768 0.741156 36716025326593677322691098905097363521536.000000 167
0.023973 0.872212 -210983260020399434874724386452717699072.000000 184
-0.089651 0.864346 -23179356512751053651071116638429095395328.000000 166
-0.219168 0.730672 -146051749571883568909567201048177512808448.000000 134
-0.317582 0.777124 158852829976443757353664978401956571643904.000000 131
-0.382682 0.674543 -627894317538588897084382111942845065592832.000000 115
-0.108431 0.494783 570376036626131322650344168066296898912256.000000 133
-0.081324 0.616659 -295640902112345156498813126901713191567360.000000 152
-0.235061 0.604864 1306971781341702591358675420876301555204096.000000 132
-0.203275 0.856480 -4475104484418828922183733259111936032768.000000 149
-0.317582 0.777124 158852829976443757353664978401956571643904.000000 131
-0.219168 0.730672 -146051749571883568909567201048177512808448.000000 134
0.809017 0.587785 -46828103283713687062783383185880252416.000000 235
0.708183 0.493222 -42508044042153984816542272591188983808.000000 238
0.876307 0.481754 30500541417035823962914132464544776192.000000 242
0.469331 -0.217723 -6944097592634250298730809739718011387904.000000 178
0.443723 -0.339315 -14269162304902843090520634480989260742656.000000 177
0.569181 -0.223917 2967622719020809820194811040133850071040.000000 195
0.992115 -0.125333 20809909444512154227076922001084907520.000000 243
0.903483 -0.146108 -54420194685324189685100804526089175040.000000 239
0.968583 -0.248690 -2011375154432106896822179554838708224.000000 241
0.992115 -0.125333 20809909444512154227076922001084907520.000000 243
1.000000 -0.000000 26935134915902332731851839668523892736.000000 240
0.903483 -0.146108 -54420194685324189685100804526089175040.000000 239
-0.616669 -0.529062 -2488797463975671514844059046499572871633829888.000000 25
-0.518255 -0.575515 419413301238199222307324785158343078738657280.000000 36
-0.486789 -0.444362 114624244755554372697198206919282139089338368.000000 38
-0.728969 -0.684547 -707049933006017699394164168770780423086145536.000000 14
-0.658410 -0.623625 -94369773646345815172733079255596552742240256.000000 24
-0.735953 -0.529892 3242499359606817329205740779492288291521167360.000000 15
-0.433694 -0.622226 -51427841385116927618624092344731733667610624.000000 37
-0.409886 -0.779019 19512087777054895992616056878197122227240960.000000 45
-0.349134 -0.668938 17077899252967549849250079447049624057020416.000000 51
-0.637424 -0.770513 151972971747589635767638398280499387116290048.000000 19
-0.534148 -0.701322 -65284114660584102693183927329387499204116480.000000 31
-0.658410 -0.623625 -94369773646345815172733079255596552742240256.000000 24
-0.637424 -0.770513 151972971747589635767638398280499387116290048.000000 19
-0.535827 -0.844328 -7066843476651593337184246283193814198779904.000000 30
-0.534148 -0.701322 -65284114660584102693183927329387499204116480.000000 31
0.664439 -0.453191 -528483191883087401454080076305445945344.000000 197
0.736206 -0.299972 -1015335979822156244960041930959540453376.000000 212
0.592925 -0.376490 3021699021503065422400094833730429911040.000000 194
0.736206 -0.299972 -1015335979822156244960041930959540453376.000000 212
0.792049 -0.172045 233688295193566277293789678712502878208.000000 224
0.680615 -0.197981 -445969166579034732311226458814222958592.000000 209
0.929776 -0.368125 -119530820689431198441402289327221768192.000000 226
0.847640 -0.274036 104577579643527776538433026872672518144.000000 227
0.791796 -0.401964 278045739317793344601721547346524766208.000000 213
0.929776 -0.368125 -119530820689431198441402289327221768192.000000 226
0.968583 -0.248690 -2011375154432106896822179554838708224.000000 241
0.847640 -0.274036 104577579643527776538433026872672518144.000000 227
0.715365 -0.101593 46131099599893242086783422475012145152.000000 210
0.584401 -0.096754 -146706480029142890453668361847904927744.000000 192
0.680615 -0.197981 -445969166579034732311226458814222958592.000000 209
0.773283 0.059054 11842299405247013662972770453054029824.000000 215
0.715365 -0.101593 46131099599893242086783422475012145152.000000 210
0.838383 -0.043527 -39620513100484359417114755753171746816.000000 225
0.662567 0.006795 69353889601955634859756731307806162944.000000 201
0.708183 0.161636 -163894258721789137720161964359027785728.000000 204
0.571666 0.141635 936846331773677743582552278678806462464.000000 188
-0.592925 -0.376490 2283318825257476898413742352879484280114249728.000000 33
-0.486789 -0.444362 114624244755554372697198206919282139089338368.000000 38
-0.443723 -0.339315 -1049254247462875346107188951570735067295645696.000000 48
-0.791796 -0.401964 -27067297078876580662825317909640958607651504128.000000 10
-0.664439 -0.453191 12262734105036077299536093814154989111380803584.000000 20
-0.680489 -0.312940 -25400267798756340898723417563958645284923244544.000000 21
-0.616669 -0.529062 -2488797463975671514844059046499572871633829888.000000 25
-0.486789 -0.444362 114624244755554372697198206919282139089338368.000000 38
-0.592925 -0.376490 2283318825257476898413742352879484280114249728.000000 33
-0.584401 -0.096754 2248746801494708575382886372778200829108682752.000000 35
-0.569181 -0.223917 2961035215035206062388607265011186599477641216.000000 34
-0.469331 -0.217723 -711410364072163455162980900913902624522108928.000000 49
-0.680489 -0.312940 -25400267798756340898723417563958645284923244544.000000 21
-0.847640 -0.274036 126896994558405535550433313915812854575503769600.000000 11
-0.791796 -0.401964 -27067297078876580662825317909640958607651504128.000000 10
-0.035536 -0.096906 304638471850883852964298703414514977603584.000000 104
-0.119199 0.038730 -7842709782015625207328537200415901281681408.000000 100
-0.157522 -0.079215 678814474772161890742785924957954138701824.000000 85
-0.195844 -0.197159 -58075889091833964649854795655168619909742592.000000 84
-0.064278 -0.185365 7778059628689693022609875474273525211070464.000000 103
-0.157522 -0.079215 678814474772161890742785924957954138701824.000000 85
0.196515 -0.037934 65938290391311604605037810181225580593152.000000 140
0.314527 -0.024174 -14916362614730194698563551743090102370304.000000 157
0.298634 0.101634 18895973315653824600052137343671647338496.000000 156
0.125317 0.034143 -332072026295298056874759086305596680437760.000000 128
0.196515 -0.037934 65938290391311604605037810181225580593152.000000 140
0.172130 0.119981 -160109580065733952685546630402084270243840.000000 137
-0.035536 -0.096906 304638471850883852964298703414514977603584.000000 104
0.078503 -0.051694 -153677416710863517623339292701655381835776.000000 122
0.020079 0.059698 1521220504089661271771421027461881399345152.000000 118
-0.035536 -0.096906 304638471850883852964298703414514977603584.000000 104
0.067288 -0.173570 -687084740457702801604169258771367476592640.000000 121
0.078503 -0.051694 -153677416710863517623339292701655381835776.000000 122
0.198854 -0.161776 55856871215622878242741458373428601946112.000000 141
0.330420 -0.149981 -13215955546084224267511172165113460293632.000000 160
0.196515 -0.037934 65938290391311604605037810181225580593152.000000 140
0.078503 -0.051694 -153677416710863517623339292701655381835776.000000 122
0.198854 -0.161776 55856871215622878242741458373428601946112.000000 141
0.196515 -0.037934 65938290391311604605037810181225580593152.000000 140
-0.001975 -0.299378 -3911341139679414642632131164766872780406784.000000 107
0.114121 -0.291515 672840830871115107500610120576680211775488.000000 124
0.067288 -0.173570 -687084740457702801604169258771367476592640.000000 121
-0.065162 -0.389016 -2698409370772803107999218596613772592283648.000000 106
-0.001975 -0.299378 -3911341139679414642632131164766872780406784.000000 107
-0.118071 -0.307241 20413596088562945538885467927362817776156672.000000 89
-0.145550 -0.426758 5705755895134227149813909274388756118372352.000000 87
-0.065162 -0.389016 -2698409370772803107999218596613772592283648.000000 106
-0.118071 -0.307241 20413596088562945538885467927362817776156672.000000 89
-0.012254 -0.470791 355299246051378607593188551249922732589056.000000 105
0.108328 -0.414177 827225093176849418377231693401797475434496.000000 123
-0.065162 -0.389016 -2698409370772803107999218596613772592283648.000000 106
-0.065162 -0.389016 -2698409370772803107999218596613772592283648.000000 106
0.108328 -0.414177 827225093176849418377231693401797475434496.000000 123
-0.001975 -0.299378 -3911341139679414642632131164766872780406784.000000 107
0.441136 -0.097722 6163828221335328408843500151492204036096.000000 175
0.314527 -0.024174 -14916362614730194698563551743090102370304.000000 157
0.330420 -0.149981 -13215955546084224267511172165113460293632.000000 160
-0.035536 -0.096906 304638471850883852964298703414514977603584.000000 104
0.020079 0.059698 1521220504089661271771421027461881399345152.000000 118
-0.119199 0.038730 -7842709782015625207328537200415901281681408.000000 100
0.522968 0.251959 616575560401111077357840359079551172608.000000 191
0.643082 0.264217 -234285483916809278495715211590296928256.000000 206
0.577982 0.366799 -123809885681321890884168400808884305920.000000 208
0.381154 0.273894 131865120458312693185198960121284132864.000000 173
0.522968 0.251959 616575560401111077357840359079551172608.000000 191
0.422415 0.360024 543845008180673829230682830849984954368.000000 190
0.266847 0.353249 -5862758531509490071301129883200817987584.000000 172
0.381154 0.273894 131865120458312693185198960121284132864.000000 173
0.422415 0.360024 543845008180673829230682830849984954368.000000 190
0.282741 0.227442 9044109272905896248837497588953793953792.000000 155
0.298634 0.101634 18895973315653824600052137343671647338496.000000 156
0.413450 0.155828 -4589017835406016668753819542178725101568.000000 174
0.584401 -0.096754 -146706480029142890453668361847904927744.000000 192
0.441136 -0.097722 6163828221335328408843500151492204036096.000000 175
0.469331 -0.217723 -6944097592634250298730809739718011387904.000000 178
0.381154 0.273894 131865120458312693185198960121284132864.000000 173
0.413450 0.155828 -4589017835406016668753819542178725101568.000000 174
0.522968 0.251959 616575560401111077357840359079551172608.000000 191
0.298634 0.101634 18895973315653824600052137343671647338496.000000 156
0.314527 -0.024174 -14916362614730194698563551743090102370304.000000 157
0.445745 0.037763 -678165919147206349242852820237162643456.000000 170
0.571666 0.141635 936846331773677743582552278678806462464.000000 188
0.708183 0.161636 -163894258721789137720161964359027785728.000000 204
0.643082 0.264217 -234285483916809278495715211590296928256.000000 206
0.413450 0.155828 -4589017835406016668753819542178725101568.000000 174
0.571666 0.141635 936846331773677743582552278678806462464.000000 188
0.522968 0.251959 616575560401111077357840359079551172608.000000 191
0.662567 0.006795 69353889601955634859756731307806162944.000000 201
0.715365 -0.101593 46131099599893242086783422475012145152.000000 210
0.773283 0.059054 11842299405247013662972770453054029824.000000 215
0.708183 0.161636 -163894258721789137720161964359027785728.000000 204
0.662567 0.006795 69353889601955634859756731307806162944.000000 201
0.773283 0.059054 11842299405247013662972770453054029824.000000 215
0.543905 0.017440 -1340575905479763044789416912559749988352.000000 185
0.584401 -0.096754 -146706480029142890453668361847904927744.000000 192
0.662567 0.006795 69353889601955634859756731307806162944.000000 201
0.445745 0.037763 -678165919147206349242852820237162643456.000000 170
0.543905 0.017440 -1340575905479763044789416912559749988352.000000 185
0.571666 0.141635 936846331773677743582552278678806462464.000000 188
0.445745 0.037763 -678165919147206349242852820237162643456.000000 170
0.441136 -0.097722 6163828221335328408843500151492204036096.000000 175
0.543905 0.017440 -1340575905479763044789416912559749988352.000000 185
0.794983 0.245918 48757674947490072931803231232007864320.000000 220
0.968583 0.248690 -20568907481133325801177884936751808512.000000 230
0.929776 0.368125 -14024562126946121135749454153161637888.000000 237
0.773283 0.059054 11842299405247013662972770453054029824.000000 215
0.870933 0.153872 22872535275559195602426937634606546944.000000 219
0.708183 0.161636 -163894258721789137720161964359027785728.000000 204
0.773283 0.059054 11842299405247013662972770453054029824.000000 215
0.915249 0.040903 -3486793105725835869939107189038776320.000000 228
0.870933 0.153872 22872535275559195602426937634606546944.000000 219
0.838383 -0.043527 -39620513100484359417114755753171746816.000000 225
0.903483 -0.146108 -54420194685324189685100804526089175040.000000 239
1.000000 -0.000000 26935134915902332731851839668523892736.000000 240
0.584401 -0.096754 -146706480029142890453668361847904927744.000000 192
0.569181 -0.223917 2967622719020809820194811040133850071040.000000 195
0.680615 -0.197981 -445969166579034732311226458814222958592.000000 209
0.662567 0.006795 69353889601955634859756731307806162944.000000 201
0.584401 -0.096754 -146706480029142890453668361847904927744.000000 192
0.715365 -0.101593 46131099599893242086783422475012145152.000000 210
0.543905 0.017440 -1340575905479763044789416912559749988352.000000 185
0.441136 -0.097722 6163828221335328408843500151492204036096.000000 175
0.584401 -0.096754 -146706480029142890453668361847904927744.000000 192
0.662567 0.006795 69353889601955634859756731307806162944.000000 201
0.571666 0.141635 936846331773677743582552278678806462464.000000 188
0.543905 0.017440 -1340575905479763044789416912559749988352.000000 185
0.330420 -0.149981 -13215955546084224267511172165113460293632.000000 160
0.346313 -0.275789 57575194552265618172505654389568350191616.000000 161
0.469331 -0.217723 -6944097592634250298730809739718011387904.000000 178
0.664439 -0.453191 -528483191883087401454080076305445945344.000000 197
0.592925 -0.376490 3021699021503065422400094833730429911040.000000 194
0.616669 -0.529062 878072107870923870027439923682265268224.000000 181
0.735953 -0.529892 -42865454248200737875624674126368604160.000000 196
0.664439 -0.453191 -528483191883087401454080076305445945344.000000 197
0.616669 -0.529062 878072107870923870027439923682265268224.000000 181
0.735953 -0.529892 -42865454248200737875624674126368604160.000000 196
0.791796 -0.401964 278045739317793344601721547346524766208.000000 213
0.664439 -0.453191 -528483191883087401454080076305445945344.000000 197
0.838383 -0.043527 -39620513100484359417114755753171746816.000000 225
0.715365 -0.101593 46131099599893242086783422475012145152.000000 210
0.792049 -0.172045 233688295193566277293789678712502878208.000000 224
0.443723 -0.339315 -14269162304902843090520634480989260742656.000000 177
0.346313 -0.275789 57575194552265618172505654389568350191616.000000 161
0.362206 -0.401597 49758049642591532960181949037187143041024.000000 159
0.584401 -0.096754 -146706480029142890453668361847904927744.000000 192
0.469331 -0.217723 -6944097592634250298730809739718011387904.000000 178
0.569181 -0.223917 2967622719020809820194811040133850071040.000000 195
0.441136 -0.097722 6163828221335328408843500151492204036096.000000 175
0.330420 -0.149981 -13215955546084224267511172165113460293632.000000 160
0.469331 -0.217723 -6944097592634250298730809739718011387904.000000 178
0.915249 0.040903 -3486793105725835869939107189038776320.000000 228
0.992115 0.125333 -6962747272588257429062872595800522752.000000 233
0.870933 0.153872 22872535275559195602426937634606546944.000000 219
0.219168 0.730672 -6629109422597991246865063481612492079104.000000 187
0.360982 0.819266 635577707093625416653154217248195346432.000000 203
0.203275 0.856480 3783885340547662265731293367760544858112.000000 200
0.110736 0.746398 -15785118164631819010578099589427255836672.000000 183
0.219168 0.730672 -6629109422597991246865063481612492079104.000000 187
0.203275 0.856480 3783885340547662265731293367760544858112.000000 200
0.235061 0.604864 -5029026397998420717636449896612159815680.000000 186
0.382682 0.674543 1861723471017279050502921770628156489728.000000 202
0.219168 0.730672 -6629109422597991246865063481612492079104.000000 187
0.123361 0.435810 57543017243384025263887538052860510994432.000000 154
-0.004231 0.392564 -252596895466698271961330229894021566693376.000000 135
0.060580 0.300829 -79010408694692076981290160630908642656256.000000 136
-0.081324 0.616659 -295640902112345156498813126901713191567360.000000 152
-0.108431 0.494783 570376036626131322650344168066296898912256.000000 133
0.034091 0.510509 -22267497541354160280415396174343775977472.000000 151
0.000768 0.741156 36716025326593677322691098905097363521536.000000 167
-0.109200 0.735914 84166593137072096529696170446893824868352.000000 150
-0.081324 0.616659 -295640902112345156498813126901713191567360.000000 152
0.110736 0.746398 -15785118164631819010578099589427255836672.000000 183
0.000768 0.741156 36716025326593677322691098905097363521536.000000 167
0.072414 0.628453 54645286536414221763801384852767408914432.000000 169
0.110736 0.746398 -15785118164631819010578099589427255836672.000000 183
0.203275 0.856480 3783885340547662265731293367760544858112.000000 200
0.023973 0.872212 -210983260020399434874724386452717699072.000000 184
-0.219168 0.730672 -146051749571883568909567201048177512808448.000000 134
-0.235061 0.604864 1306971781341702591358675420876301555204096.000000 132
-0.081324 0.616659 -295640902112345156498813126901713191567360.000000 152
0.123361 0.435810 57543017243384025263887538052860510994432.000000 154
0.163714 0.327039 -20119335522802788631930164229874017894400.000000 153
0.266847 0.353249 -5862758531509490071301129883200817987584.000000 172
0.235061 0.604864 -5029026397998420717636449896612159815680.000000 186
0.134576 0.557687 -14987254473919218872579591969646841954304.000000 168
0.250954 0.479057 -8086209090309311539161404585442008891392.000000 171
0.034091 0.510509 -22267497541354160280415396174343775977472.000000 151
-0.004231 0.392564 -252596895466698271961330229894021566693376.000000 135
0.123361 0.435810 57543017243384025263887538052860510994432.000000 154
0.382682 0.674543 1861723471017279050502921770628156489728.000000 202
0.360982 0.819266 635577707093625416653154217248195346432.000000 203
0.219168 0.730672 -6629109422597991246865063481612492079104.000000 187
0.349368 0.525509 2286876379781881085688311225560709726208.000000 189
0.382682 0.674543 1861723471017279050502921770628156489728.000000 202
0.235061 0.604864 -5029026397998420717636449896612159815680.000000 186
0.447782 0.571962 -676517818055489236456734164408265080832.000000 205
0.534582 0.656244 -138587842634357910787778910643436912640.000000 217
0.382682 0.674543 1861723471017279050502921770628156489728.000000 202
-0.876307 0.481754 -33896466843837907065206365335505596988784640.000000 40
-0.708183 0.493222 147115196109217234126213154552657526084599808.000000 56
-0.809017 0.587785 -36615085136486234212837597203546879079481344.000000 55
-0.389865 0.411315 19983963773377560628433279560148957504995328.000000 95
-0.250954 0.479057 -4180071466065958514420817231613077225472000.000000 114
-0.349368 0.525509 -4023015878476387058689240646962342833160192.000000 113
-0.162647 0.251030 -4565565558190449684863927214656790921740288.000000 99
-0.135539 0.372907 23918698097343618596895827151704379359232.000000 116
-0.266847 0.353249 7246416165850060504862694694007748356472832.000000 98
-0.298634 0.101634 -117915334016509547577699028944350290506678272.000000 73
-0.189755 0.129154 14614368338228279618085731490457440665731072.000000 93
-0.282741 0.227442 5098804939265123278560782636778470395346944.000000 79
-0.042554 0.274619 983650230279889925976150350872658921390080.000000 117
-0.135539 0.372907 23918698097343618596895827151704379359232.000000 116
-0.162647 0.251030 -4565565558190449684863927214656790921740288.000000 99
-0.108431 0.494783 570376036626131322650344168066296898912256.000000 133
-0.004231 0.392564 -252596895466698271961330229894021566693376.000000 135
0.034091 0.510509 -22267497541354160280415396174343775977472.000000 151
-0.282741 0.227442 5098804939265123278560782636778470395346944.000000 79
-0.162647 0.251030 -4565565558190449684863927214656790921740288.000000 99
-0.266847 0.353249 7246416165850060504862694694007748356472832.000000 98
-0.042554 0.274619 983650230279889925976150350872658921390080.000000 117
-0.004231 0.392564 -252596895466698271961330229894021566693376.000000 135
-0.135539 0.372907 23918698097343618596895827151704379359232.000000 116
0.167922 0.223510 122118696079930139185356080148944605151232.000000 147
0.172130 0.119981 -160109580065733952685546630402084270243840.000000 137
0.282741 0.227442 9044109272905896248837497588953793953792.000000 155
0.060580 0.300829 -79010408694692076981290160630908642656256.000000 136
0.167922 0.223510 122118696079930139185356080148944605151232.000000 147
0.163714 0.327039 -20119335522802788631930164229874017894400.000000 153
0.040329 0.180264 -321643552556869925757029813933451736252416.000000 129
0.172130 0.119981 -160109580065733952685546630402084270243840.000000 137
0.167922 0.223510 122118696079930139185356080148944605151232.000000 147
-0.080876 0.156675 -527901933083365533943129191260931781296128.000000 110
0.040329 0.180264 -321643552556869925757029813933451736252416.000000 129
-0.042554 0.274619 983650230279889925976150350872658921390080.000000 117
0.020079 0.059698 1521220504089661271771421027461881399345152.000000 118
0.172130 0.119981 -160109580065733952685546630402084270243840.000000 137
0.040329 0.180264 -321643552556869925757029813933451736252416.000000 129
0.282741 0.227442 9044109272905896248837497588953793953792.000000 155
0.266847 0.353249 -5862758531509490071301129883200817987584.000000 172
0.163714 0.327039 -20119335522802788631930164229874017894400.000000 153
-0.534582 0.656244 2685636704114891747455546045166518372663296.000000 96
-0.535827 0.844328 -135086612125631151748883544163406086930432.000000 111
-0.637424 0.770513 -3605590750638412442186908548929263253848064.000000 94
0.847640 -0.274036 104577579643527776538433026872672518144.000000 227
0.903483 -0.146108 -54420194685324189685100804526089175040.000000 239
0.792049 -0.172045 233688295193566277293789678712502878208.000000 224
0.968583 -0.248690 -2011375154432106896822179554838708224.000000 241
0.903483 -0.146108 -54420194685324189685100804526089175040.000000 239
0.847640 -0.274036 104577579643527776538433026872672518144.000000 227
0.791796 -0.401964 278045739317793344601721547346524766208.000000 213
0.735953 -0.529892 -42865454248200737875624674126368604160.000000 196
0.876307 -0.481754 -69655714584178922337948919719868235776.000000 211
0.929776 -0.368125 -119530820689431198441402289327221768192.000000 226
0.791796 -0.401964 278045739317793344601721547346524766208.000000 213
0.876307 -0.481754 -69655714584178922337948919719868235776.000000 211
0.592925 -0.376490 3021699021503065422400094833730429911040.000000 194
0.569181 -0.223917 2967622719020809820194811040133850071040.000000 195
0.443723 -0.339315 -14269162304902843090520634480989260742656.000000 177
0.616669 -0.529062 878072107870923870027439923682265268224.000000 181
0.592925 -0.376490 3021699021503065422400094833730429911040.000000 194
0.486789 -0.444362 -6710993990103585258568677296304340074496.000000 176
0.736206 -0.299972 -1015335979822156244960041930959540453376.000000 212
0.569181 -0.223917 2967622719020809820194811040133850071040.000000 195
0.592925 -0.376490 3021699021503065422400094833730429911040.000000 194
0.847640 -0.274036 104577579643527776538433026872672518144.000000 227
0.736206 -0.299972 -1015335979822156244960041930959540453376.000000 212
0.791796 -0.401964 278045739317793344601721547346524766208.000000 213
0.680615 -0.197981 -445969166579034732311226458814222958592.000000 209
0.569181 -0.223917 2967622719020809820194811040133850071040.000000 195
0.736206 -0.299972 -1015335979822156244960041930959540453376.000000 212
0.378100 -0.527404 3199340939422964762561443342519046766592.000000 158
0.486789 -0.444362 -6710993990103585258568677296304340074496.000000 176
0.362206 -0.401597 49758049642591532960181949037187143041024.000000 159
0.518255 -0.575515 910605423514135598367582632386347663360.000000 164
0.393993 -0.653212 -2124169162370072773297702552361307734016.000000 146
0.515708 -0.711863 -408933175728791832646248089474811559936.000000 162
0.486789 -0.444362 -6710993990103585258568677296304340074496.000000 176
0.518255 -0.575515 910605423514135598367582632386347663360.000000 164
0.616669 -0.529062 878072107870923870027439923682265268224.000000 181
0.378100 -0.527404 3199340939422964762561443342519046766592.000000 158
0.393993 -0.653212 -2124169162370072773297702552361307734016.000000 146
0.518255 -0.575515 910605423514135598367582632386347663360.000000 164
0.658410 -0.623625 -272084936678920703597102708272777920512.000000 179
0.728969 -0.684547 20789679659248618830326642351395569664.000000 180
0.735953 -0.529892 -42865454248200737875624674126368604160.000000 196
0.196515 -0.037934 65938290391311604605037810181225580593152.000000 140
0.330420 -0.149981 -13215955546084224267511172165113460293632.000000 160
0.314527 -0.024174 -14916362614730194698563551743090102370304.000000 157
-0.195844 -0.197159 -58075889091833964649854795655168619909742592.000000 84
-0.118071 -0.307241 20413596088562945538885467927362817776156672.000000 89
-0.064278 -0.185365 7778059628689693022609875474273525211070464.000000 103
-0.118071 -0.307241 20413596088562945538885467927362817776156672.000000 89
-0.234167 -0.315104 -58668290924278389708518643750232014377189376.000000 70
-0.145550 -0.426758 5705755895134227149813909274388756118372352.000000 87
0.210774 -0.256132 -78293536133339609457285700997889250033664.000000 142
0.346313 -0.275789 57575194552265618172505654389568350191616.000000 161
0.330420 -0.149981 -13215955546084224267511172165113460293632.000000 160
0.210774 -0.256132 -78293536133339609457285700997889250033664.000000 142
0.235267 -0.407887 -229645131864207376610513867630909138665472.000000 143
0.346313 -0.275789 57575194552265618172505654389568350191616.000000 161
0.067288 -0.173570 -687084740457702801604169258771367476592640.000000 121
0.114121 -0.291515 672840830871115107500610120576680211775488.000000 124
0.198854 -0.161776 55856871215622878242741458373428601946112.000000 141
0.108328 -0.414177 827225093176849418377231693401797475434496.000000 123
0.114121 -0.291515 672840830871115107500610120576680211775488.000000 124
-0.001975 -0.299378 -3911341139679414642632131164766872780406784.000000 107
0.247982 -0.508533 -94741184379176642365767291306281661366272.000000 139
0.362206 -0.401597 49758049642591532960181949037187143041024.000000 159
0.235267 -0.407887 -229645131864207376610513867630909138665472.000000 143
0.443723 -0.339315 -14269162304902843090520634480989260742656.000000 177
0.486789 -0.444362 -6710993990103585258568677296304340074496.000000 176
0.592925 -0.376490 3021699021503065422400094833730429911040.000000 194
0.346313 -0.275789 57575194552265618172505654389568350191616.000000 161
0.443723 -0.339315 -14269162304902843090520634480989260742656.000000 177
0.469331 -0.217723 -6944097592634250298730809739718011387904.000000 178
0.362206 -0.401597 49758049642591532960181949037187143041024.000000 159
0.486789 -0.444362 -6710993990103585258568677296304340074496.000000 176
0.443723 -0.339315 -14269162304902843090520634480989260742656.000000 177
0.518255 -0.575515 910605423514135598367582632386347663360.000000 164
0.658410 -0.623625 -272084936678920703597102708272777920512.000000 179
0.616669 -0.529062 878072107870923870027439923682265268224.000000 181
0.735953 -0.529892 -42865454248200737875624674126368604160.000000 196
0.809017 -0.587785 33589805239791156716696396777134227456.000000 193
0.876307 -0.481754 -69655714584178922337948919719868235776.000000 211
0.616669 -0.529062 878072107870923870027439923682265268224.000000 181
0.658410 -0.623625 -272084936678920703597102708272777920512.000000 179
0.735953 -0.529892 -42865454248200737875624674126368604160.000000 196
0.791796 -0.401964 278045739317793344601721547346524766208.000000 213
0.736206 -0.299972 -1015335979822156244960041930959540453376.000000 212
0.664439 -0.453191 -528483191883087401454080076305445945344.000000 197
0.486789 -0.444362 -6710993990103585258568677296304340074496.000000 176
0.378100 -0.527404 3199340939422964762561443342519046766592.000000 158
0.518255 -0.575515 910605423514135598367582632386347663360.000000 164
0.728969 -0.684547 20789679659248618830326642351395569664.000000 180
0.809017 -0.587785 33589805239791156716696396777134227456.000000 193
0.735953 -0.529892 -42865454248200737875624674126368604160.000000 196
0.847640 -0.274036 104577579643527776538433026872672518144.000000 227
0.792049 -0.172045 233688295193566277293789678712502878208.000000 224
0.736206 -0.299972 -1015335979822156244960041930959540453376.000000 212
0.838383 -0.043527 -39620513100484359417114755753171746816.000000 225
0.792049 -0.172045 233688295193566277293789678712502878208.000000 224
0.903483 -0.146108 -54420194685324189685100804526089175040.000000 239
0.715365 -0.101593 46131099599893242086783422475012145152.000000 210
0.680615 -0.197981 -445969166579034732311226458814222958592.000000 209
0.792049 -0.172045 233688295193566277293789678712502878208.000000 224
1.000000 -0.000000 26935134915902332731851839668523892736.000000 240
0.992115 0.125333 -6962747272588257429062872595800522752.000000 233
0.915249 0.040903 -3486793105725835869939107189038776320.000000 228
0.295977 -0.844070 2472069543683459034139345096628592705536.000000 125
0.177179 -0.862891 16268036648813850000371639678397677830144.000000 109
0.309017 -0.951057 -4553533901347804116677591330049744699392.000000 108
0.425779 -0.904827 -1659421854258075611555623382060028133376.000000 126
0.295977 -0.844070 2472069543683459034139345096628592705536.000000 125
0.309017 -0.951057 -4553533901347804116677591330049744699392.000000 108
0.282937 -0.737084 -28202748470884367860599277635512246992896.000000 127
0.177179 -0.862891 16268036648813850000371639678397677830144.000000 109
0.295977 -0.844070 2472069543683459034139345096628592705536.000000 125
0.062791 -0.998027 -62342087406678884242096147841909241413632.000000 72
0.060826 -0.904827 38224046296280639315311753220294975684608.000000 91
-0.062791 -0.998027 180675123326520705056889364159813979734016.000000 71
-0.272489 -0.433048 5413463236649541652015719039123253289287680.000000 67
-0.234167 -0.315104 -58668290924278389708518643750232014377189376.000000 70
-0.362206 -0.401597 117950592191321732974475963366945079605329920.000000 53
-0.349134 -0.668938 17077899252967549849250079447049624057020416.000000 51
-0.166657 -0.668938 -4383705872947899419290891527567214957821952.000000 68
-0.219573 -0.550993 13082752961231197015692715838889614871887872.000000 69
-0.005837 -0.810471 -202679439555099462121584547356468597227520.000000 101
-0.060826 -0.904827 -153796011770987791485851241795364518363136.000000 82
0.060826 -0.904827 38224046296280639315311753220294975684608.000000 91
0.177179 -0.862891 16268036648813850000371639678397677830144.000000 109
-0.005837 -0.810471 -202679439555099462121584547356468597227520.000000 101
0.060826 -0.904827 38224046296280639315311753220294975684608.000000 91
-0.072500 -0.716116 420987460228752667766436082919264808337408.000000 83
-0.156928 -0.826197 1393673164838042961914754844756549711167488.000000 81
-0.005837 -0.810471 -202679439555099462121584547356468597227520.000000 101
-0.272489 -0.433048 5413463236649541652015719039123253289287680.000000 67
-0.219573 -0.550993 13082752961231197015692715838889614871887872.000000 69
-0.145550 -0.426758 5705755895134227149813909274388756118372352.000000 87
-0.321429 -0.833823 -2308123539665488694436214777247277732855808.000000 46
-0.409886 -0.779019 19512087777054895992616056878197122227240960.000000 45
-0.425779 -0.904827 -4756853720969303055895291736164554126655488.000000 32
-0.232973 -0.888627 1328907690557087232325605536777023067783168.000000 62
-0.321429 -0.833823 -2308123539665488694436214777247277732855808.000000 46
-0.309017 -0.951057 1475755182200009783242473402725003067129856.000000 47
-0.232973 -0.888627 1328907690557087232325605536777023067783168.000000 62
-0.253031 -0.747568 -5827914240384520456205006725653454030635008.000000 61
-0.321429 -0.833823 -2308123539665488694436214777247277732855808.000000 46
-0.166657 -0.668938 -4383705872947899419290891527567214957821952.000000 68
-0.253031 -0.747568 -5827914240384520456205006725653454030635008.000000 61
-0.156928 -0.826197 1393673164838042961914754844756549711167488.000000 81
-0.349134 -0.668938 17077899252967549849250079447049624057020416.000000 51
-0.409886 -0.779019 19512087777054895992616056878197122227240960.000000 45
-0.253031 -0.747568 -5827914240384520456205006725653454030635008.000000 61
0.187381 -0.982287 -8251431986545630924581076713892411867136.000000 90
0.060826 -0.904827 38224046296280639315311753220294975684608.000000 91
0.062791 -0.998027 -62342087406678884242096147841909241413632.000000 72
0.235267 -0.407887 -229645131864207376610513867630909138665472.000000 143
0.362206 -0.401597 49758049642591532960181949037187143041024.000000 159
0.346313 -0.275789 57575194552265618172505654389568350191616.000000 161
0.298781 -0.621760 37576201484747218256114869893818893729792.000000 138
0.378100 -0.527404 3199340939422964762561443342519046766592.000000 158
0.247982 -0.508533 -94741184379176642365767291306281661366272.000000 139
0.518255 -0.575515 910605423514135598367582632386347663360.000000 164
0.515708 -0.711863 -408933175728791832646248089474811559936.000000 162
0.658410 -0.623625 -272084936678920703597102708272777920512.000000 179
0.298781 -0.621760 37576201484747218256114869893818893729792.000000 138
0.393993 -0.653212 -2124169162370072773297702552361307734016.000000 146
0.378100 -0.527404 3199340939422964762561443342519046766592.000000 158
0.141155 -0.577727 -183155014326418608426017084587571574472704.000000 120
0.164458 -0.730094 104381935342370772344735483684403212713984.000000 119
0.298781 -0.621760 37576201484747218256114869893818893729792.000000 138
0.108328 -0.414177 827225093176849418377231693401797475434496.000000 123
0.141155 -0.577727 -183155014326418608426017084587571574472704.000000 120
0.247982 -0.508533 -94741184379176642365767291306281661366272.000000 139
0.034327 -0.646921 -204008386105362948929807035322764208635904.000000 102
0.164458 -0.730094 104381935342370772344735483684403212713984.000000 119
0.141155 -0.577727 -183155014326418608426017084587571574472704.000000 120
0.108328 -0.414177 827225093176849418377231693401797475434496.000000 123
-0.012254 -0.470791 355299246051378607593188551249922732589056.000000 105
0.141155 -0.577727 -183155014326418608426017084587571574472704.000000 120
-0.072500 -0.716116 420987460228752667766436082919264808337408.000000 83
-0.005837 -0.810471 -202679439555099462121584547356468597227520.000000 101
0.034327 -0.646921 -204008386105362948929807035322764208635904.000000 102
0.282937 -0.737084 -28202748470884367860599277635512246992896.000000 127
0.393993 -0.653212 -2124169162370072773297702552361307734016.000000 146
0.298781 -0.621760 37576201484747218256114869893818893729792.000000 138
-0.005837 -0.810471 -202679439555099462121584547356468597227520.000000 101
0.177179 -0.862891 16268036648813850000371639678397677830144.000000 109
0.164458 -0.730094 104381935342370772344735483684403212713984.000000 119
0.187381 -0.982287 -8251431986545630924581076713892411867136.000000 90
0.177179 -0.862891 16268036648813850000371639678397677830144.000000 109
0.060826 -0.904827 38224046296280639315311753220294975684608.000000 91
0.187381 -0.982287 -8251431986545630924581076713892411867136.000000 90
0.309017 -0.951057 -4553533901347804116677591330049744699392.000000 108
0.177179 -0.862891 16268036648813850000371639678397677830144.000000 109
0.409886 -0.779019 5073006652371843099281455276548306239488.000000 144
0.393993 -0.653212 -2124169162370072773297702552361307734016.000000 146
0.282937 -0.737084 -28202748470884367860599277635512246992896.000000 127
0.515708 -0.711863 -408933175728791832646248089474811559936.000000 162
0.637424 -0.770513 464243759170067568378422432435848347648.000000 163
0.658410 -0.623625 -272084936678920703597102708272777920512.000000 179
0.409886 -0.779019 5073006652371843099281455276548306239488.000000 144
0.515708 -0.711863 -408933175728791832646248089474811559936.000000 162
0.393993 -0.653212 -2124169162370072773297702552361307734016.000000 146
0.409886 -0.779019 5073006652371843099281455276548306239488.000000 144
0.535827 -0.844328 -1363644423554843479685066041438211407872.000000 145
0.515708 -0.711863 -408933175728791832646248089474811559936.000000 162
0.425779 -0.904827 -1659421854258075611555623382060028133376.000000 126
0.409886 -0.779019 5073006652371843099281455276548306239488.000000 144
0.295977 -0.844070 2472069543683459034139345096628592705536.000000 125
-0.065162 -0.389016 -2698409370772803107999218596613772592283648.000000 106
-0.145550 -0.426758 5705755895134227149813909274388756118372352.000000 87
-0.115913 -0.510892 -2007937946462771487421688235885408664158208.000000 88
-0.272489 -0.433048 5413463236649541652015719039123253289287680.000000 67
-0.145550 -0.426758 5705755895134227149813909274388756118372352.000000 87
-0.234167 -0.315104 -58668290924278389708518643750232014377189376.000000 70
-0.219573 -0.550993 13082752961231197015692715838889614871887872.000000 69
-0.378100 -0.527404 -88727467306265346231769687211438980644995072.000000 52
-0.349134 -0.668938 17077899252967549849250079447049624057020416.000000 51
-0.072500 -0.716116 420987460228752667766436082919264808337408.000000 83
-0.042377 -0.593453 1343056426195920389149264097079758507999232.000000 86
-0.166657 -0.668938 -4383705872947899419290891527567214957821952.000000 68
-0.272489 -0.433048 5413463236649541652015719039123253289287680.000000 67
-0.378100 -0.527404 -88727467306265346231769687211438980644995072.000000 52
-0.219573 -0.550993 13082752961231197015692715838889614871887872.000000 69
0.535827 -0.844328 -1363644423554843479685066041438211407872.000000 145
0.409886 -0.779019 5073006652371843099281455276548306239488.000000 144
0.425779 -0.904827 -1659421854258075611555623382060028133376.000000 126
0.535827 -0.844328 -1363644423554843479685066041438211407872.000000 145
0.637424 -0.770513 464243759170067568378422432435848347648.000000 163
0.515708 -0.711863 -408933175728791832646248089474811559936.000000 162
0.409886 -0.779019 5073006652371843099281455276548306239488.000000 144
0.282937 -0.737084 -28202748470884367860599277635512246992896.000000 127
0.295977 -0.844070 2472069543683459034139345096628592705536.000000 125
0.637424 -0.770513 464243759170067568378422432435848347648.000000 163
0.728969 -0.684547 20789679659248618830326642351395569664.000000 180
0.658410 -0.623625 -272084936678920703597102708272777920512.000000 179
-0.309017 0.951057 -80796214038116756068368318879220526743552.000000 148
-0.203275 0.856480 -4475104484418828922183733259111936032768.000000 149
-0.187381 0.982287 21717947699309066833970048324343737352192.000000 165
-0.109200 0.735914 84166593137072096529696170446893824868352.000000 150
-0.219168 0.730672 -146051749571883568909567201048177512808448.000000 134
-0.081324 0.616659 -295640902112345156498813126901713191567360.000000 152
-0.187381 0.982287 21717947699309066833970048324343737352192.000000 165
-0.203275 0.856480 -4475104484418828922183733259111936032768.000000 149
-0.089651 0.864346 -23179356512751053651071116638429095395328.000000 166
-0.219168 0.730672 -146051749571883568909567201048177512808448.000000 134
-0.382682 0.674543 -627894317538588897084382111942845065592832.000000 115
-0.235061 0.604864 1306971781341702591358675420876301555204096.000000 132
-0.089651 0.864346 -23179356512751053651071116638429095395328.000000 166
-0.109200 0.735914 84166593137072096529696170446893824868352.000000 150
0.000768 0.741156 36716025326593677322691098905097363521536.000000 167
-0.253031 -0.747568 -5827914240384520456205006725653454030635008.000000 61
-0.166657 -0.668938 -4383705872947899419290891527567214957821952.000000 68
-0.349134 -0.668938 17077899252967549849250079447049624057020416.000000 51
-0.060826 -0.904827 -153796011770987791485851241795364518363136.000000 82
-0.156928 -0.826197 1393673164838042961914754844756549711167488.000000 81
-0.187381 -0.982287 -785905824868759754012384022166452656144384.000000 63
-0.060826 -0.904827 -153796011770987791485851241795364518363136.000000 82
-0.005837 -0.810471 -202679439555099462121584547356468597227520.000000 101
-0.156928 -0.826197 1393673164838042961914754844756549711167488.000000 81
-0.232973 -0.888627 1328907690557087232325605536777023067783168.000000 62
-0.156928 -0.826197 1393673164838042961914754844756549711167488.000000 81
-0.253031 -0.747568 -5827914240384520456205006725653454030635008.000000 61
-0.187381 -0.982287 -785905824868759754012384022166452656144384.000000 63
-0.232973 -0.888627 1328907690557087232325605536777023067783168.000000 62
-0.309017 -0.951057 1475755182200009783242473402725003067129856.000000 47
-0.187381 -0.982287 -785905824868759754012384022166452656144384.000000 63
-0.156928 -0.826197 1393673164838042961914754844756549711167488.000000 81
-0.232973 -0.888627 1328907690557087232325605536777023067783168.000000 62
-0.062791 -0.998027 180675123326520705056889364159813979734016.000000 71
-0.060826 -0.904827 -153796011770987791485851241795364518363136.000000 82
-0.187381 -0.982287 -785905824868759754012384022166452656144384.000000 63
-0.042377 -0.593453 1343056426195920389149264097079758507999232.000000 86
-0.072500 -0.716116 420987460228752667766436082919264808337408.000000 83
0.034327 -0.646921 -204008386105362948929807035322764208635904.000000 102
-0.012254 -0.470791 355299246051378607593188551249922732589056.000000 105
-0.042377 -0.593453 1343056426195920389149264097079758507999232.000000 86
0.034327 -0.646921 -204008386105362948929807035322764208635904.000000 102
-0.115913 -0.510892 -2007937946462771487421688235885408664158208.000000 88
-0.166657 -0.668938 -4383705872947899419290891527567214957821952.000000 68
-0.042377 -0.593453 1343056426195920389149264097079758507999232.000000 86
-0.518255 -0.575515 419413301238199222307324785158343078738657280.000000 36
-0.616669 -0.529062 -2488797463975671514844059046499572871633829888.000000 25
-0.658410 -0.623625 -94369773646345815172733079255596552742240256.000000 24
-0.433694 -0.622226 -51427841385116927618624092344731733667610624.000000 37
-0.518255 -0.575515 419413301238199222307324785158343078738657280.000000 36
-0.534148 -0.701322 -65284114660584102693183927329387499204116480.000000 31
-0.409886 -0.779019 19512087777054895992616056878197122227240960.000000 45
-0.433694 -0.622226 -51427841385116927618624092344731733667610624.000000 37
-0.534148 -0.701322 -65284114660584102693183927329387499204116480.000000 31
-0.349134 -0.668938 17077899252967549849250079447049624057020416.000000 51
-0.378100 -0.527404 -88727467306265346231769687211438980644995072.000000 52
-0.433694 -0.622226 -51427841385116927618624092344731733667610624.000000 37
-0.378100 -0.527404 -88727467306265346231769687211438980644995072.000000 52
-0.486789 -0.444362 114624244755554372697198206919282139089338368.000000 38
-0.518255 -0.575515 419413301238199222307324785158343078738657280.000000 36
0.060826 -0.904827 38224046296280639315311753220294975684608.000000 91
-0.060826 -0.904827 -153796011770987791485851241795364518363136.000000 82
-0.062791 -0.998027 180675123326520705056889364159813979734016.000000 71
-0.534148 -0.701322 -65284114660584102693183927329387499204116480.000000 31
-0.535827 -0.844328 -7066843476651593337184246283193814198779904.000000 30
-0.409886 -0.779019 19512087777054895992616056878197122227240960.000000 45
-0.486789 -0.444362 114624244755554372697198206919282139089338368.000000 38
-0.378100 -0.527404 -88727467306265346231769687211438980644995072.000000 52
-0.362206 -0.401597 117950592191321732974475963366945079605329920.000000 53
-0.728969 -0.684547 -707049933006017699394164168770780423086145536.000000 14
-0.637424 -0.770513 151972971747589635767638398280499387116290048.000000 19
-0.658410 -0.623625 -94369773646345815172733079255596552742240256.000000 24
-0.321429 -0.833823 -2308123539665488694436214777247277732855808.000000 46
-0.253031 -0.747568 -5827914240384520456205006725653454030635008.000000 61
-0.409886 -0.779019 19512087777054895992616056878197122227240960.000000 45
-0.346313 -0.275789 250808565938816436250108767712444885292285952.000000 64
-0.362206 -0.401597 117950592191321732974475963366945079605329920.000000 53
-0.234167 -0.315104 -58668290924278389708518643750232014377189376.000000 70
-0.195844 -0.197159 -58075889091833964649854795655168619909742592.000000 84
-0.346313 -0.275789 250808565938816436250108767712444885292285952.000000 64
-0.234167 -0.315104 -58668290924278389708518643750232014377189376.000000 70
-0.658594 0.038247 8537402431823504138560657223107383560851423232.000000 29
-0.584401 -0.096754 2248746801494708575382886372778200829108682752.000000 35
-0.515073 -0.029496 -2230659793542719488386574138610236589185433600.000000 39
-0.330420 -0.149981 101412926864830240182223605972156205336887296.000000 66
-0.441136 -0.097722 -52971431149638875013555445223728010720444416.000000 50
-0.469331 -0.217723 -711410364072163455162980900913902624522108928.000000 49
-0.330420 -0.149981 101412926864830240182223605972156205336887296.000000 66
-0.314527 -0.024174 -97743590247666087473227099259018413978157056.000000 65
-0.441136 -0.097722 -52971431149638875013555445223728010720444416.000000 50
-0.321429 -0.833823 -2308123539665488694436214777247277732855808.000000 46
-0.425779 -0.904827 -4756853720969303055895291736164554126655488.000000 32
-0.309017 -0.951057 1475755182200009783242473402725003067129856.000000 47
-0.378100 -0.527404 -88727467306265346231769687211438980644995072.000000 52
-0.518255 -0.575515 419413301238199222307324785158343078738657280.000000 36
-0.433694 -0.622226 -51427841385116927618624092344731733667610624.000000 37
-0.535827 -0.844328 -7066843476651593337184246283193814198779904.000000 30
-0.425779 -0.904827 -4756853720969303055895291736164554126655488.000000 32
-0.409886 -0.779019 19512087777054895992616056878197122227240960.000000 45
0.298634 0.101634 18895973315653824600052137343671647338496.000000 156
0.172130 0.119981 -160109580065733952685546630402084270243840.000000 137
0.196515 -0.037934 65938290391311604605037810181225580593152.000000 140
-0.216863 0.007278 43186089670569320348984302108127020189745152.000000 80
-0.157522 -0.079215 678814474772161890742785924957954138701824.000000 85
-0.119199 0.038730 -7842709782015625207328537200415901281681408.000000 100
0.198854 -0.161776 55856871215622878242741458373428601946112.000000 141
0.210774 -0.256132 -78293536133339609457285700997889250033664.000000 142
0.330420 -0.149981 -13215955546084224267511172165113460293632.000000 160
-0.118071 -0.307241 20413596088562945538885467927362817776156672.000000 89
-0.195844 -0.197159 -58075889091833964649854795655168619909742592.000000 84
-0.234167 -0.315104 -58668290924278389708518643750232014377189376.000000 70
0.114121 -0.291515 672840830871115107500610120576680211775488.000000 124
0.235267 -0.407887 -229645131864207376610513867630909138665472.000000 143
0.210774 -0.256132 -78293536133339609457285700997889250033664.000000 142
0.114121 -0.291515 672840830871115107500610120576680211775488.000000 124
0.108328 -0.414177 827225093176849418377231693401797475434496.000000 123
0.235267 -0.407887 -229645131864207376610513867630909138665472.000000 143
0.198854 -0.161776 55856871215622878242741458373428601946112.000000 141
0.114121 -0.291515 672840830871115107500610120576680211775488.000000 124
0.210774 -0.256132 -78293536133339609457285700997889250033664.000000 142
0.067288 -0.173570 -687084740457702801604169258771367476592640.000000 121
-0.064278 -0.185365 7778059628689693022609875474273525211070464.000000 103
-0.001975 -0.299378 -3911341139679414642632131164766872780406784.000000 107
-0.012254 -0.470791 355299246051378607593188551249922732589056.000000 105
0.034327 -0.646921 -204008386105362948929807035322764208635904.000000 102
0.141155 -0.577727 -183155014326418608426017084587571574472704.000000 120
-0.064278 -0.185365 7778059628689693022609875474273525211070464.000000 103
-0.035536 -0.096906 304638471850883852964298703414514977603584.000000 104
-0.157522 -0.079215 678814474772161890742785924957954138701824.000000 85
-0.001975 -0.299378 -3911341139679414642632131164766872780406784.000000 107
-0.064278 -0.185365 7778059628689693022609875474273525211070464.000000 103
-0.118071 -0.307241 20413596088562945538885467927362817776156672.000000 89
0.067288 -0.173570 -687084740457702801604169258771367476592640.000000 121
-0.035536 -0.096906 304638471850883852964298703414514977603584.000000 104
-0.064278 -0.185365 7778059628689693022609875474273525211070464.000000 103
-0.330420 -0.149981 101412926864830240182223605972156205336887296.000000 66
-0.195844 -0.197159 -58075889091833964649854795655168619909742592.000000 84
-0.157522 -0.079215 678814474772161890742785924957954138701824.000000 85
-0.330420 -0.149981 101412926864830240182223605972156205336887296.000000 66
-0.346313 -0.275789 250808565938816436250108767712444885292285952.000000 64
-0.195844 -0.197159 -58075889091833964649854795655168619909742592.000000 84
-0.658594 0.038247 8537402431823504138560657223107383560851423232.000000 29
-0.576964 0.099699 -1351144675776377935517311606742968072618901504.000000 44
-0.708183 0.161636 3092140085123000280006257453206184985041567744.000000 28
-0.838383 -0.043527 142034343153493217399558513601070740328132116480.000000 12
-0.715365 -0.101593 -26332365646596940087535243029443691675580891136.000000 23
-0.773283 0.059054 -21902009009007073872897025616313875560793112576.000000 18
-0.584401 -0.096754 2248746801494708575382886372778200829108682752.000000 35
-0.469331 -0.217723 -711410364072163455162980900913902624522108928.000000 49
-0.441136 -0.097722 -52971431149638875013555445223728010720444416.000000 50
-0.715365 -0.101593 -26332365646596940087535243029443691675580891136.000000 23
-0.584401 -0.096754 2248746801494708575382886372778200829108682752.000000 35
-0.658594 0.038247 8537402431823504138560657223107383560851423232.000000 29
-0.773283 0.059054 -21902009009007073872897025616313875560793112576.000000 18
-0.715365 -0.101593 -26332365646596940087535243029443691675580891136.000000 23
-0.658594 0.038247 8537402431823504138560657223107383560851423232.000000 29
-0.680615 -0.197981 3362443827198953685194016528309617079059742720.000000 22
-0.569181 -0.223917 2961035215035206062388607265011186599477641216.000000 34
-0.584401 -0.096754 2248746801494708575382886372778200829108682752.000000 35
-0.792049 -0.172045 30512212561483057415147485984511797717685501952.000000 13
-0.680615 -0.197981 3362443827198953685194016528309617079059742720.000000 22
-0.715365 -0.101593 -26332365646596940087535243029443691675580891136.000000 23
-0.792049 -0.172045 30512212561483057415147485984511797717685501952.000000 13
-0.847640 -0.274036 126896994558405535550433313915812854575503769600.000000 11
-0.680489 -0.312940 -25400267798756340898723417563958645284923244544.000000 21
-0.715365 -0.101593 -26332365646596940087535243029443691675580891136.000000 23
-0.680615 -0.197981 3362443827198953685194016528309617079059742720.000000 22
-0.584401 -0.096754 2248746801494708575382886372778200829108682752.000000 35
-0.838383 -0.043527 142034343153493217399558513601070740328132116480.000000 12
-0.792049 -0.172045 30512212561483057415147485984511797717685501952.000000 13
-0.715365 -0.101593 -26332365646596940087535243029443691675580891136.000000 23
-0.314527 -0.024174 -97743590247666087473227099259018413978157056.000000 65
-0.298634 0.101634 -117915334016509547577699028944350290506678272.000000 73
-0.445745 0.037763 533768504820820150261637818554704467041714176.000000 54
-0.680489 -0.312940 -25400267798756340898723417563958645284923244544.000000 21
-0.592925 -0.376490 2283318825257476898413742352879484280114249728.000000 33
-0.569181 -0.223917 2961035215035206062388607265011186599477641216.000000 34
-0.569181 -0.223917 2961035215035206062388607265011186599477641216.000000 34
-0.592925 -0.376490 2283318825257476898413742352879484280114249728.000000 33
-0.443723 -0.339315 -1049254247462875346107188951570735067295645696.000000 48
-0.658410 -0.623625 -94369773646345815172733079255596552742240256.000000 24
-0.616669 -0.529062 -2488797463975671514844059046499572871633829888.000000 25
-0.735953 -0.529892 3242499359606817329205740779492288291521167360.000000 15
-0.658410 -0.623625 -94369773646345815172733079255596552742240256.000000 24
-0.534148 -0.701322 -65284114660584102693183927329387499204116480.000000 31
-0.518255 -0.575515 419413301238199222307324785158343078738657280.000000 36
-0.443723 -0.339315 -1049254247462875346107188951570735067295645696.000000 48
-0.469331 -0.217723 -711410364072163455162980900913902624522108928.000000 49
-0.569181 -0.223917 2961035215035206062388607265011186599477641216.000000 34
-0.362206 -0.401597 117950592191321732974475963366945079605329920.000000 53
-0.443723 -0.339315 -1049254247462875346107188951570735067295645696.000000 48
-0.486789 -0.444362 114624244755554372697198206919282139089338368.000000 38
-0.362206 -0.401597 117950592191321732974475963366945079605329920.000000 53
-0.346313 -0.275789 250808565938816436250108767712444885292285952.000000 64
-0.443723 -0.339315 -1049254247462875346107188951570735067295645696.000000 48
0.247982 -0.508533 -94741184379176642365767291306281661366272.000000 139
0.141155 -0.577727 -183155014326418608426017084587571574472704.000000 120
0.298781 -0.621760 37576201484747218256114869893818893729792.000000 138
-0.156928 -0.826197 1393673164838042961914754844756549711167488.000000 81
-0.072500 -0.716116 420987460228752667766436082919264808337408.000000 83
-0.166657 -0.668938 -4383705872947899419290891527567214957821952.000000 68
0.164458 -0.730094 104381935342370772344735483684403212713984.000000 119
0.177179 -0.862891 16268036648813850000371639678397677830144.000000 109
0.282937 -0.737084 -28202748470884367860599277635512246992896.000000 127
0.298781 -0.621760 37576201484747218256114869893818893729792.000000 138
0.164458 -0.730094 104381935342370772344735483684403212713984.000000 119
0.282937 -0.737084 -28202748470884367860599277635512246992896.000000 127
0.034327 -0.646921 -204008386105362948929807035322764208635904.000000 102
-0.005837 -0.810471 -202679439555099462121584547356468597227520.000000 101
0.164458 -0.730094 104381935342370772344735483684403212713984.000000 119
0.108328 -0.414177 827225093176849418377231693401797475434496.000000 123
0.247982 -0.508533 -94741184379176642365767291306281661366272.000000 139
0.235267 -0.407887 -229645131864207376610513867630909138665472.000000 143
-0.115913 -0.510892 -2007937946462771487421688235885408664158208.000000 88
-0.012254 -0.470791 355299246051378607593188551249922732589056.000000 105
-0.065162 -0.389016 -2698409370772803107999218596613772592283648.000000 106
-0.219573 -0.550993 13082752961231197015692715838889614871887872.000000 69
-0.115913 -0.510892 -2007937946462771487421688235885408664158208.000000 88
-0.145550 -0.426758 5705755895134227149813909274388756118372352.000000 87
-0.219573 -0.550993 13082752961231197015692715838889614871887872.000000 69
-0.166657 -0.668938 -4383705872947899419290891527567214957821952.000000 68
-0.115913 -0.510892 -2007937946462771487421688235885408664158208.000000 88
-0.115913 -0.510892 -2007937946462771487421688235885408664158208.000000 88
-0.042377 -0.593453 1343056426195920389149264097079758507999232.000000 86
-0.012254 -0.470791 355299246051378607593188551249922732589056.000000 105
0.378100 -0.527404 3199340939422964762561443342519046766592.000000 158
0.362206 -0.401597 49758049642591532960181949037187143041024.000000 159
0.247982 -0.508533 -94741184379176642365767291306281661366272.000000 139
