-0.903483 -0.146108 -878264460769361069929565409084009051338240425984.000000 5
-0.992115 -0.125333 7788813844440667529625266072028718930500324950016.000000 1
-0.968583 -0.248690 -892619006761814251361268162013599817648463413248.000000 2
-0.929776 -0.368125 71053178758418842777307577769734839203220422656.000000 3
-0.847640 -0.274036 253793989116811152230505042438307404940012683264.000000 11
-0.968583 -0.248690 -892619006761814251361268162013599817648463413248.000000 2
-0.838383 -0.043527 284068686306986434799117027202141480656264232960.000000 12
-1.000000 -0.000000 -674176194688776163962929015191288924933567021056.000000 4
-0.903483 -0.146108 -878264460769361069929565409084009051338240425984.000000 5
-0.791796 -0.401964 -54134594157753171466855437645117129188928651264.000000 10
-0.876307 -0.481754 5733139813923594577230170634765791163727216640.000000 6
-0.735953 -0.529892 6484998719213634658411481558984576583042334720.000000 15
-0.664439 -0.453191 24525468210072159669674588541227584209574428672.000000 20
-0.592925 -0.376490 4566637650514953796827484705758968560228499456.000000 33
-0.680489 -0.312940 -50800535597512691938651636953752502543472132096.000000 21
-0.616669 -0.529062 -4977594927951343663513418207113846491619262464.000000 25
-0.664439 -0.453191 24525468210072159669674588541227584209574428672.000000 20
-0.735953 -0.529892 6484998719213634658411481558984576583042334720.000000 15
-0.616669 -0.529062 -4977594927951343663513418207113846491619262464.000000 25
-0.592925 -0.376490 4566637650514953796827484705758968560228499456.000000 33
-0.664439 -0.453191 24525468210072159669674588541227584209574428672.000000 20
-0.847640 -0.274036 253793989116811152230505042438307404940012683264.000000 11
-0.929776 -0.368125 71053178758418842777307577769734839203220422656.000000 3
-0.791796 -0.401964 -54134594157753171466855437645117129188928651264.000000 10
-0.577982 0.366799 230991122962371393763015429866832335797747712.000000 58
-0.479568 0.320346 -120346877989380535780134762217092200739635200.000000 75
-0.512882 0.469380 -44317583601346264775640322141386358009102336.000000 77
-0.381154 0.273894 -126166407806123984941877851027874688184352768.000000 78
-0.528266 0.210023 531889768313647235471727182574426096767336448.000000 59
-0.413450 0.155828 260524424271693248175179776956981294980399104.000000 60
-0.389865 0.411315 39967927546755096498065773412692417027506176.000000 95
-0.479568 0.320346 -120346877989380535780134762217092200739635200.000000 75
-0.381154 0.273894 -126166407806123984941877851027874688184352768.000000 78
-0.250954 0.479057 -8360142932131914552961555892465604652695552.000000 114
-0.389865 0.411315 39967927546755096498065773412692417027506176.000000 95
-0.266847 0.353249 14492832331700116057965232246494397116448768.000000 98
-0.349368 0.525509 -8046031756952767927678284867023311170699264.000000 113
-0.447782 0.571962 10947696443311978200423761867179094383263744.000000 97
-0.389865 0.411315 39967927546755096498065773412692417027506176.000000 95
-0.577982 0.366799 230991122962371393763015429866832335797747712.000000 58
-0.528266 0.210023 531889768313647235471727182574426096767336448.000000 59
-0.479568 0.320346 -120346877989380535780134762217092200739635200.000000 75
-0.080876 0.156675 -1055803866166734007993851685300016448012288.000000 110
-0.042554 0.274619 1967300460559779542467290880400249117999104.000000 117
-0.162647 0.251030 -9131131116380895655907736573172757146107904.000000 99
-0.189755 0.129154 29228736676456559236171462980914881331462144.000000 93
-0.080876 0.156675 -1055803866166734007993851685300016448012288.000000 110
-0.162647 0.251030 -9131131116380895655907736573172757146107904.000000 99
-0.282741 0.227442 10197609878530235415661211705134466698575872.000000 79
-0.189755 0.129154 29228736676456559236171462980914881331462144.000000 93
-0.162647 0.251030 -9131131116380895655907736573172757146107904.000000 99
-0.298634 0.101634 -235830668033019055541316800756531784241381376.000000 73
-0.216863 0.007278 86372179341138601083887347084085243607515136.000000 80
-0.189755 0.129154 29228736676456559236171462980914881331462144.000000 93
0.198854 -0.161776 111713742431246162684558307262259905167360.000000 141
0.078503 -0.051694 -307354833421726532333537625717574085902336.000000 122
0.067288 -0.173570 -1374169480915408698058436730993422200995840.000000 121
0.125317 0.034143 -664144052590595185294488708575987186532352.000000 128
0.020079 0.059698 3042441008179318210752704556092800651755520.000000 118
0.078503 -0.051694 -307354833421726532333537625717574085902336.000000 122
0.196515 -0.037934 131876580782622938410692026685516027002880.000000 140
0.125317 0.034143 -664144052590595185294488708575987186532352.000000 128
0.078503 -0.051694 -307354833421726532333537625717574085902336.000000 122
0.172130 0.119981 -320219160131467557200457211790966225108992.000000 137
0.020079 0.059698 3042441008179318210752704556092800651755520.000000 118
0.125317 0.034143 -664144052590595185294488708575987186532352.000000 128
0.282741 0.227442 18088218545811775572713520573099142021120.000000 155
0.172130 0.119981 -320219160131467557200457211790966225108992.000000 137
0.298634 0.101634 37791946631307629857291160853276499378176.000000 156
0.282741 0.227442 18088218545811775572713520573099142021120.000000 155
0.163714 0.327039 -40238671045605480549794759289414059294720.000000 153
0.167922 0.223510 244237392159859968885702338952820485521408.000000 147
-0.080876 0.156675 -1055803866166734007993851685300016448012288.000000 110
-0.119199 0.038730 -15685419564031235559376602976268503773872128.000000 100
0.020079 0.059698 3042441008179318210752704556092800651755520.000000 118
-0.838383 -0.043527 284068686306986434799117027202141480656264232960.000000 12
-0.915249 0.040903 48702929962595458473285360439365680668807790592.000000 9
-1.000000 -0.000000 -674176194688776163962929015191288924933567021056.000000 4
-0.903483 -0.146108 -878264460769361069929565409084009051338240425984.000000 5
-1.000000 -0.000000 -674176194688776163962929015191288924933567021056.000000 4
-0.992115 -0.125333 7788813844440667529625266072028718930500324950016.000000 1
-0.362206 -0.401597 235901184382643465948951926733890159210659840.000000 53
-0.378100 -0.527404 -177454934612530732077620631555046758061965312.000000 52
-0.272489 -0.433048 10826926473299094445491791646668980670693376.000000 67
-0.847640 -0.274036 253793989116811152230505042438307404940012683264.000000 11
-0.903483 -0.146108 -878264460769361069929565409084009051338240425984.000000 5
-0.968583 -0.248690 -892619006761814251361268162013599817648463413248.000000 2
-0.847640 -0.274036 253793989116811152230505042438307404940012683264.000000 11
-0.792049 -0.172045 61024425122966114830294971969023595435371003904.000000 13
-0.903483 -0.146108 -878264460769361069929565409084009051338240425984.000000 5
-0.876307 -0.481754 5733139813923594577230170634765791163727216640.000000 6
-0.791796 -0.401964 -54134594157753171466855437645117129188928651264.000000 10
-0.929776 -0.368125 71053178758418842777307577769734839203220422656.000000 3
-0.664439 -0.453191 24525468210072159669674588541227584209574428672.000000 20
-0.791796 -0.401964 -54134594157753171466855437645117129188928651264.000000 10
-0.735953 -0.529892 6484998719213634658411481558984576583042334720.000000 15
-0.680615 -0.197981 6724887654397911173339833741307438648229101568.000000 22
-0.680489 -0.312940 -50800535597512691938651636953752502543472132096.000000 21
-0.569181 -0.223917 5922070430070413392427814758251774695658487808.000000 34
-0.680615 -0.197981 6724887654397911173339833741307438648229101568.000000 22
-0.792049 -0.172045 61024425122966114830294971969023595435371003904.000000 13
-0.680489 -0.312940 -50800535597512691938651636953752502543472132096.000000 21
-0.515073 -0.029496 -4461319587085438976773148277220473178370867200.000000 39
-0.441136 -0.097722 -105942862299278265010167233165650379476566016.000000 50
-0.445745 0.037763 1067537009641639825154300551523383372819726336.000000 54
-0.330420 -0.149981 202825853729660599206690983340818800989700096.000000 66
-0.469331 -0.217723 -1422820728144327385694936887413830810307919872.000000 49
-0.346313 -0.275789 501617131877632951728380049689227364128522240.000000 64
-0.838383 -0.043527 284068686306986434799117027202141480656264232960.000000 12
-0.903483 -0.146108 -878264460769361069929565409084009051338240425984.000000 5
-0.792049 -0.172045 61024425122966114830294971969023595435371003904.000000 13
-0.735953 -0.529892 6484998719213634658411481558984576583042334720.000000 15
-0.809017 -0.587785 -4317562977065943724844392134350074395431534592.000000 7
-0.728969 -0.684547 -1414099866012035398788328337541560846172291072.000000 14
-0.346313 -0.275789 501617131877632951728380049689227364128522240.000000 64
-0.469331 -0.217723 -1422820728144327385694936887413830810307919872.000000 49
-0.443723 -0.339315 -2098508494925751009127027960198820508767092736.000000 48
-0.876307 -0.481754 5733139813923594577230170634765791163727216640.000000 6
-0.809017 -0.587785 -4317562977065943724844392134350074395431534592.000000 7
-0.735953 -0.529892 6484998719213634658411481558984576583042334720.000000 15
-0.309017 0.951057 -161592428076233473451110410090307462889472.000000 148
-0.317582 0.777124 317705659952887359964825046131378780897280.000000 131
-0.203275 0.856480 -8950208968837648172960909601190474416128.000000 149
-0.915249 0.040903 48702929962595458473285360439365680668807790592.000000 9
-0.992115 0.125333 65954928132241977763738201558421875823355101184.000000 8
-1.000000 -0.000000 -674176194688776163962929015191288924933567021056.000000 4
-0.773283 0.059054 -43804018018014132533986848493874933161147760640.000000 18
-0.915249 0.040903 48702929962595458473285360439365680668807790592.000000 9
-0.838383 -0.043527 284068686306986434799117027202141480656264232960.000000 12
-0.773283 0.059054 -43804018018014132533986848493874933161147760640.000000 18
-0.838383 0.205163 -13170993933341354838373316333254862839392239616.000000 17
-0.915249 0.040903 48702929962595458473285360439365680668807790592.000000 9
-0.317582 0.777124 317705659952887359964825046131378780897280.000000 131
-0.309017 0.951057 -161592428076233473451110410090307462889472.000000 148
-0.425779 0.904827 234058662744249960683358272665945322291200.000000 130
-0.447782 0.737755 -849184937456890757616539848698006960340992.000000 112
-0.425779 0.904827 234058662744249960683358272665945322291200.000000 130
-0.535827 0.844328 -270173224251262574297150682003747308044288.000000 111
-0.992115 0.125333 65954928132241977763738201558421875823355101184.000000 8
-0.915249 0.040903 48702929962595458473285360439365680668807790592.000000 9
-0.838383 0.205163 -13170993933341354838373316333254862839392239616.000000 17
-0.382682 0.674543 -1255788635077177329941249491868087044014080.000000 115
-0.447782 0.571962 10947696443311978200423761867179094383263744.000000 97
-0.349368 0.525509 -8046031756952767927678284867023311170699264.000000 113
-0.425779 0.904827 234058662744249960683358272665945322291200.000000 130
-0.447782 0.737755 -849184937456890757616539848698006960340992.000000 112
-0.317582 0.777124 317705659952887359964825046131378780897280.000000 131
-0.382682 0.674543 -1255788635077177329941249491868087044014080.000000 115
-0.349368 0.525509 -8046031756952767927678284867023311170699264.000000 113
-0.235061 0.604864 2613943562683403944777311556372328211283968.000000 132
-0.816683 0.308437 2733948764474484633840904401614796761585418240.000000 27
-0.968583 0.248690 -8542937962468359181007295692299910921098100736.000000 16
-0.838383 0.205163 -13170993933341354838373316333254862839392239616.000000 17
-0.816683 0.308437 2733948764474484633840904401614796761585418240.000000 27
-0.929776 0.368125 838297303070363082039965039666143202987999232.000000 26
-0.968583 0.248690 -8542937962468359181007295692299910921098100736.000000 16
-0.708183 0.161636 6184280170245996757060714221724165479973519360.000000 28
-0.816683 0.308437 2733948764474484633840904401614796761585418240.000000 27
-0.838383 0.205163 -13170993933341354838373316333254862839392239616.000000 17
-0.794983 0.411712 -490309613220842113694727142342715002247446528.000000 41
-0.929776 0.368125 838297303070363082039965039666143202987999232.000000 26
-0.816683 0.308437 2733948764474484633840904401614796761585418240.000000 27
-0.314527 -0.024174 -195487180495332016490129169989361640868413440.000000 65
-0.330420 -0.149981 202825853729660599206690983340818800989700096.000000 66
-0.157522 -0.079215 1357628949544273644913980792014774862872576.000000 85
-0.080876 0.156675 -1055803866166734007993851685300016448012288.000000 110
-0.189755 0.129154 29228736676456559236171462980914881331462144.000000 93
-0.119199 0.038730 -15685419564031235559376602976268503773872128.000000 100
-0.576964 0.099699 -2702289351552754920296673042313885022710398976.000000 44
-0.528266 0.210023 531889768313647235471727182574426096767336448.000000 59
-0.643082 0.264217 -591787969131346812048368333712939113471016960.000000 43
-0.773283 0.059054 -43804018018014132533986848493874933161147760640.000000 18
-0.658594 0.038247 17074804863647005741820113989755964128296435712.000000 29
-0.708183 0.161636 6184280170245996757060714221724165479973519360.000000 28
-0.445745 0.037763 1067537009641639825154300551523383372819726336.000000 54
-0.413450 0.155828 260524424271693248175179776956981294980399104.000000 60
-0.576964 0.099699 -2702289351552754920296673042313885022710398976.000000 44
-0.216863 0.007278 86372179341138601083887347084085243607515136.000000 80
-0.298634 0.101634 -235830668033019055541316800756531784241381376.000000 73
-0.314527 -0.024174 -195487180495332016490129169989361640868413440.000000 65
-0.157522 -0.079215 1357628949544273644913980792014774862872576.000000 85
-0.216863 0.007278 86372179341138601083887347084085243607515136.000000 80
-0.314527 -0.024174 -195487180495332016490129169989361640868413440.000000 65
-0.119199 0.038730 -15685419564031235559376602976268503773872128.000000 100
-0.189755 0.129154 29228736676456559236171462980914881331462144.000000 93
-0.216863 0.007278 86372179341138601083887347084085243607515136.000000 80
-0.576964 0.099699 -2702289351552754920296673042313885022710398976.000000 44
-0.643082 0.264217 -591787969131346812048368333712939113471016960.000000 43
-0.708183 0.161636 6184280170245996757060714221724165479973519360.000000 28
-0.413450 0.155828 260524424271693248175179776956981294980399104.000000 60
-0.528266 0.210023 531889768313647235471727182574426096767336448.000000 59
-0.576964 0.099699 -2702289351552754920296673042313885022710398976.000000 44
-0.298634 0.101634 -235830668033019055541316800756531784241381376.000000 73
-0.413450 0.155828 260524424271693248175179776956981294980399104.000000 60
-0.445745 0.037763 1067537009641639825154300551523383372819726336.000000 54
-0.298634 0.101634 -235830668033019055541316800756531784241381376.000000 73
-0.282741 0.227442 10197609878530235415661211705134466698575872.000000 79
-0.413450 0.155828 260524424271693248175179776956981294980399104.000000 60
-0.381154 0.273894 -126166407806123984941877851027874688184352768.000000 78
-0.266847 0.353249 14492832331700116057965232246494397116448768.000000 98
-0.389865 0.411315 39967927546755096498065773412692417027506176.000000 95
-0.381154 0.273894 -126166407806123984941877851027874688184352768.000000 78
-0.282741 0.227442 10197609878530235415661211705134466698575872.000000 79
-0.266847 0.353249 14492832331700116057965232246494397116448768.000000 98
-0.528266 0.210023 531889768313647235471727182574426096767336448.000000 59
-0.381154 0.273894 -126166407806123984941877851027874688184352768.000000 78
-0.479568 0.320346 -120346877989380535780134762217092200739635200.000000 75
-0.413450 0.155828 260524424271693248175179776956981294980399104.000000 60
-0.282741 0.227442 10197609878530235415661211705134466698575872.000000 79
-0.381154 0.273894 -126166407806123984941877851027874688184352768.000000 78
-0.577982 0.366799 230991122962371393763015429866832335797747712.000000 58
-0.643082 0.264217 -591787969131346812048368333712939113471016960.000000 43
-0.528266 0.210023 531889768313647235471727182574426096767336448.000000 59
-0.577982 0.366799 230991122962371393763015429866832335797747712.000000 58
-0.610532 0.481301 254122232238701612938552181872848176838344704.000000 57
-0.719033 0.337964 -1326395668674476457387575842742672365409271808.000000 42
-0.621382 0.574733 -47016886415096774790178361502390166732406784.000000 76
-0.708183 0.493222 294230392218434389024263794840977458625249280.000000 56
-0.610532 0.481301 254122232238701612938552181872848176838344704.000000 57
-0.719033 0.337964 -1326395668674476457387575842742672365409271808.000000 42
-0.816683 0.308437 2733948764474484633840904401614796761585418240.000000 27
-0.708183 0.161636 6184280170245996757060714221724165479973519360.000000 28
-0.577982 0.366799 230991122962371393763015429866832335797747712.000000 58
-0.719033 0.337964 -1326395668674476457387575842742672365409271808.000000 42
-0.643082 0.264217 -591787969131346812048368333712939113471016960.000000 43
-0.794983 0.411712 -490309613220842113694727142342715002247446528.000000 41
-0.816683 0.308437 2733948764474484633840904401614796761585418240.000000 27
-0.719033 0.337964 -1326395668674476457387575842742672365409271808.000000 42
-0.708183 0.493222 294230392218434389024263794840977458625249280.000000 56
-0.794983 0.411712 -490309613220842113694727142342715002247446528.000000 41
-0.719033 0.337964 -1326395668674476457387575842742672365409271808.000000 42
-0.610532 0.481301 254122232238701612938552181872848176838344704.000000 57
-0.708183 0.493222 294230392218434389024263794840977458625249280.000000 56
-0.719033 0.337964 -1326395668674476457387575842742672365409271808.000000 42
-0.512882 0.469380 -44317583601346264775640322141386358009102336.000000 77
-0.610532 0.481301 254122232238701612938552181872848176838344704.000000 57
-0.577982 0.366799 230991122962371393763015429866832335797747712.000000 58
-0.512882 0.469380 -44317583601346264775640322141386358009102336.000000 77
-0.621382 0.574733 -47016886415096774790178361502390166732406784.000000 76
-0.610532 0.481301 254122232238701612938552181872848176838344704.000000 57
-0.621382 0.574733 -47016886415096774790178361502390166732406784.000000 76
-0.809017 0.587785 -73230170272972458522154880124051558965968896.000000 55
-0.708183 0.493222 294230392218434389024263794840977458625249280.000000 56
-0.876307 0.481754 -67792933687675784419851787821884596398587904.000000 40
-0.929776 0.368125 838297303070363082039965039666143202987999232.000000 26
-0.794983 0.411712 -490309613220842113694727142342715002247446528.000000 41
-0.445745 0.037763 1067537009641639825154300551523383372819726336.000000 54
-0.441136 -0.097722 -105942862299278265010167233165650379476566016.000000 50
-0.314527 -0.024174 -195487180495332016490129169989361640868413440.000000 65
-0.838383 0.205163 -13170993933341354838373316333254862839392239616.000000 17
-0.773283 0.059054 -43804018018014132533986848493874933161147760640.000000 18
-0.708183 0.161636 6184280170245996757060714221724165479973519360.000000 28
-0.643082 0.264217 -591787969131346812048368333712939113471016960.000000 43
-0.719033 0.337964 -1326395668674476457387575842742672365409271808.000000 42
-0.708183 0.161636 6184280170245996757060714221724165479973519360.000000 28
-0.968583 0.248690 -8542937962468359181007295692299910921098100736.000000 16
-0.992115 0.125333 65954928132241977763738201558421875823355101184.000000 8
-0.838383 0.205163 -13170993933341354838373316333254862839392239616.000000 17
-0.515073 -0.029496 -4461319587085438976773148277220473178370867200.000000 39
-0.576964 0.099699 -2702289351552754920296673042313885022710398976.000000 44
-0.658594 0.038247 17074804863647005741820113989755964128296435712.000000 29
-0.441136 -0.097722 -105942862299278265010167233165650379476566016.000000 50
-0.515073 -0.029496 -4461319587085438976773148277220473178370867200.000000 39
-0.584401 -0.096754 4497493602989421587542873544359306896678584320.000000 35
-0.445745 0.037763 1067537009641639825154300551523383372819726336.000000 54
-0.576964 0.099699 -2702289351552754920296673042313885022710398976.000000 44
-0.515073 -0.029496 -4461319587085438976773148277220473178370867200.000000 39
-0.794983 0.411712 -490309613220842113694727142342715002247446528.000000 41
-0.708183 0.493222 294230392218434389024263794840977458625249280.000000 56
-0.876307 0.481754 -67792933687675784419851787821884596398587904.000000 40
-0.447782 0.571962 10947696443311978200423761867179094383263744.000000 97
-0.534582 0.656244 5371273408229783494911092090333036745326592.000000 96
-0.621382 0.574733 -47016886415096774790178361502390166732406784.000000 76
-0.389865 0.411315 39967927546755096498065773412692417027506176.000000 95
-0.447782 0.571962 10947696443311978200423761867179094383263744.000000 97
-0.512882 0.469380 -44317583601346264775640322141386358009102336.000000 77
-0.479568 0.320346 -120346877989380535780134762217092200739635200.000000 75
-0.389865 0.411315 39967927546755096498065773412692417027506176.000000 95
-0.512882 0.469380 -44317583601346264775640322141386358009102336.000000 77
-0.250954 0.479057 -8360142932131914552961555892465604652695552.000000 114
-0.235061 0.604864 2613943562683403944777311556372328211283968.000000 132
-0.349368 0.525509 -8046031756952767927678284867023311170699264.000000 113
-0.382682 0.674543 -1255788635077177329941249491868087044014080.000000 115
-0.534582 0.656244 5371273408229783494911092090333036745326592.000000 96
-0.447782 0.571962 10947696443311978200423761867179094383263744.000000 97
-0.728969 0.684547 36239033953833159311192384840943425397194752.000000 74
-0.809017 0.587785 -73230170272972458522154880124051558965968896.000000 55
-0.621382 0.574733 -47016886415096774790178361502390166732406784.000000 76
-0.447782 0.737755 -849184937456890757616539848698006960340992.000000 112
-0.382682 0.674543 -1255788635077177329941249491868087044014080.000000 115
-0.317582 0.777124 317705659952887359964825046131378780897280.000000 131
-0.534582 0.656244 5371273408229783494911092090333036745326592.000000 96
-0.447782 0.737755 -849184937456890757616539848698006960340992.000000 112
-0.535827 0.844328 -270173224251262574297150682003747308044288.000000 111
-0.534582 0.656244 5371273408229783494911092090333036745326592.000000 96
-0.382682 0.674543 -1255788635077177329941249491868087044014080.000000 115
-0.447782 0.737755 -849184937456890757616539848698006960340992.000000 112
-0.728969 0.684547 36239033953833159311192384840943425397194752.000000 74
-0.631775 0.670396 2889706521905236648764685440904201592897536.000000 92
-0.637424 0.770513 -7211181501276822408493738527097976709447680.000000 94
-0.621382 0.574733 -47016886415096774790178361502390166732406784.000000 76
-0.512882 0.469380 -44317583601346264775640322141386358009102336.000000 77
-0.447782 0.571962 10947696443311978200423761867179094383263744.000000 97
-0.631775 0.670396 2889706521905236648764685440904201592897536.000000 92
-0.534582 0.656244 5371273408229783494911092090333036745326592.000000 96
-0.637424 0.770513 -7211181501276822408493738527097976709447680.000000 94
-0.621382 0.574733 -47016886415096774790178361502390166732406784.000000 76
-0.631775 0.670396 2889706521905236648764685440904201592897536.000000 92
-0.728969 0.684547 36239033953833159311192384840943425397194752.000000 74
-0.621382 0.574733 -47016886415096774790178361502390166732406784.000000 76
-0.534582 0.656244 5371273408229783494911092090333036745326592.000000 96
-0.631775 0.670396 2889706521905236648764685440904201592897536.000000 92
0.794983 0.411712 -28162083780637515798678105148176203776.000000 236
0.929776 0.368125 -28049124253892246993865391175968489472.000000 237
0.876307 0.481754 61001082834071666815294196407670407168.000000 242
0.708183 0.493222 -85016088084308016856749373878830104576.000000 238
0.794983 0.411712 -28162083780637515798678105148176203776.000000 236
0.876307 0.481754 61001082834071666815294196407670407168.000000 242
0.610532 0.481301 145558344702744583544361572595799162880.000000 223
0.577982 0.366799 -247619771362643819547268664574930321408.000000 208
0.719033 0.337964 91005143321603334511561788214288056320.000000 222
0.349368 0.525509 4573752759563765193691171487694356217856.000000 189
0.512882 0.469380 -956105793200151082911789198748355133440.000000 207
0.447782 0.571962 -1353035636110978926260650684302470676480.000000 205
0.349368 0.525509 4573752759563765193691171487694356217856.000000 189
0.422415 0.360024 1087690016361350529660187246444259835904.000000 190
0.512882 0.469380 -956105793200151082911789198748355133440.000000 207
0.445745 0.037763 -1356331838294418591999076261791551979520.000000 170
0.314527 -0.024174 -29832725229460336204391040442496517668864.000000 157
0.441136 -0.097722 12327656442670649564132082615209359835136.000000 175
0.643082 0.264217 -468570967833618103644248067694653341696.000000 206
0.522968 0.251959 1233151120802219585748314037072106094592.000000 191
0.571666 0.141635 1873692663547355184933649653700319248384.000000 188
0.794983 0.245918 97515349894980070305742736549692309504.000000 220
0.719033 0.337964 91005143321603334511561788214288056320.000000 222
0.643082 0.264217 -468570967833618103644248067694653341696.000000 206
0.870933 0.153872 45745070551118391204853875269213093888.000000 219
0.794983 0.245918 97515349894980070305742736549692309504.000000 220
0.708183 0.161636 -327788517443578237661392065760893861888.000000 204
0.870933 0.153872 45745070551118391204853875269213093888.000000 219
0.968583 0.248690 -41137814962266618545790389785987121152.000000 230
0.794983 0.245918 97515349894980070305742736549692309504.000000 220
0.577982 0.366799 -247619771362643819547268664574930321408.000000 208
0.422415 0.360024 1087690016361350529660187246444259835904.000000 190
0.522968 0.251959 1233151120802219585748314037072106094592.000000 191
0.040329 0.180264 -643287105113738458831515431814094210990080.000000 129
0.167922 0.223510 244237392159859968885702338952820485521408.000000 147
0.060580 0.300829 -158020817389384328047898345768418443001856.000000 136
0.794983 0.245918 97515349894980070305742736549692309504.000000 220
0.643082 0.264217 -468570967833618103644248067694653341696.000000 206
0.708183 0.161636 -327788517443578237661392065760893861888.000000 204
0.708183 0.493222 -85016088084308016856749373878830104576.000000 238
0.719033 0.337964 91005143321603334511561788214288056320.000000 222
0.794983 0.411712 -28162083780637515798678105148176203776.000000 236
0.577982 0.366799 -247619771362643819547268664574930321408.000000 208
0.643082 0.264217 -468570967833618103644248067694653341696.000000 206
0.719033 0.337964 91005143321603334511561788214288056320.000000 222
0.915249 0.040903 -6973586211451687087569283704424497152.000000 228
0.773283 0.059054 23684598810494117050908715429367119872.000000 215
0.838383 -0.043527 -79241026200968766057894340202795630592.000000 225
1.000000 -0.000000 53870269831804684353169610815628640256.000000 240
0.915249 0.040903 -6973586211451687087569283704424497152.000000 228
0.838383 -0.043527 -79241026200968766057894340202795630592.000000 225
0.992115 0.125333 -13925494545176512496942503756778438656.000000 233
0.968583 0.248690 -41137814962266618545790389785987121152.000000 230
0.870933 0.153872 45745070551118391204853875269213093888.000000 219
0.794983 0.245918 97515349894980070305742736549692309504.000000 220
0.929776 0.368125 -28049124253892246993865391175968489472.000000 237
0.794983 0.411712 -28162083780637515798678105148176203776.000000 236
0.062791 0.998027 -1347135388585865874130723653064463482880.000000 198
0.023973 0.872212 -421966520040800229790995839363256942592.000000 184
0.187381 0.982287 -1868378329533610764365812550899907690496.000000 199
0.425779 0.904827 310876196119071224178307982871983292416.000000 216
0.309017 0.951057 -2910952183304527672373982567360731545600.000000 214
0.360982 0.819266 1271155414187251891116400597296918560768.000000 203
0.309017 0.951057 -2910952183304527672373982567360731545600.000000 214
0.203275 0.856480 7567770681095324531462586735521089716224.000000 200
0.360982 0.819266 1271155414187251891116400597296918560768.000000 203
0.382682 0.674543 3723446942034556892080023926627138273280.000000 202
0.447782 0.737755 -905931927327351723082190282413456752640.000000 218
0.360982 0.819266 1271155414187251891116400597296918560768.000000 203
0.512882 0.469380 -956105793200151082911789198748355133440.000000 207
0.621382 0.574733 396692724219380724661557860781078347776.000000 221
0.447782 0.571962 -1353035636110978926260650684302470676480.000000 205
0.719033 0.337964 91005143321603334511561788214288056320.000000 222
0.708183 0.493222 -85016088084308016856749373878830104576.000000 238
0.610532 0.481301 145558344702744583544361572595799162880.000000 223
0.809017 0.587785 -93656206567427449683430492286083923968.000000 235
0.728969 0.684547 -128071618991314291657039598366996037632.000000 234
0.621382 0.574733 396692724219380724661557860781078347776.000000 221
0.621382 0.574733 396692724219380724661557860781078347776.000000 221
0.534582 0.656244 -277175685268715594901966643543903567872.000000 217
0.447782 0.571962 -1353035636110978926260650684302470676480.000000 205
0.809017 0.587785 -93656206567427449683430492286083923968.000000 235
0.621382 0.574733 396692724219380724661557860781078347776.000000 221
0.708183 0.493222 -85016088084308016856749373878830104576.000000 238
0.631775 0.670396 -5630682592426629076046798777103679488.000000 229
0.534582 0.656244 -277175685268715594901966643543903567872.000000 217
0.621382 0.574733 396692724219380724661557860781078347776.000000 221
0.728969 0.684547 -128071618991314291657039598366996037632.000000 234
0.631775 0.670396 -5630682592426629076046798777103679488.000000 229
0.621382 0.574733 396692724219380724661557860781078347776.000000 221
0.728969 0.684547 -128071618991314291657039598366996037632.000000 234
0.637424 0.770513 40551583996041238334556958866928566272.000000 231
0.631775 0.670396 -5630682592426629076046798777103679488.000000 229
0.447782 0.737755 -905931927327351723082190282413456752640.000000 218
0.425779 0.904827 310876196119071224178307982871983292416.000000 216
0.360982 0.819266 1271155414187251891116400597296918560768.000000 203
0.794983 0.245918 97515349894980070305742736549692309504.000000 220
0.794983 0.411712 -28162083780637515798678105148176203776.000000 236
0.719033 0.337964 91005143321603334511561788214288056320.000000 222
0.610532 0.481301 145558344702744583544361572595799162880.000000 223
0.621382 0.574733 396692724219380724661557860781078347776.000000 221
0.512882 0.469380 -956105793200151082911789198748355133440.000000 207
0.577982 0.366799 -247619771362643819547268664574930321408.000000 208
0.610532 0.481301 145558344702744583544361572595799162880.000000 223
0.512882 0.469380 -956105793200151082911789198748355133440.000000 207
0.708183 0.493222 -85016088084308016856749373878830104576.000000 238
0.621382 0.574733 396692724219380724661557860781078347776.000000 221
0.610532 0.481301 145558344702744583544361572595799162880.000000 223
0.637424 0.770513 40551583996041238334556958866928566272.000000 231
0.534582 0.656244 -277175685268715594901966643543903567872.000000 217
0.631775 0.670396 -5630682592426629076046798777103679488.000000 229
0.637424 0.770513 40551583996041238334556958866928566272.000000 231
0.535827 0.844328 323892394904926471713769343026620006400.000000 232
0.534582 0.656244 -277175685268715594901966643543903567872.000000 217
0.235061 0.604864 -10058052795996841435272899793224319631360.000000 186
0.219168 0.730672 -13258218845195982493730126963224984158208.000000 187
0.072414 0.628453 109290573072828443527602769705534817828864.000000 169
0.447782 0.737755 -905931927327351723082190282413456752640.000000 218
0.535827 0.844328 323892394904926471713769343026620006400.000000 232
0.425779 0.904827 310876196119071224178307982871983292416.000000 216
0.534582 0.656244 -277175685268715594901966643543903567872.000000 217
0.447782 0.737755 -905931927327351723082190282413456752640.000000 218
0.382682 0.674543 3723446942034556892080023926627138273280.000000 202
0.534582 0.656244 -277175685268715594901966643543903567872.000000 217
0.535827 0.844328 323892394904926471713769343026620006400.000000 232
0.447782 0.737755 -905931927327351723082190282413456752640.000000 218
-0.135539 0.372907 47837396194686656909398239281404899753984.000000 116
-0.250954 0.479057 -8360142932131914552961555892465604652695552.000000 114
-0.266847 0.353249 14492832331700116057965232246494397116448768.000000 98
0.060580 0.300829 -158020817389384328047898345768418443001856.000000 136
-0.004231 0.392564 -505193790933396466551408004451775952191488.000000 135
-0.042554 0.274619 1967300460559779542467290880400249117999104.000000 117
0.040329 0.180264 -643287105113738458831515431814094210990080.000000 129
0.060580 0.300829 -158020817389384328047898345768418443001856.000000 136
-0.042554 0.274619 1967300460559779542467290880400249117999104.000000 117
0.163714 0.327039 -40238671045605480549794759289414059294720.000000 153
0.123361 0.435810 115086034486768069870588189939787817287680.000000 154
0.060580 0.300829 -158020817389384328047898345768418443001856.000000 136
-0.080876 0.156675 -1055803866166734007993851685300016448012288.000000 110
0.020079 0.059698 3042441008179318210752704556092800651755520.000000 118
0.040329 0.180264 -643287105113738458831515431814094210990080.000000 129
0.266847 0.353249 -11725517063018997067563734371210081861632.000000 172
0.250954 0.479057 -16172418180618625496174448400142367195136.000000 171
0.123361 0.435810 115086034486768069870588189939787817287680.000000 154
-0.108431 0.494783 1140752073252262800043193246805128160215040.000000 133
-0.250954 0.479057 -8360142932131914552961555892465604652695552.000000 114
-0.135539 0.372907 47837396194686656909398239281404899753984.000000 116
-0.004231 0.392564 -505193790933396466551408004451775952191488.000000 135
-0.108431 0.494783 1140752073252262800043193246805128160215040.000000 133
-0.135539 0.372907 47837396194686656909398239281404899753984.000000 116
0.034091 0.510509 -44534995082708359246457020016821142552576.000000 151
0.072414 0.628453 109290573072828443527602769705534817828864.000000 169
-0.081324 0.616659 -591281804224690158255121343130892020744192.000000 152
0.034091 0.510509 -44534995082708359246457020016821142552576.000000 151
0.123361 0.435810 115086034486768069870588189939787817287680.000000 154
0.134576 0.557687 -29974508947838437745159183939293683908608.000000 168
0.381154 0.273894 263730240916629919842221475101973413888.000000 173
0.266847 0.353249 -11725517063018997067563734371210081861632.000000 172
0.282741 0.227442 18088218545811775572713520573099142021120.000000 155
0.413450 0.155828 -9178035670812026083952721396582401966080.000000 174
0.445745 0.037763 -1356331838294418591999076261791551979520.000000 170
0.571666 0.141635 1873692663547355184933649653700319248384.000000 188
0.282741 0.227442 18088218545811775572713520573099142021120.000000 155
0.413450 0.155828 -9178035670812026083952721396582401966080.000000 174
0.381154 0.273894 263730240916629919842221475101973413888.000000 173
0.298634 0.101634 37791946631307629857291160853276499378176.000000 156
0.445745 0.037763 -1356331838294418591999076261791551979520.000000 170
0.413450 0.155828 -9178035670812026083952721396582401966080.000000 174
0.577982 0.366799 -247619771362643819547268664574930321408.000000 208
0.512882 0.469380 -956105793200151082911789198748355133440.000000 207
0.422415 0.360024 1087690016361350529660187246444259835904.000000 190
0.134576 0.557687 -29974508947838437745159183939293683908608.000000 168
0.235061 0.604864 -10058052795996841435272899793224319631360.000000 186
0.072414 0.628453 109290573072828443527602769705534817828864.000000 169
0.034091 0.510509 -44534995082708359246457020016821142552576.000000 151
0.134576 0.557687 -29974508947838437745159183939293683908608.000000 168
0.072414 0.628453 109290573072828443527602769705534817828864.000000 169
0.123361 0.435810 115086034486768069870588189939787817287680.000000 154
0.250954 0.479057 -16172418180618625496174448400142367195136.000000 171
0.134576 0.557687 -29974508947838437745159183939293683908608.000000 168
0.422415 0.360024 1087690016361350529660187246444259835904.000000 190
0.349368 0.525509 4573752759563765193691171487694356217856.000000 189
0.266847 0.353249 -11725517063018997067563734371210081861632.000000 172
0.349368 0.525509 4573752759563765193691171487694356217856.000000 189
0.235061 0.604864 -10058052795996841435272899793224319631360.000000 186
0.250954 0.479057 -16172418180618625496174448400142367195136.000000 171
0.266847 0.353249 -11725517063018997067563734371210081861632.000000 172
0.349368 0.525509 4573752759563765193691171487694356217856.000000 189
0.250954 0.479057 -16172418180618625496174448400142367195136.000000 171
0.447782 0.571962 -1353035636110978926260650684302470676480.000000 205
0.382682 0.674543 3723446942034556892080023926627138273280.000000 202
0.349368 0.525509 4573752759563765193691171487694356217856.000000 189
0.023973 0.872212 -421966520040800229790995839363256942592.000000 184
0.062791 0.998027 -1347135388585865874130723653064463482880.000000 198
-0.062791 0.998027 8254298891455014272463372461521644814336.000000 182
-0.089651 0.864346 -46358713025502097630735676359824793141248.000000 166
0.023973 0.872212 -421966520040800229790995839363256942592.000000 184
-0.062791 0.998027 8254298891455014272463372461521644814336.000000 182
-0.187381 0.982287 43435895398618123996533539731654077054976.000000 165
-0.089651 0.864346 -46358713025502097630735676359824793141248.000000 166
-0.062791 0.998027 8254298891455014272463372461521644814336.000000 182
-0.203275 0.856480 -8950208968837648172960909601190474416128.000000 149
-0.109200 0.735914 168333186274144135030952999391587263840256.000000 150
-0.089651 0.864346 -46358713025502097630735676359824793141248.000000 166
0.000768 0.741156 73432050653187335302569083976127931744256.000000 167
0.110736 0.746398 -31570236329263628349749642261821114023936.000000 183
0.023973 0.872212 -421966520040800229790995839363256942592.000000 184
0.219168 0.730672 -13258218845195982493730126963224984158208.000000 187
0.110736 0.746398 -31570236329263628349749642261821114023936.000000 183
0.072414 0.628453 109290573072828443527602769705534817828864.000000 169
0.203275 0.856480 7567770681095324531462586735521089716224.000000 200
0.187381 0.982287 -1868378329533610764365812550899907690496.000000 199
0.023973 0.872212 -421966520040800229790995839363256942592.000000 184
0.187381 0.982287 -1868378329533610764365812550899907690496.000000 199
0.203275 0.856480 7567770681095324531462586735521089716224.000000 200
0.309017 0.951057 -2910952183304527672373982567360731545600.000000 214
-0.235061 0.604864 2613943562683403944777311556372328211283968.000000 132
-0.250954 0.479057 -8360142932131914552961555892465604652695552.000000 114
-0.108431 0.494783 1140752073252262800043193246805128160215040.000000 133
-0.109200 0.735914 168333186274144135030952999391587263840256.000000 150
-0.203275 0.856480 -8950208968837648172960909601190474416128.000000 149
-0.219168 0.730672 -292103499143767060447881946760087844421632.000000 134
0.072414 0.628453 109290573072828443527602769705534817828864.000000 169
0.000768 0.741156 73432050653187335302569083976127931744256.000000 167
-0.081324 0.616659 -591281804224690158255121343130892020744192.000000 152
0.000768 0.741156 73432050653187335302569083976127931744256.000000 167
0.023973 0.872212 -421966520040800229790995839363256942592.000000 184
-0.089651 0.864346 -46358713025502097630735676359824793141248.000000 166
-0.219168 0.730672 -292103499143767060447881946760087844421632.000000 134
-0.317582 0.777124 317705659952887359964825046131378780897280.000000 131
-0.382682 0.674543 -1255788635077177329941249491868087044014080.000000 115
-0.108431 0.494783 1140752073252262800043193246805128160215040.000000 133
-0.081324 0.616659 -591281804224690158255121343130892020744192.000000 152
-0.235061 0.604864 2613943562683403944777311556372328211283968.000000 132
-0.203275 0.856480 -8950208968837648172960909601190474416128.000000 149
-0.317582 0.777124 317705659952887359964825046131378780897280.000000 131
-0.219168 0.730672 -292103499143767060447881946760087844421632.000000 134
0.809017 0.587785 -93656206567427449683430492286083923968.000000 235
0.708183 0.493222 -85016088084308016856749373878830104576.000000 238
0.876307 0.481754 61001082834071666815294196407670407168.000000 242
0.469331 -0.217723 -13888195185268503015313258708694372188160.000000 178
0.443723 -0.339315 -28538324609805695852447825879011919134720.000000 177
0.569181 -0.223917 5935245438041623267167080924155224260608.000000 195
0.992115 -0.125333 41619818889024327343619775480750669824.000000 243
0.903483 -0.146108 -108840389370648417149133472009340059648.000000 239
0.968583 -0.248690 -4022750308864244489026497762371305472.000000 241
0.992115 -0.125333 41619818889024327343619775480750669824.000000 243
1.000000 -0.000000 53870269831804684353169610815628640256.000000 240
0.903483 -0.146108 -108840389370648417149133472009340059648.000000 239
-0.616669 -0.529062 -4977594927951343663513418207113846491619262464.000000 25
-0.518255 -0.575515 838826602476398603070974598845361344565215232.000000 36
-0.486789 -0.444362 229248489511108824622558928102901871722627072.000000 38
-0.728969 -0.684547 -1414099866012035398788328337541560846172291072.000000 14
-0.658410 -0.623625 -188739547292691313432816101453842731308679168.000000 24
-0.735953 -0.529892 6484998719213634658411481558984576583042334720.000000 15
-0.433694 -0.622226 -102855682770233875044288813255547865721208832.000000 37
-0.409886 -0.779019 39024175554109801888752428039436443647475712.000000 45
-0.349134 -0.668938 34155798505935099698500158894099248114040832.000000 51
-0.637424 -0.770513 303945943495179152693033025164492383916654592.000000 19
-0.534148 -0.701322 -130568229321168245000449111790943795180208128.000000 31
-0.658410 -0.623625 -188739547292691313432816101453842731308679168.000000 24
-0.637424 -0.770513 303945943495179152693033025164492383916654592.000000 19
-0.535827 -0.844328 -14133686953303152012047392575739931222081536.000000 30
-0.534148 -0.701322 -130568229321168245000449111790943795180208128.000000 31
0.664439 -0.453191 -1056966383766174651792432700782245052416.000000 197
0.736206 -0.299972 -2030671959644313094382993669233668259840.000000 212
0.592925 -0.376490 6043398043006130844800189667460859822080.000000 194
0.736206 -0.299972 -2030671959644313094382993669233668259840.000000 212
0.792049 -0.172045 467376590387132781261170535167976013824.000000 224
0.680615 -0.197981 -891938333158070522432545080428973785088.000000 209
0.929776 -0.368125 -239061641378862434661736441611605245952.000000 226
0.847640 -0.274036 209155159287055666413661642616830164992.000000 227
0.791796 -0.401964 556091478635586689203443094693049532416.000000 213
0.929776 -0.368125 -239061641378862434661736441611605245952.000000 226
0.968583 -0.248690 -4022750308864244489026497762371305472.000000 241
0.847640 -0.274036 209155159287055666413661642616830164992.000000 227
0.715365 -0.101593 92262199199786484173566844950024290304.000000 210
0.584401 -0.096754 -293412960058284420865789657237988311040.000000 192
0.680615 -0.197981 -891938333158070522432545080428973785088.000000 209
0.773283 0.059054 23684598810494117050908715429367119872.000000 215
0.715365 -0.101593 92262199199786484173566844950024290304.000000 210
0.838383 -0.043527 -79241026200968766057894340202795630592.000000 225
0.662567 0.006795 138707779203910778593399244172510101504.000000 201
0.708183 0.161636 -327788517443578237661392065760893861888.000000 204
0.571666 0.141635 1873692663547355184933649653700319248384.000000 188
-0.592925 -0.376490 4566637650514953796827484705758968560228499456.000000 33
-0.486789 -0.444362 229248489511108824622558928102901871722627072.000000 38
-0.443723 -0.339315 -2098508494925751009127027960198820508767092736.000000 48
-0.791796 -0.401964 -54134594157753171466855437645117129188928651264.000000 10
-0.664439 -0.453191 24525468210072159669674588541227584209574428672.000000 20
-0.680489 -0.312940 -50800535597512691938651636953752502543472132096.000000 21
-0.616669 -0.529062 -4977594927951343663513418207113846491619262464.000000 25
-0.486789 -0.444362 229248489511108824622558928102901871722627072.000000 38
-0.592925 -0.376490 4566637650514953796827484705758968560228499456.000000 33
-0.584401 -0.096754 4497493602989421587542873544359306896678584320.000000 35
-0.569181 -0.223917 5922070430070413392427814758251774695658487808.000000 34
-0.469331 -0.217723 -1422820728144327385694936887413830810307919872.000000 49
-0.680489 -0.312940 -50800535597512691938651636953752502543472132096.000000 21
-0.847640 -0.274036 253793989116811152230505042438307404940012683264.000000 11
-0.791796 -0.401964 -54134594157753171466855437645117129188928651264.000000 10
-0.035536 -0.096906 609276943701770955521200530952251565408256.000000 104
-0.119199 0.038730 -15685419564031235559376602976268503773872128.000000 100
-0.157522 -0.079215 1357628949544273644913980792014774862872576.000000 85
-0.195844 -0.197159 -116151778183667949106750219876421638205472768.000000 84
-0.064278 -0.185365 15556119257379400900500222373110349211631616.000000 103
-0.157522 -0.079215 1357628949544273644913980792014774862872576.000000 85
0.196515 -0.037934 131876580782622938410692026685516027002880.000000 140
0.314527 -0.024174 -29832725229460336204391040442496517668864.000000 157
0.298634 0.101634 37791946631307629857291160853276499378176.000000 156
0.125317 0.034143 -664144052590595185294488708575987186532352.000000 128
0.196515 -0.037934 131876580782622938410692026685516027002880.000000 140
0.172130 0.119981 -320219160131467557200457211790966225108992.000000 137
-0.035536 -0.096906 609276943701770955521200530952251565408256.000000 104
0.078503 -0.051694 -307354833421726532333537625717574085902336.000000 122
0.020079 0.059698 3042441008179318210752704556092800651755520.000000 118
-0.035536 -0.096906 609276943701770955521200530952251565408256.000000 104
0.067288 -0.173570 -1374169480915408698058436730993422200995840.000000 121
0.078503 -0.051694 -307354833421726532333537625717574085902336.000000 122
0.198854 -0.161776 111713742431246162684558307262259905167360.000000 141
0.330420 -0.149981 -26431911092168453370725622788743619411968.000000 160
0.196515 -0.037934 131876580782622938410692026685516027002880.000000 140
0.078503 -0.051694 -307354833421726532333537625717574085902336.000000 122
0.198854 -0.161776 111713742431246162684558307262259905167360.000000 141
0.196515 -0.037934 131876580782622938410692026685516027002880.000000 140
-0.001975 -0.299378 -7822682279358830523204301614914020459937792.000000 107
0.114121 -0.291515 1345681661742231143456249705188566597894144.000000 124
0.067288 -0.173570 -1374169480915408698058436730993422200995840.000000 121
-0.065162 -0.389016 -5396818741545606215998437193227545184567296.000000 106
-0.001975 -0.299378 -7822682279358830523204301614914020459937792.000000 107
-0.118071 -0.307241 40827192177125881174250621571683436359319552.000000 89
-0.145550 -0.426758 11411511790268449347867661407256412640247808.000000 87
-0.065162 -0.389016 -5396818741545606215998437193227545184567296.000000 106
-0.118071 -0.307241 40827192177125881174250621571683436359319552.000000 89
-0.012254 -0.470791 710598492102757215186377102499845465178112.000000 105
0.108328 -0.414177 1654450186353698836754463386803594950868992.000000 123
-0.065162 -0.389016 -5396818741545606215998437193227545184567296.000000 106
-0.065162 -0.389016 -5396818741545606215998437193227545184567296.000000 106
0.108328 -0.414177 1654450186353698836754463386803594950868992.000000 123
-0.001975 -0.299378 -7822682279358830523204301614914020459937792.000000 107
0.441136 -0.097722 12327656442670649564132082615209359835136.000000 175
0.314527 -0.024174 -29832725229460336204391040442496517668864.000000 157
0.330420 -0.149981 -26431911092168453370725622788743619411968.000000 160
-0.035536 -0.096906 609276943701770955521200530952251565408256.000000 104
0.020079 0.059698 3042441008179318210752704556092800651755520.000000 118
-0.119199 0.038730 -15685419564031235559376602976268503773872128.000000 100
0.522968 0.251959 1233151120802219585748314037072106094592.000000 191
0.643082 0.264217 -468570967833618103644248067694653341696.000000 206
0.577982 0.366799 -247619771362643819547268664574930321408.000000 208
0.381154 0.273894 263730240916629919842221475101973413888.000000 173
0.522968 0.251959 1233151120802219585748314037072106094592.000000 191
0.422415 0.360024 1087690016361350529660187246444259835904.000000 190
0.266847 0.353249 -11725517063018997067563734371210081861632.000000 172
0.381154 0.273894 263730240916629919842221475101973413888.000000 173
0.422415 0.360024 1087690016361350529660187246444259835904.000000 190
0.282741 0.227442 18088218545811775572713520573099142021120.000000 155
0.298634 0.101634 37791946631307629857291160853276499378176.000000 156
0.413450 0.155828 -9178035670812026083952721396582401966080.000000 174
0.584401 -0.096754 -293412960058284420865789657237988311040.000000 192
0.441136 -0.097722 12327656442670649564132082615209359835136.000000 175
0.469331 -0.217723 -13888195185268503015313258708694372188160.000000 178
0.381154 0.273894 263730240916629919842221475101973413888.000000 173
0.413450 0.155828 -9178035670812026083952721396582401966080.000000 174
0.522968 0.251959 1233151120802219585748314037072106094592.000000 191
0.298634 0.101634 37791946631307629857291160853276499378176.000000 156
0.314527 -0.024174 -29832725229460336204391040442496517668864.000000 157
0.445745 0.037763 -1356331838294418591999076261791551979520.000000 170
0.571666 0.141635 1873692663547355184933649653700319248384.000000 188
0.708183 0.161636 -327788517443578237661392065760893861888.000000 204
0.643082 0.264217 -468570967833618103644248067694653341696.000000 206
0.413450 0.155828 -9178035670812026083952721396582401966080.000000 174
0.571666 0.141635 1873692663547355184933649653700319248384.000000 188
0.522968 0.251959 1233151120802219585748314037072106094592.000000 191
0.662567 0.006795 138707779203910778593399244172510101504.000000 201
0.715365 -0.101593 92262199199786484173566844950024290304.000000 210
0.773283 0.059054 23684598810494117050908715429367119872.000000 215
0.708183 0.161636 -327788517443578237661392065760893861888.000000 204
0.662567 0.006795 138707779203910778593399244172510101504.000000 201
0.773283 0.059054 23684598810494117050908715429367119872.000000 215
0.543905 0.017440 -2681151810959523671727194595861150564352.000000 185
0.584401 -0.096754 -293412960058284420865789657237988311040.000000 192
0.662567 0.006795 138707779203910778593399244172510101504.000000 201
0.445745 0.037763 -1356331838294418591999076261791551979520.000000 170
0.543905 0.017440 -2681151810959523671727194595861150564352.000000 185
0.571666 0.141635 1873692663547355184933649653700319248384.000000 188
0.445745 0.037763 -1356331838294418591999076261791551979520.000000 170
0.441136 -0.097722 12327656442670649564132082615209359835136.000000 175
0.543905 0.017440 -2681151810959523671727194595861150564352.000000 185
0.794983 0.245918 97515349894980070305742736549692309504.000000 220
0.968583 0.248690 -41137814962266618545790389785987121152.000000 230
0.929776 0.368125 -28049124253892246993865391175968489472.000000 237
0.773283 0.059054 23684598810494117050908715429367119872.000000 215
0.870933 0.153872 45745070551118391204853875269213093888.000000 219
0.708183 0.161636 -327788517443578237661392065760893861888.000000 204
0.773283 0.059054 23684598810494117050908715429367119872.000000 215
0.915249 0.040903 -6973586211451687087569283704424497152.000000 228
0.870933 0.153872 45745070551118391204853875269213093888.000000 219
0.838383 -0.043527 -79241026200968766057894340202795630592.000000 225
0.903483 -0.146108 -108840389370648417149133472009340059648.000000 239
1.000000 -0.000000 53870269831804684353169610815628640256.000000 240
0.584401 -0.096754 -293412960058284420865789657237988311040.000000 192
0.569181 -0.223917 5935245438041623267167080924155224260608.000000 195
0.680615 -0.197981 -891938333158070522432545080428973785088.000000 209
0.662567 0.006795 138707779203910778593399244172510101504.000000 201
0.584401 -0.096754 -293412960058284420865789657237988311040.000000 192
0.715365 -0.101593 92262199199786484173566844950024290304.000000 210
0.543905 0.017440 -2681151810959523671727194595861150564352.000000 185
0.441136 -0.097722 12327656442670649564132082615209359835136.000000 175
0.584401 -0.096754 -293412960058284420865789657237988311040.000000 192
0.662567 0.006795 138707779203910778593399244172510101504.000000 201
0.571666 0.141635 1873692663547355184933649653700319248384.000000 188
0.543905 0.017440 -2681151810959523671727194595861150564352.000000 185
0.330420 -0.149981 -26431911092168453370725622788743619411968.000000 160
0.346313 -0.275789 115150389104531275030637536447270290980864.000000 161
0.469331 -0.217723 -13888195185268503015313258708694372188160.000000 178
0.664439 -0.453191 -1056966383766174651792432700782245052416.000000 197
0.592925 -0.376490 6043398043006130844800189667460859822080.000000 194
0.616669 -0.529062 1756144215741847740054879847364530536448.000000 181
0.735953 -0.529892 -85730908496401475751249348252737208320.000000 196
0.664439 -0.453191 -1056966383766174651792432700782245052416.000000 197
0.616669 -0.529062 1756144215741847740054879847364530536448.000000 181
0.735953 -0.529892 -85730908496401475751249348252737208320.000000 196
0.791796 -0.401964 556091478635586689203443094693049532416.000000 213
0.664439 -0.453191 -1056966383766174651792432700782245052416.000000 197
0.838383 -0.043527 -79241026200968766057894340202795630592.000000 225
0.715365 -0.101593 92262199199786484173566844950024290304.000000 210
0.792049 -0.172045 467376590387132781261170535167976013824.000000 224
0.443723 -0.339315 -28538324609805695852447825879011919134720.000000 177
0.346313 -0.275789 115150389104531275030637536447270290980864.000000 161
0.362206 -0.401597 99516099285183104605990125742507876679680.000000 159
0.584401 -0.096754 -293412960058284420865789657237988311040.000000 192
0.469331 -0.217723 -13888195185268503015313258708694372188160.000000 178
0.569181 -0.223917 5935245438041623267167080924155224260608.000000 195
0.441136 -0.097722 12327656442670649564132082615209359835136.000000 175
0.330420 -0.149981 -26431911092168453370725622788743619411968.000000 160
0.469331 -0.217723 -13888195185268503015313258708694372188160.000000 178
0.915249 0.040903 -6973586211451687087569283704424497152.000000 228
0.992115 0.125333 -13925494545176512496942503756778438656.000000 233
0.870933 0.153872 45745070551118391204853875269213093888.000000 219
0.219168 0.730672 -13258218845195982493730126963224984158208.000000 187
0.360982 0.819266 1271155414187251891116400597296918560768.000000 203
0.203275 0.856480 7567770681095324531462586735521089716224.000000 200
0.110736 0.746398 -31570236329263628349749642261821114023936.000000 183
0.219168 0.730672 -13258218845195982493730126963224984158208.000000 187
0.203275 0.856480 7567770681095324531462586735521089716224.000000 200
0.235061 0.604864 -10058052795996841435272899793224319631360.000000 186
0.382682 0.674543 3723446942034556892080023926627138273280.000000 202
0.219168 0.730672 -13258218845195982493730126963224984158208.000000 187
0.123361 0.435810 115086034486768069870588189939787817287680.000000 154
-0.004231 0.392564 -505193790933396466551408004451775952191488.000000 135
0.060580 0.300829 -158020817389384328047898345768418443001856.000000 136
-0.081324 0.616659 -591281804224690158255121343130892020744192.000000 152
-0.108431 0.494783 1140752073252262800043193246805128160215040.000000 133
0.034091 0.510509 -44534995082708359246457020016821142552576.000000 151
0.000768 0.741156 73432050653187335302569083976127931744256.000000 167
-0.109200 0.735914 168333186274144135030952999391587263840256.000000 150
-0.081324 0.616659 -591281804224690158255121343130892020744192.000000 152
0.110736 0.746398 -31570236329263628349749642261821114023936.000000 183
0.000768 0.741156 73432050653187335302569083976127931744256.000000 167
0.072414 0.628453 109290573072828443527602769705534817828864.000000 169
0.110736 0.746398 -31570236329263628349749642261821114023936.000000 183
0.203275 0.856480 7567770681095324531462586735521089716224.000000 200
0.023973 0.872212 -421966520040800229790995839363256942592.000000 184
-0.219168 0.730672 -292103499143767060447881946760087844421632.000000 134
-0.235061 0.604864 2613943562683403944777311556372328211283968.000000 132
-0.081324 0.616659 -591281804224690158255121343130892020744192.000000 152
0.123361 0.435810 115086034486768069870588189939787817287680.000000 154
0.163714 0.327039 -40238671045605480549794759289414059294720.000000 153
0.266847 0.353249 -11725517063018997067563734371210081861632.000000 172
0.235061 0.604864 -10058052795996841435272899793224319631360.000000 186
0.134576 0.557687 -29974508947838437745159183939293683908608.000000 168
0.250954 0.479057 -16172418180618625496174448400142367195136.000000 171
0.034091 0.510509 -44534995082708359246457020016821142552576.000000 151
-0.004231 0.392564 -505193790933396466551408004451775952191488.000000 135
0.123361 0.435810 115086034486768069870588189939787817287680.000000 154
0.382682 0.674543 3723446942034556892080023926627138273280.000000 202
0.360982 0.819266 1271155414187251891116400597296918560768.000000 203
0.219168 0.730672 -13258218845195982493730126963224984158208.000000 187
0.349368 0.525509 4573752759563765193691171487694356217856.000000 189
0.382682 0.674543 3723446942034556892080023926627138273280.000000 202
0.235061 0.604864 -10058052795996841435272899793224319631360.000000 186
0.447782 0.571962 -1353035636110978926260650684302470676480.000000 205
0.534582 0.656244 -277175685268715594901966643543903567872.000000 217
0.382682 0.674543 3723446942034556892080023926627138273280.000000 202
-0.876307 0.481754 -67792933687675784419851787821884596398587904.000000 40
-0.708183 0.493222 294230392218434389024263794840977458625249280.000000 56
-0.809017 0.587785 -73230170272972458522154880124051558965968896.000000 55
-0.389865 0.411315 39967927546755096498065773412692417027506176.000000 95
-0.250954 0.479057 -8360142932131914552961555892465604652695552.000000 114
-0.349368 0.525509 -8046031756952767927678284867023311170699264.000000 113
-0.162647 0.251030 -9131131116380895655907736573172757146107904.000000 99
-0.135539 0.372907 47837396194686656909398239281404899753984.000000 116
-0.266847 0.353249 14492832331700116057965232246494397116448768.000000 98
-0.298634 0.101634 -235830668033019055541316800756531784241381376.000000 73
-0.189755 0.129154 29228736676456559236171462980914881331462144.000000 93
-0.282741 0.227442 10197609878530235415661211705134466698575872.000000 79
-0.042554 0.274619 1967300460559779542467290880400249117999104.000000 117
-0.135539 0.372907 47837396194686656909398239281404899753984.000000 116
-0.162647 0.251030 -9131131116380895655907736573172757146107904.000000 99
-0.108431 0.494783 1140752073252262800043193246805128160215040.000000 133
-0.004231 0.392564 -505193790933396466551408004451775952191488.000000 135
0.034091 0.510509 -44534995082708359246457020016821142552576.000000 151
-0.282741 0.227442 10197609878530235415661211705134466698575872.000000 79
-0.162647 0.251030 -9131131116380895655907736573172757146107904.000000 99
-0.266847 0.353249 14492832331700116057965232246494397116448768.000000 98
-0.042554 0.274619 1967300460559779542467290880400249117999104.000000 117
-0.004231 0.392564 -505193790933396466551408004451775952191488.000000 135
-0.135539 0.372907 47837396194686656909398239281404899753984.000000 116
0.167922 0.223510 244237392159859968885702338952820485521408.000000 147
0.172130 0.119981 -320219160131467557200457211790966225108992.000000 137
0.282741 0.227442 18088218545811775572713520573099142021120.000000 155
0.060580 0.300829 -158020817389384328047898345768418443001856.000000 136
0.167922 0.223510 244237392159859968885702338952820485521408.000000 147
0.163714 0.327039 -40238671045605480549794759289414059294720.000000 153
0.040329 0.180264 -643287105113738458831515431814094210990080.000000 129
0.172130 0.119981 -320219160131467557200457211790966225108992.000000 137
0.167922 0.223510 244237392159859968885702338952820485521408.000000 147
-0.080876 0.156675 -1055803866166734007993851685300016448012288.000000 110
0.040329 0.180264 -643287105113738458831515431814094210990080.000000 129
-0.042554 0.274619 1967300460559779542467290880400249117999104.000000 117
0.020079 0.059698 3042441008179318210752704556092800651755520.000000 118
0.172130 0.119981 -320219160131467557200457211790966225108992.000000 137
0.040329 0.180264 -643287105113738458831515431814094210990080.000000 129
0.282741 0.227442 18088218545811775572713520573099142021120.000000 155
0.266847 0.353249 -11725517063018997067563734371210081861632.000000 172
0.163714 0.327039 -40238671045605480549794759289414059294720.000000 153
-0.534582 0.656244 5371273408229783494911092090333036745326592.000000 96
-0.535827 0.844328 -270173224251262574297150682003747308044288.000000 111
-0.637424 0.770513 -7211181501276822408493738527097976709447680.000000 94
0.847640 -0.274036 209155159287055666413661642616830164992.000000 227
0.903483 -0.146108 -108840389370648417149133472009340059648.000000 239
0.792049 -0.172045 467376590387132781261170535167976013824.000000 224
0.968583 -0.248690 -4022750308864244489026497762371305472.000000 241
0.903483 -0.146108 -108840389370648417149133472009340059648.000000 239
0.847640 -0.274036 209155159287055666413661642616830164992.000000 227
0.791796 -0.401964 556091478635586689203443094693049532416.000000 213
0.735953 -0.529892 -85730908496401475751249348252737208320.000000 196
0.876307 -0.481754 -139311429168357863565363770918317326336.000000 211
0.929776 -0.368125 -239061641378862434661736441611605245952.000000 226
0.791796 -0.401964 556091478635586689203443094693049532416.000000 213
0.876307 -0.481754 -139311429168357863565363770918317326336.000000 211
0.592925 -0.376490 6043398043006130844800189667460859822080.000000 194
0.569181 -0.223917 5935245438041623267167080924155224260608.000000 195
0.443723 -0.339315 -28538324609805695852447825879011919134720.000000 177
0.616669 -0.529062 1756144215741847740054879847364530536448.000000 181
0.592925 -0.376490 6043398043006130844800189667460859822080.000000 194
0.486789 -0.444362 -13421987980207172934988993821867029561344.000000 176
0.736206 -0.299972 -2030671959644313094382993669233668259840.000000 212
0.569181 -0.223917 5935245438041623267167080924155224260608.000000 195
0.592925 -0.376490 6043398043006130844800189667460859822080.000000 194
0.847640 -0.274036 209155159287055666413661642616830164992.000000 227
0.736206 -0.299972 -2030671959644313094382993669233668259840.000000 212
0.791796 -0.401964 556091478635586689203443094693049532416.000000 213
0.680615 -0.197981 -891938333158070522432545080428973785088.000000 209
0.569181 -0.223917 5935245438041623267167080924155224260608.000000 195
0.736206 -0.299972 -2030671959644313094382993669233668259840.000000 212
0.378100 -0.527404 6398681878845912600161412080229647646720.000000 158
0.486789 -0.444362 -13421987980207172934988993821867029561344.000000 176
0.362206 -0.401597 99516099285183104605990125742507876679680.000000 159
0.518255 -0.575515 1821210847028273614586804494031044739072.000000 164
0.393993 -0.653212 -4248338324740138293040487416947567230976.000000 146
0.515708 -0.711863 -817866351457585629796953052722032017408.000000 162
0.486789 -0.444362 -13421987980207172934988993821867029561344.000000 176
0.518255 -0.575515 1821210847028273614586804494031044739072.000000 164
0.616669 -0.529062 1756144215741847740054879847364530536448.000000 181
0.378100 -0.527404 6398681878845912600161412080229647646720.000000 158
0.393993 -0.653212 -4248338324740138293040487416947567230976.000000 146
0.518255 -0.575515 1821210847028273614586804494031044739072.000000 164
0.658410 -0.623625 -544169873357841407194205416545555841024.000000 179
0.728969 -0.684547 41579359318497133768590661570596438016.000000 180
0.735953 -0.529892 -85730908496401475751249348252737208320.000000 196
0.196515 -0.037934 131876580782622938410692026685516027002880.000000 140
0.330420 -0.149981 -26431911092168453370725622788743619411968.000000 160
0.314527 -0.024174 -29832725229460336204391040442496517668864.000000 157
-0.195844 -0.197159 -116151778183667949106750219876421638205472768.000000 84
-0.118071 -0.307241 40827192177125881174250621571683436359319552.000000 89
-0.064278 -0.185365 15556119257379400900500222373110349211631616.000000 103
-0.118071 -0.307241 40827192177125881174250621571683436359319552.000000 89
-0.234167 -0.315104 -117336581848556759609996658934379630368391168.000000 70
-0.145550 -0.426758 11411511790268449347867661407256412640247808.000000 87
0.210774 -0.256132 -156587072266679373657076312668312862457856.000000 142
0.346313 -0.275789 115150389104531275030637536447270290980864.000000 161
0.330420 -0.149981 -26431911092168453370725622788743619411968.000000 160
0.210774 -0.256132 -156587072266679373657076312668312862457856.000000 142
0.235267 -0.407887 -459290263728414907963532645934352639721472.000000 143
0.346313 -0.275789 115150389104531275030637536447270290980864.000000 161
0.067288 -0.173570 -1374169480915408698058436730993422200995840.000000 121
0.114121 -0.291515 1345681661742231143456249705188566597894144.000000 124
0.198854 -0.161776 111713742431246162684558307262259905167360.000000 141
0.108328 -0.414177 1654450186353698836754463386803594950868992.000000 123
0.114121 -0.291515 1345681661742231143456249705188566597894144.000000 124
-0.001975 -0.299378 -7822682279358830523204301614914020459937792.000000 107
0.247982 -0.508533 -189482368758353207360282127276296141537280.000000 139
0.362206 -0.401597 99516099285183104605990125742507876679680.000000 159
0.235267 -0.407887 -459290263728414907963532645934352639721472.000000 143
0.443723 -0.339315 -28538324609805695852447825879011919134720.000000 177
0.486789 -0.444362 -13421987980207172934988993821867029561344.000000 176
0.592925 -0.376490 6043398043006130844800189667460859822080.000000 194
0.346313 -0.275789 115150389104531275030637536447270290980864.000000 161
0.443723 -0.339315 -28538324609805695852447825879011919134720.000000 177
0.469331 -0.217723 -13888195185268503015313258708694372188160.000000 178
0.362206 -0.401597 99516099285183104605990125742507876679680.000000 159
0.486789 -0.444362 -13421987980207172934988993821867029561344.000000 176
0.443723 -0.339315 -28538324609805695852447825879011919134720.000000 177
0.518255 -0.575515 1821210847028273614586804494031044739072.000000 164
0.658410 -0.623625 -544169873357841407194205416545555841024.000000 179
0.616669 -0.529062 1756144215741847740054879847364530536448.000000 181
0.735953 -0.529892 -85730908496401475751249348252737208320.000000 196
0.809017 -0.587785 67179610479582351212324656511430164480.000000 193
0.876307 -0.481754 -139311429168357863565363770918317326336.000000 211
0.616669 -0.529062 1756144215741847740054879847364530536448.000000 181
0.658410 -0.623625 -544169873357841407194205416545555841024.000000 179
0.735953 -0.529892 -85730908496401475751249348252737208320.000000 196
0.791796 -0.401964 556091478635586689203443094693049532416.000000 213
0.736206 -0.299972 -2030671959644313094382993669233668259840.000000 212
0.664439 -0.453191 -1056966383766174651792432700782245052416.000000 197
0.486789 -0.444362 -13421987980207172934988993821867029561344.000000 176
0.378100 -0.527404 6398681878845912600161412080229647646720.000000 158
0.518255 -0.575515 1821210847028273614586804494031044739072.000000 164
0.728969 -0.684547 41579359318497133768590661570596438016.000000 180
0.809017 -0.587785 67179610479582351212324656511430164480.000000 193
0.735953 -0.529892 -85730908496401475751249348252737208320.000000 196
0.847640 -0.274036 209155159287055666413661642616830164992.000000 227
0.792049 -0.172045 467376590387132781261170535167976013824.000000 224
0.736206 -0.299972 -2030671959644313094382993669233668259840.000000 212
0.838383 -0.043527 -79241026200968766057894340202795630592.000000 225
0.792049 -0.172045 467376590387132781261170535167976013824.000000 224
0.903483 -0.146108 -108840389370648417149133472009340059648.000000 239
0.715365 -0.101593 92262199199786484173566844950024290304.000000 210
0.680615 -0.197981 -891938333158070522432545080428973785088.000000 209
0.792049 -0.172045 467376590387132781261170535167976013824.000000 224
1.000000 -0.000000 53870269831804684353169610815628640256.000000 240
0.992115 0.125333 -13925494545176512496942503756778438656.000000 233
0.915249 0.040903 -6973586211451687087569283704424497152.000000 228
0.295977 -0.844070 4944139087366918068278690193257185411072.000000 125
0.177179 -0.862891 32536073297627719343556393190862150959104.000000 109
0.309017 -0.951057 -9107067802695613069058461118616188223488.000000 108
0.425779 -0.904827 -3318843708516151223111246764120056266752.000000 126
0.295977 -0.844070 4944139087366918068278690193257185411072.000000 125
0.309017 -0.951057 -9107067802695613069058461118616188223488.000000 108
0.282937 -0.737084 -56405496941768755064011669105091289284608.000000 127
0.177179 -0.862891 32536073297627719343556393190862150959104.000000 109
0.295977 -0.844070 4944139087366918068278690193257185411072.000000 125
0.062791 -0.998027 -124684174813357807169818523351952073424896.000000 72
0.060826 -0.904827 76448092592561307644843177191690144317440.000000 91
-0.062791 -0.998027 361350246653041487485031183655895140663296.000000 71
-0.272489 -0.433048 10826926473299094445491791646668980670693376.000000 67
-0.234167 -0.315104 -117336581848556759609996658934379630368391168.000000 70
-0.362206 -0.401597 235901184382643465948951926733890159210659840.000000 53
-0.349134 -0.668938 34155798505935099698500158894099248114040832.000000 51
-0.166657 -0.668938 -8767411745895801314461861625894979713892352.000000 68
-0.219573 -0.550993 26165505922462403934905745960821428936769536.000000 69
-0.005837 -0.810471 -405358879110199156356926460721738738040832.000000 101
-0.060826 -0.904827 -307592023541975660342954938926996217921536.000000 82
0.060826 -0.904827 76448092592561307644843177191690144317440.000000 91
0.177179 -0.862891 32536073297627719343556393190862150959104.000000 109
-0.005837 -0.810471 -405358879110199156356926460721738738040832.000000 101
0.060826 -0.904827 76448092592561307644843177191690144317440.000000 91
-0.072500 -0.716116 841974920457505645017881987183598341455872.000000 83
-0.156928 -0.826197 2787346329676086542799529332203236871897088.000000 81
-0.005837 -0.810471 -405358879110199156356926460721738738040832.000000 101
-0.272489 -0.433048 10826926473299094445491791646668980670693376.000000 67
-0.219573 -0.550993 26165505922462403934905745960821428936769536.000000 69
-0.145550 -0.426758 11411511790268449347867661407256412640247808.000000 87
-0.321429 -0.833823 -4616247079330976150932390269114280566587392.000000 46
-0.409886 -0.779019 39024175554109801888752428039436443647475712.000000 45
-0.425779 -0.904827 -9513707441938617253250937040751582345428992.000000 32
-0.232973 -0.888627 2657815381114175083621230716244183585128448.000000 62
-0.321429 -0.833823 -4616247079330976150932390269114280566587392.000000 46
-0.309017 -0.951057 2951510364400020804424986090830281033383936.000000 47
-0.232973 -0.888627 2657815381114175083621230716244183585128448.000000 62
-0.253031 -0.747568 -11655828480769045864170170592828007657766912.000000 61
-0.321429 -0.833823 -4616247079330976150932390269114280566587392.000000 46
-0.166657 -0.668938 -8767411745895801314461861625894979713892352.000000 68
-0.253031 -0.747568 -11655828480769045864170170592828007657766912.000000 61
-0.156928 -0.826197 2787346329676086542799529332203236871897088.000000 81
-0.349134 -0.668938 34155798505935099698500158894099248114040832.000000 51
-0.409886 -0.779019 39024175554109801888752428039436443647475712.000000 45
-0.253031 -0.747568 -11655828480769045864170170592828007657766912.000000 61
0.187381 -0.982287 -16502863973091273938420349574076570796032.000000 90
0.060826 -0.904827 76448092592561307644843177191690144317440.000000 91
0.062791 -0.998027 -124684174813357807169818523351952073424896.000000 72
0.235267 -0.407887 -459290263728414907963532645934352639721472.000000 143
0.362206 -0.401597 99516099285183104605990125742507876679680.000000 159
0.346313 -0.275789 115150389104531275030637536447270290980864.000000 161
0.298781 -0.621760 75152402969494417169416625953570992160768.000000 138
0.378100 -0.527404 6398681878845912600161412080229647646720.000000 158
0.247982 -0.508533 -189482368758353207360282127276296141537280.000000 139
0.518255 -0.575515 1821210847028273614586804494031044739072.000000 164
0.515708 -0.711863 -817866351457585629796953052722032017408.000000 162
0.658410 -0.623625 -544169873357841407194205416545555841024.000000 179
0.298781 -0.621760 75152402969494417169416625953570992160768.000000 138
0.393993 -0.653212 -4248338324740138293040487416947567230976.000000 146
0.378100 -0.527404 6398681878845912600161412080229647646720.000000 158
0.141155 -0.577727 -366310028652837216852034169175143148945408.000000 120
0.164458 -0.730094 208763870684741583375097195036940016025600.000000 119
0.298781 -0.621760 75152402969494417169416625953570992160768.000000 138
0.108328 -0.414177 1654450186353698836754463386803594950868992.000000 123
0.141155 -0.577727 -366310028652837216852034169175143148945408.000000 120
0.247982 -0.508533 -189482368758353207360282127276296141537280.000000 139
0.034327 -0.646921 -408016772210725975230866525981795598467072.000000 102
0.164458 -0.730094 208763870684741583375097195036940016025600.000000 119
0.141155 -0.577727 -366310028652837216852034169175143148945408.000000 120
0.108328 -0.414177 1654450186353698836754463386803594950868992.000000 123
-0.012254 -0.470791 710598492102757215186377102499845465178112.000000 105
0.141155 -0.577727 -366310028652837216852034169175143148945408.000000 120
-0.072500 -0.716116 841974920457505645017881987183598341455872.000000 83
-0.005837 -0.810471 -405358879110199156356926460721738738040832.000000 101
0.034327 -0.646921 -408016772210725975230866525981795598467072.000000 102
0.282937 -0.737084 -56405496941768755064011669105091289284608.000000 127
0.393993 -0.653212 -4248338324740138293040487416947567230976.000000 146
0.298781 -0.621760 75152402969494417169416625953570992160768.000000 138
-0.005837 -0.810471 -405358879110199156356926460721738738040832.000000 101
0.177179 -0.862891 32536073297627719343556393190862150959104.000000 109
0.164458 -0.730094 208763870684741583375097195036940016025600.000000 119
0.187381 -0.982287 -16502863973091273938420349574076570796032.000000 90
0.177179 -0.862891 32536073297627719343556393190862150959104.000000 109
0.060826 -0.904827 76448092592561307644843177191690144317440.000000 91
0.187381 -0.982287 -16502863973091273938420349574076570796032.000000 90
0.309017 -0.951057 -9107067802695613069058461118616188223488.000000 108
0.177179 -0.862891 32536073297627719343556393190862150959104.000000 109
0.409886 -0.779019 10146013304743687407488730167725787185152.000000 144
0.393993 -0.653212 -4248338324740138293040487416947567230976.000000 146
0.282937 -0.737084 -56405496941768755064011669105091289284608.000000 127
0.515708 -0.711863 -817866351457585629796953052722032017408.000000 162
0.637424 -0.770513 928487518340135741219754672186284048384.000000 163
0.658410 -0.623625 -544169873357841407194205416545555841024.000000 179
0.409886 -0.779019 10146013304743687407488730167725787185152.000000 144
0.515708 -0.711863 -817866351457585629796953052722032017408.000000 162
0.393993 -0.653212 -4248338324740138293040487416947567230976.000000 146
0.409886 -0.779019 10146013304743687407488730167725787185152.000000 144
0.535827 -0.844328 -2727288847109686354907222275561835462656.000000 145
0.515708 -0.711863 -817866351457585629796953052722032017408.000000 162
0.425779 -0.904827 -3318843708516151223111246764120056266752.000000 126
0.409886 -0.779019 10146013304743687407488730167725787185152.000000 144
0.295977 -0.844070 4944139087366918068278690193257185411072.000000 125
-0.065162 -0.389016 -5396818741545606215998437193227545184567296.000000 106
-0.145550 -0.426758 11411511790268449347867661407256412640247808.000000 87
-0.115913 -0.510892 -4015875892925542974843376471770817328316416.000000 88
-0.272489 -0.433048 10826926473299094445491791646668980670693376.000000 67
-0.145550 -0.426758 11411511790268449347867661407256412640247808.000000 87
-0.234167 -0.315104 -117336581848556759609996658934379630368391168.000000 70
-0.219573 -0.550993 26165505922462403934905745960821428936769536.000000 69
-0.378100 -0.527404 -177454934612530732077620631555046758061965312.000000 52
-0.349134 -0.668938 34155798505935099698500158894099248114040832.000000 51
-0.072500 -0.716116 841974920457505645017881987183598341455872.000000 83
-0.042377 -0.593453 2686112852391841087783538015504585740779520.000000 86
-0.166657 -0.668938 -8767411745895801314461861625894979713892352.000000 68
-0.272489 -0.433048 10826926473299094445491791646668980670693376.000000 67
-0.378100 -0.527404 -177454934612530732077620631555046758061965312.000000 52
-0.219573 -0.550993 26165505922462403934905745960821428936769536.000000 69
0.535827 -0.844328 -2727288847109686354907222275561835462656.000000 145
0.409886 -0.779019 10146013304743687407488730167725787185152.000000 144
0.425779 -0.904827 -3318843708516151223111246764120056266752.000000 126
0.535827 -0.844328 -2727288847109686354907222275561835462656.000000 145
0.637424 -0.770513 928487518340135741219754672186284048384.000000 163
0.515708 -0.711863 -817866351457585629796953052722032017408.000000 162
0.409886 -0.779019 10146013304743687407488730167725787185152.000000 144
0.282937 -0.737084 -56405496941768755064011669105091289284608.000000 127
0.295977 -0.844070 4944139087366918068278690193257185411072.000000 125
0.637424 -0.770513 928487518340135741219754672186284048384.000000 163
0.728969 -0.684547 41579359318497133768590661570596438016.000000 180
0.658410 -0.623625 -544169873357841407194205416545555841024.000000 179
-0.309017 0.951057 -161592428076233473451110410090307462889472.000000 148
-0.203275 0.856480 -8950208968837648172960909601190474416128.000000 149
-0.187381 0.982287 43435895398618123996533539731654077054976.000000 165
-0.109200 0.735914 168333186274144135030952999391587263840256.000000 150
-0.219168 0.730672 -292103499143767060447881946760087844421632.000000 134
-0.081324 0.616659 -591281804224690158255121343130892020744192.000000 152
-0.187381 0.982287 43435895398618123996533539731654077054976.000000 165
-0.203275 0.856480 -8950208968837648172960909601190474416128.000000 149
-0.089651 0.864346 -46358713025502097630735676359824793141248.000000 166
-0.219168 0.730672 -292103499143767060447881946760087844421632.000000 134
-0.382682 0.674543 -1255788635077177329941249491868087044014080.000000 115
-0.235061 0.604864 2613943562683403944777311556372328211283968.000000 132
-0.089651 0.864346 -46358713025502097630735676359824793141248.000000 166
-0.109200 0.735914 168333186274144135030952999391587263840256.000000 150
0.000768 0.741156 73432050653187335302569083976127931744256.000000 167
-0.253031 -0.747568 -11655828480769045864170170592828007657766912.000000 61
-0.166657 -0.668938 -8767411745895801314461861625894979713892352.000000 68
-0.349134 -0.668938 34155798505935099698500158894099248114040832.000000 51
-0.060826 -0.904827 -307592023541975660342954938926996217921536.000000 82
-0.156928 -0.826197 2787346329676086542799529332203236871897088.000000 81
-0.187381 -0.982287 -1571811649737520126994787687023042761850880.000000 63
-0.060826 -0.904827 -307592023541975660342954938926996217921536.000000 82
-0.005837 -0.810471 -405358879110199156356926460721738738040832.000000 101
-0.156928 -0.826197 2787346329676086542799529332203236871897088.000000 81
-0.232973 -0.888627 2657815381114175083621230716244183585128448.000000 62
-0.156928 -0.826197 2787346329676086542799529332203236871897088.000000 81
-0.253031 -0.747568 -11655828480769045864170170592828007657766912.000000 61
-0.187381 -0.982287 -1571811649737520126994787687023042761850880.000000 63
-0.232973 -0.888627 2657815381114175083621230716244183585128448.000000 62
-0.309017 -0.951057 2951510364400020804424986090830281033383936.000000 47
-0.187381 -0.982287 -1571811649737520126994787687023042761850880.000000 63
-0.156928 -0.826197 2787346329676086542799529332203236871897088.000000 81
-0.232973 -0.888627 2657815381114175083621230716244183585128448.000000 62
-0.062791 -0.998027 361350246653041487485031183655895140663296.000000 71
-0.060826 -0.904827 -307592023541975660342954938926996217921536.000000 82
-0.187381 -0.982287 -1571811649737520126994787687023042761850880.000000 63
-0.042377 -0.593453 2686112852391841087783538015504585740779520.000000 86
-0.072500 -0.716116 841974920457505645017881987183598341455872.000000 83
0.034327 -0.646921 -408016772210725975230866525981795598467072.000000 102
-0.012254 -0.470791 710598492102757215186377102499845465178112.000000 105
-0.042377 -0.593453 2686112852391841087783538015504585740779520.000000 86
0.034327 -0.646921 -408016772210725975230866525981795598467072.000000 102
-0.115913 -0.510892 -4015875892925542974843376471770817328316416.000000 88
-0.166657 -0.668938 -8767411745895801314461861625894979713892352.000000 68
-0.042377 -0.593453 2686112852391841087783538015504585740779520.000000 86
-0.518255 -0.575515 838826602476398603070974598845361344565215232.000000 36
-0.616669 -0.529062 -4977594927951343663513418207113846491619262464.000000 25
-0.658410 -0.623625 -188739547292691313432816101453842731308679168.000000 24
-0.433694 -0.622226 -102855682770233875044288813255547865721208832.000000 37
-0.518255 -0.575515 838826602476398603070974598845361344565215232.000000 36
-0.534148 -0.701322 -130568229321168245000449111790943795180208128.000000 31
-0.409886 -0.779019 39024175554109801888752428039436443647475712.000000 45
-0.433694 -0.622226 -102855682770233875044288813255547865721208832.000000 37
-0.534148 -0.701322 -130568229321168245000449111790943795180208128.000000 31
-0.349134 -0.668938 34155798505935099698500158894099248114040832.000000 51
-0.378100 -0.527404 -177454934612530732077620631555046758061965312.000000 52
-0.433694 -0.622226 -102855682770233875044288813255547865721208832.000000 37
-0.378100 -0.527404 -177454934612530732077620631555046758061965312.000000 52
-0.486789 -0.444362 229248489511108824622558928102901871722627072.000000 38
-0.518255 -0.575515 838826602476398603070974598845361344565215232.000000 36
0.060826 -0.904827 76448092592561307644843177191690144317440.000000 91
-0.060826 -0.904827 -307592023541975660342954938926996217921536.000000 82
-0.062791 -0.998027 361350246653041487485031183655895140663296.000000 71
-0.534148 -0.701322 -130568229321168245000449111790943795180208128.000000 31
-0.535827 -0.844328 -14133686953303152012047392575739931222081536.000000 30
-0.409886 -0.779019 39024175554109801888752428039436443647475712.000000 45
-0.486789 -0.444362 229248489511108824622558928102901871722627072.000000 38
-0.378100 -0.527404 -177454934612530732077620631555046758061965312.000000 52
-0.362206 -0.401597 235901184382643465948951926733890159210659840.000000 53
-0.728969 -0.684547 -1414099866012035398788328337541560846172291072.000000 14
-0.637424 -0.770513 303945943495179152693033025164492383916654592.000000 19
-0.658410 -0.623625 -188739547292691313432816101453842731308679168.000000 24
-0.321429 -0.833823 -4616247079330976150932390269114280566587392.000000 46
-0.253031 -0.747568 -11655828480769045864170170592828007657766912.000000 61
-0.409886 -0.779019 39024175554109801888752428039436443647475712.000000 45
-0.346313 -0.275789 501617131877632951728380049689227364128522240.000000 64
-0.362206 -0.401597 235901184382643465948951926733890159210659840.000000 53
-0.234167 -0.315104 -117336581848556759609996658934379630368391168.000000 70
-0.195844 -0.197159 -116151778183667949106750219876421638205472768.000000 84
-0.346313 -0.275789 501617131877632951728380049689227364128522240.000000 64
-0.234167 -0.315104 -117336581848556759609996658934379630368391168.000000 70
-0.658594 0.038247 17074804863647005741820113989755964128296435712.000000 29
-0.584401 -0.096754 4497493602989421587542873544359306896678584320.000000 35
-0.515073 -0.029496 -4461319587085438976773148277220473178370867200.000000 39
-0.330420 -0.149981 202825853729660599206690983340818800989700096.000000 66
-0.441136 -0.097722 -105942862299278265010167233165650379476566016.000000 50
-0.469331 -0.217723 -1422820728144327385694936887413830810307919872.000000 49
-0.330420 -0.149981 202825853729660599206690983340818800989700096.000000 66
-0.314527 -0.024174 -195487180495332016490129169989361640868413440.000000 65
-0.441136 -0.097722 -105942862299278265010167233165650379476566016.000000 50
-0.321429 -0.833823 -4616247079330976150932390269114280566587392.000000 46
-0.425779 -0.904827 -9513707441938617253250937040751582345428992.000000 32
-0.309017 -0.951057 2951510364400020804424986090830281033383936.000000 47
-0.378100 -0.527404 -177454934612530732077620631555046758061965312.000000 52
-0.518255 -0.575515 838826602476398603070974598845361344565215232.000000 36
-0.433694 -0.622226 -102855682770233875044288813255547865721208832.000000 37
-0.535827 -0.844328 -14133686953303152012047392575739931222081536.000000 30
-0.425779 -0.904827 -9513707441938617253250937040751582345428992.000000 32
-0.409886 -0.779019 39024175554109801888752428039436443647475712.000000 45
0.298634 0.101634 37791946631307629857291160853276499378176.000000 156
0.172130 0.119981 -320219160131467557200457211790966225108992.000000 137
0.196515 -0.037934 131876580782622938410692026685516027002880.000000 140
-0.216863 0.007278 86372179341138601083887347084085243607515136.000000 80
-0.157522 -0.079215 1357628949544273644913980792014774862872576.000000 85
-0.119199 0.038730 -15685419564031235559376602976268503773872128.000000 100
0.198854 -0.161776 111713742431246162684558307262259905167360.000000 141
0.210774 -0.256132 -156587072266679373657076312668312862457856.000000 142
0.330420 -0.149981 -26431911092168453370725622788743619411968.000000 160
-0.118071 -0.307241 40827192177125881174250621571683436359319552.000000 89
-0.195844 -0.197159 -116151778183667949106750219876421638205472768.000000 84
-0.234167 -0.315104 -117336581848556759609996658934379630368391168.000000 70
0.114121 -0.291515 1345681661742231143456249705188566597894144.000000 124
0.235267 -0.407887 -459290263728414907963532645934352639721472.000000 143
0.210774 -0.256132 -156587072266679373657076312668312862457856.000000 142
0.114121 -0.291515 1345681661742231143456249705188566597894144.000000 124
0.108328 -0.414177 1654450186353698836754463386803594950868992.000000 123
0.235267 -0.407887 -459290263728414907963532645934352639721472.000000 143
0.198854 -0.161776 111713742431246162684558307262259905167360.000000 141
0.114121 -0.291515 1345681661742231143456249705188566597894144.000000 124
0.210774 -0.256132 -156587072266679373657076312668312862457856.000000 142
0.067288 -0.173570 -1374169480915408698058436730993422200995840.000000 121
-0.064278 -0.185365 15556119257379400900500222373110349211631616.000000 103
-0.001975 -0.299378 -7822682279358830523204301614914020459937792.000000 107
-0.012254 -0.470791 710598492102757215186377102499845465178112.000000 105
0.034327 -0.646921 -408016772210725975230866525981795598467072.000000 102
0.141155 -0.577727 -366310028652837216852034169175143148945408.000000 120
-0.064278 -0.185365 15556119257379400900500222373110349211631616.000000 103
-0.035536 -0.096906 609276943701770955521200530952251565408256.000000 104
-0.157522 -0.079215 1357628949544273644913980792014774862872576.000000 85
-0.001975 -0.299378 -7822682279358830523204301614914020459937792.000000 107
-0.064278 -0.185365 15556119257379400900500222373110349211631616.000000 103
-0.118071 -0.307241 40827192177125881174250621571683436359319552.000000 89
0.067288 -0.173570 -1374169480915408698058436730993422200995840.000000 121
-0.035536 -0.096906 609276943701770955521200530952251565408256.000000 104
-0.064278 -0.185365 15556119257379400900500222373110349211631616.000000 103
-0.330420 -0.149981 202825853729660599206690983340818800989700096.000000 66
-0.195844 -0.197159 -116151778183667949106750219876421638205472768.000000 84
-0.157522 -0.079215 1357628949544273644913980792014774862872576.000000 85
-0.330420 -0.149981 202825853729660599206690983340818800989700096.000000 66
-0.346313 -0.275789 501617131877632951728380049689227364128522240.000000 64
-0.195844 -0.197159 -116151778183667949106750219876421638205472768.000000 84
-0.658594 0.038247 17074804863647005741820113989755964128296435712.000000 29
-0.576964 0.099699 -2702289351552754920296673042313885022710398976.000000 44
-0.708183 0.161636 6184280170245996757060714221724165479973519360.000000 28
-0.838383 -0.043527 284068686306986434799117027202141480656264232960.000000 12
-0.715365 -0.101593 -52664731293193900457480089710557807298413068288.000000 23
-0.773283 0.059054 -43804018018014132533986848493874933161147760640.000000 18
-0.584401 -0.096754 4497493602989421587542873544359306896678584320.000000 35
-0.469331 -0.217723 -1422820728144327385694936887413830810307919872.000000 49
-0.441136 -0.097722 -105942862299278265010167233165650379476566016.000000 50
-0.715365 -0.101593 -52664731293193900457480089710557807298413068288.000000 23
-0.584401 -0.096754 4497493602989421587542873544359306896678584320.000000 35
-0.658594 0.038247 17074804863647005741820113989755964128296435712.000000 29
-0.773283 0.059054 -43804018018014132533986848493874933161147760640.000000 18
-0.715365 -0.101593 -52664731293193900457480089710557807298413068288.000000 23
-0.658594 0.038247 17074804863647005741820113989755964128296435712.000000 29
-0.680615 -0.197981 6724887654397911173339833741307438648229101568.000000 22
-0.569181 -0.223917 5922070430070413392427814758251774695658487808.000000 34
-0.584401 -0.096754 4497493602989421587542873544359306896678584320.000000 35
-0.792049 -0.172045 61024425122966114830294971969023595435371003904.000000 13
-0.680615 -0.197981 6724887654397911173339833741307438648229101568.000000 22
-0.715365 -0.101593 -52664731293193900457480089710557807298413068288.000000 23
-0.792049 -0.172045 61024425122966114830294971969023595435371003904.000000 13
-0.847640 -0.274036 253793989116811152230505042438307404940012683264.000000 11
-0.680489 -0.312940 -50800535597512691938651636953752502543472132096.000000 21
-0.715365 -0.101593 -52664731293193900457480089710557807298413068288.000000 23
-0.680615 -0.197981 6724887654397911173339833741307438648229101568.000000 22
-0.584401 -0.096754 4497493602989421587542873544359306896678584320.000000 35
-0.838383 -0.043527 284068686306986434799117027202141480656264232960.000000 12
-0.792049 -0.172045 61024425122966114830294971969023595435371003904.000000 13
-0.715365 -0.101593 -52664731293193900457480089710557807298413068288.000000 23
-0.314527 -0.024174 -195487180495332016490129169989361640868413440.000000 65
-0.298634 0.101634 -235830668033019055541316800756531784241381376.000000 73
-0.445745 0.037763 1067537009641639825154300551523383372819726336.000000 54
-0.680489 -0.312940 -50800535597512691938651636953752502543472132096.000000 21
-0.592925 -0.376490 4566637650514953796827484705758968560228499456.000000 33
-0.569181 -0.223917 5922070430070413392427814758251774695658487808.000000 34
-0.569181 -0.223917 5922070430070413392427814758251774695658487808.000000 34
-0.592925 -0.376490 4566637650514953796827484705758968560228499456.000000 33
-0.443723 -0.339315 -2098508494925751009127027960198820508767092736.000000 48
-0.658410 -0.623625 -188739547292691313432816101453842731308679168.000000 24
-0.616669 -0.529062 -4977594927951343663513418207113846491619262464.000000 25
-0.735953 -0.529892 6484998719213634658411481558984576583042334720.000000 15
-0.658410 -0.623625 -188739547292691313432816101453842731308679168.000000 24
-0.534148 -0.701322 -130568229321168245000449111790943795180208128.000000 31
-0.518255 -0.575515 838826602476398603070974598845361344565215232.000000 36
-0.443723 -0.339315 -2098508494925751009127027960198820508767092736.000000 48
-0.469331 -0.217723 -1422820728144327385694936887413830810307919872.000000 49
-0.569181 -0.223917 5922070430070413392427814758251774695658487808.000000 34
-0.362206 -0.401597 235901184382643465948951926733890159210659840.000000 53
-0.443723 -0.339315 -2098508494925751009127027960198820508767092736.000000 48
-0.486789 -0.444362 229248489511108824622558928102901871722627072.000000 38
-0.362206 -0.401597 235901184382643465948951926733890159210659840.000000 53
-0.346313 -0.275789 501617131877632951728380049689227364128522240.000000 64
-0.443723 -0.339315 -2098508494925751009127027960198820508767092736.000000 48
0.247982 -0.508533 -189482368758353207360282127276296141537280.000000 139
0.141155 -0.577727 -366310028652837216852034169175143148945408.000000 120
0.298781 -0.621760 75152402969494417169416625953570992160768.000000 138
-0.156928 -0.826197 2787346329676086542799529332203236871897088.000000 81
-0.072500 -0.716116 841974920457505645017881987183598341455872.000000 83
-0.166657 -0.668938 -8767411745895801314461861625894979713892352.000000 68
0.164458 -0.730094 208763870684741583375097195036940016025600.000000 119
0.177179 -0.862891 32536073297627719343556393190862150959104.000000 109
0.282937 -0.737084 -56405496941768755064011669105091289284608.000000 127
0.298781 -0.621760 75152402969494417169416625953570992160768.000000 138
0.164458 -0.730094 208763870684741583375097195036940016025600.000000 119
0.282937 -0.737084 -56405496941768755064011669105091289284608.000000 127
0.034327 -0.646921 -408016772210725975230866525981795598467072.000000 102
-0.005837 -0.810471 -405358879110199156356926460721738738040832.000000 101
0.164458 -0.730094 208763870684741583375097195036940016025600.000000 119
0.108328 -0.414177 1654450186353698836754463386803594950868992.000000 123
0.247982 -0.508533 -189482368758353207360282127276296141537280.000000 139
0.235267 -0.407887 -459290263728414907963532645934352639721472.000000 143
-0.115913 -0.510892 -4015875892925542974843376471770817328316416.000000 88
-0.012254 -0.470791 710598492102757215186377102499845465178112.000000 105
-0.065162 -0.389016 -5396818741545606215998437193227545184567296.000000 106
-0.219573 -0.550993 26165505922462403934905745960821428936769536.000000 69
-0.115913 -0.510892 -4015875892925542974843376471770817328316416.000000 88
-0.145550 -0.426758 11411511790268449347867661407256412640247808.000000 87
-0.219573 -0.550993 26165505922462403934905745960821428936769536.000000 69
-0.166657 -0.668938 -8767411745895801314461861625894979713892352.000000 68
-0.115913 -0.510892 -4015875892925542974843376471770817328316416.000000 88
-0.115913 -0.510892 -4015875892925542974843376471770817328316416.000000 88
-0.042377 -0.593453 2686112852391841087783538015504585740779520.000000 86
-0.012254 -0.470791 710598492102757215186377102499845465178112.000000 105
0.378100 -0.527404 6398681878845912600161412080229647646720.000000 158
0.362206 -0.401597 99516099285183104605990125742507876679680.000000 159
0.247982 -0.508533 -189482368758353207360282127276296141537280.000000 139
