-0.903483 -0.146108 -107748668162544950010196774147325952.000000 5
-0.992115 -0.125333 955559920492857951626487242774544384.000000 1
-0.968583 -0.248690 -109509735906775381049758114304229376.000000 2
-0.929776 -0.368125 8717061570757734984394726338199552.000000 3
-0.847640 -0.274036 31136366705582873436226144408961024.000000 11
-0.968583 -0.248690 -109509735906775381049758114304229376.000000 2
-0.838383 -0.043527 34850576316669918708244048737468416.000000 12
-1.000000 -0.000000 -82710379765309069944846175027855360.000000 4
-0.903483 -0.146108 -107748668162544950010196774147325952.000000 5
-0.791796 -0.401964 -6641428274244565546500120998051840.000000 10
-0.876307 -0.481754 703362377658761803266934043574272.000000 6
-0.735953 -0.529892 795603153996431877904795445493760.000000 15
-0.664439 -0.453191 3008873356190686333731616893960192.000000 20
-0.592925 -0.376490 560251663141286582166942524637184.000000 33
-0.680489 -0.312940 -6232393882568111001286813518135296.000000 21
-0.616669 -0.529062 -610669391847611508054929411407872.000000 25
-0.664439 -0.453191 3008873356190686333731616893960192.000000 20
-0.735953 -0.529892 795603153996431877904795445493760.000000 15
-0.616669 -0.529062 -610669391847611508054929411407872.000000 25
-0.592925 -0.376490 560251663141286582166942524637184.000000 33
-0.664439 -0.453191 3008873356190686333731616893960192.000000 20
-0.847640 -0.274036 31136366705582873436226144408961024.000000 11
-0.929776 -0.368125 8717061570757734984394726338199552.000000 3
-0.791796 -0.401964 -6641428274244565546500120998051840.000000 10
-0.577982 0.366799 28338828414807290168880666771456.000000 58
-0.479568 0.320346 -14764591304897793381612721799168.000000 75
-0.512882 0.469380 -5437041827975440627039540871168.000000 77
-0.381154 0.273894 -15478552321306270063487711444992.000000 78
-0.528266 0.210023 65254165123425518045468762832896.000000 59
-0.413450 0.155828 31962080891327922132190595383296.000000 60
-0.389865 0.411315 4903410253680840399803421556736.000000 95
-0.479568 0.320346 -14764591304897793381612721799168.000000 75
-0.381154 0.273894 -15478552321306270063487711444992.000000 78
-0.250954 0.479057 -1025652644303323197619962904576.000000 114
-0.389865 0.411315 4903410253680840399803421556736.000000 95
-0.266847 0.353249 1778033213681231465684978892800.000000 98
-0.349368 0.525509 -987116346533884807819714101248.000000 113
-0.447782 0.571962 1343103090134568882116052910080.000000 97
-0.389865 0.411315 4903410253680840399803421556736.000000 95
-0.577982 0.366799 28338828414807290168880666771456.000000 58
-0.528266 0.210023 65254165123425518045468762832896.000000 59
-0.479568 0.320346 -14764591304897793381612721799168.000000 75
-0.080876 0.156675 -129529846079250606114920726528.000000 110
-0.042554 0.274619 241355552876622261710200242176.000000 117
-0.162647 0.251030 -1120240269936170077935141650432.000000 99
-0.189755 0.129154 3585887383172814135574019440640.000000 93
-0.080876 0.156675 -129529846079250606114920726528.000000 110
-0.162647 0.251030 -1120240269936170077935141650432.000000 99
-0.282741 0.227442 1251079750956004284188116123648.000000 79
-0.189755 0.129154 3585887383172814135574019440640.000000 93
-0.162647 0.251030 -1120240269936170077935141650432.000000 99
-0.298634 0.101634 -28932561349666267631870114004992.000000 73
-0.216863 0.007278 10596452100716541403622811893760.000000 80
-0.189755 0.129154 3585887383172814135574019440640.000000 93
0.198854 -0.161776 13705446935511743075341828096.000000 141
0.078503 -0.051694 -37707405267772591112691122176.000000 122
0.067288 -0.173570 -168588093919393614623630426112.000000 121
0.125317 0.034143 -81479600201544022179188834304.000000 128
0.020079 0.059698 373257693140928895804912959488.000000 118
0.078503 -0.051694 -37707405267772591112691122176.000000 122
0.196515 -0.037934 16179097044084432802714484736.000000 140
0.125317 0.034143 -81479600201544022179188834304.000000 128
0.078503 -0.051694 -37707405267772591112691122176.000000 122
0.172130 0.119981 -39285647507664871701709062144.000000 137
0.020079 0.059698 373257693140928895804912959488.000000 118
0.125317 0.034143 -81479600201544022179188834304.000000 128
0.282741 0.227442 2219128229368365641491283968.000000 155
0.172130 0.119981 -39285647507664871701709062144.000000 137
0.298634 0.101634 4636453026035322147974414336.000000 156
0.282741 0.227442 2219128229368365641491283968.000000 155
0.163714 0.327039 -4936626047690382120998404096.000000 153
0.167922 0.223510 29963928743814987169486864384.000000 147
-0.080876 0.156675 -129529846079250606114920726528.000000 110
-0.119199 0.038730 -1924344139024573465306647756800.000000 100
0.020079 0.059698 373257693140928895804912959488.000000 118
-0.838383 -0.043527 34850576316669918708244048737468416.000000 12
-0.915249 0.040903 5975052018484722931915032339939328.000000 9
-1.000000 -0.000000 -82710379765309069944846175027855360.000000 4
-0.903483 -0.146108 -107748668162544950010196774147325952.000000 5
-1.000000 -0.000000 -82710379765309069944846175027855360.000000 4
-0.992115 -0.125333 955559920492857951626487242774544384.000000 1
-0.362206 -0.401597 28941212551092560197070807367680.000000 53
-0.378100 -0.527404 -21770814734575584498352920723456.000000 52
-0.272489 -0.433048 1328286592366321097143069179904.000000 67
-0.847640 -0.274036 31136366705582873436226144408961024.000000 11
-0.903483 -0.146108 -107748668162544950010196774147325952.000000 5
-0.968583 -0.248690 -109509735906775381049758114304229376.000000 2
-0.847640 -0.274036 31136366705582873436226144408961024.000000 11
-0.792049 -0.172045 7486697715884535751386217286991872.000000 13
-0.903483 -0.146108 -107748668162544950010196774147325952.000000 5
-0.876307 -0.481754 703362377658761803266934043574272.000000 6
-0.791796 -0.401964 -6641428274244565546500120998051840.000000 10
-0.929776 -0.368125 8717061570757734984394726338199552.000000 3
-0.664439 -0.453191 3008873356190686333731616893960192.000000 20
-0.791796 -0.401964 -6641428274244565546500120998051840.000000 10
-0.735953 -0.529892 795603153996431877904795445493760.000000 15
-0.680615 -0.197981 825033598273313894065121416708096.000000 22
-0.680489 -0.312940 -6232393882568111001286813518135296.000000 21
-0.569181 -0.223917 726541070608622666991845733564416.000000 34
-0.680615 -0.197981 825033598273313894065121416708096.000000 22
-0.792049 -0.172045 7486697715884535751386217286991872.000000 13
-0.680489 -0.312940 -6232393882568111001286813518135296.000000 21
-0.515073 -0.029496 -547330861293005262235471544582144.000000 39
-0.441136 -0.097722 -12997454438809110707760210640896.000000 50
-0.445745 0.037763 130969310658830507956442499121152.000000 54
-0.330420 -0.149981 24883411073195130224161379581952.000000 66
-0.469331 -0.217723 -174556805312737516676908337594368.000000 49
-0.346313 -0.275789 61540208333130079512304233218048.000000 64
-0.838383 -0.043527 34850576316669918708244048737468416.000000 12
-0.903483 -0.146108 -107748668162544950010196774147325952.000000 5
-0.792049 -0.172045 7486697715884535751386217286991872.000000 13
-0.735953 -0.529892 795603153996431877904795445493760.000000 15
-0.809017 -0.587785 -529694279191533607519953199562752.000000 7
-0.728969 -0.684547 -173486898329184398928210982600704.000000 14
-0.346313 -0.275789 61540208333130079512304233218048.000000 64
-0.469331 -0.217723 -174556805312737516676908337594368.000000 49
-0.443723 -0.339315 -257452630222521132264974691860480.000000 48
-0.876307 -0.481754 703362377658761803266934043574272.000000 6
-0.809017 -0.587785 -529694279191533607519953199562752.000000 7
-0.735953 -0.529892 795603153996431877904795445493760.000000 15
-0.309017 0.951057 -19824744923771159870621876224.000000 148
-0.317582 0.777124 38977282193154537088092209152.000000 131
-0.203275 0.856480 -1098044084949025140353531904.000000 149
-0.915249 0.040903 5975052018484722931915032339939328.000000 9
-0.992115 0.125333 8091589700419036397463997299818496.000000 8
-1.000000 -0.000000 -82710379765309069944846175027855360.000000 4
-0.773283 0.059054 -5374035740299198846809001647144960.000000 18
-0.915249 0.040903 5975052018484722931915032339939328.000000 9
-0.838383 -0.043527 34850576316669918708244048737468416.000000 12
-0.773283 0.059054 -5374035740299198846809001647144960.000000 18
-0.838383 0.205163 -1615865286694289892135724602359808.000000 17
-0.915249 0.040903 5975052018484722931915032339939328.000000 9
-0.317582 0.777124 38977282193154537088092209152.000000 131
-0.309017 0.951057 -19824744923771159870621876224.000000 148
-0.425779 0.904827 28715165316500338653955883008.000000 130
-0.447782 0.737755 -104181086815833707802288717824.000000 112
-0.425779 0.904827 28715165316500338653955883008.000000 130
-0.535827 0.844328 -33145830654189422834501025792.000000 111
-0.992115 0.125333 8091589700419036397463997299818496.000000 8
-0.915249 0.040903 5975052018484722931915032339939328.000000 9
-0.838383 0.205163 -1615865286694289892135724602359808.000000 17
-0.382682 0.674543 -154064702566576647839437291520.000000 115
-0.447782 0.571962 1343103090134568882116052910080.000000 97
-0.349368 0.525509 -987116346533884807819714101248.000000 113
-0.425779 0.904827 28715165316500338653955883008.000000 130
-0.447782 0.737755 -104181086815833707802288717824.000000 112
-0.317582 0.777124 38977282193154537088092209152.000000 131
-0.382682 0.674543 -154064702566576647839437291520.000000 115
-0.349368 0.525509 -987116346533884807819714101248.000000 113
-0.235061 0.604864 320688073025828469115816247296.000000 132
-0.816683 0.308437 335410746255984129410110660280320.000000 27
-0.968583 0.248690 -1048078601341628173163547261403136.000000 16
-0.838383 0.205163 -1615865286694289892135724602359808.000000 17
-0.816683 0.308437 335410746255984129410110660280320.000000 27
-0.929776 0.368125 102845352356578055727758234877952.000000 26
-0.968583 0.248690 -1048078601341628173163547261403136.000000 16
-0.708183 0.161636 758709912165091197141083729428480.000000 28
-0.816683 0.308437 335410746255984129410110660280320.000000 27
-0.838383 0.205163 -1615865286694289892135724602359808.000000 17
-0.794983 0.411712 -60152960949323676642363521892352.000000 41
-0.929776 0.368125 102845352356578055727758234877952.000000 26
-0.816683 0.308437 335410746255984129410110660280320.000000 27
-0.314527 -0.024174 -23983076034719036917953645772800.000000 65
-0.330420 -0.149981 24883411073195130224161379581952.000000 66
-0.157522 -0.079215 166558841563709068911872835584.000000 85
-0.080876 0.156675 -129529846079250606114920726528.000000 110
-0.189755 0.129154 3585887383172814135574019440640.000000 93
-0.119199 0.038730 -1924344139024573465306647756800.000000 100
-0.576964 0.099699 -331526654698715042582589578674176.000000 44
-0.528266 0.210023 65254165123425518045468762832896.000000 59
-0.643082 0.264217 -72602693558455090433756963536896.000000 43
-0.773283 0.059054 -5374035740299198846809001647144960.000000 18
-0.658594 0.038247 2094798964746513279223854937407488.000000 29
-0.708183 0.161636 758709912165091197141083729428480.000000 28
-0.445745 0.037763 130969310658830507956442499121152.000000 54
-0.413450 0.155828 31962080891327922132190595383296.000000 60
-0.576964 0.099699 -331526654698715042582589578674176.000000 44
-0.216863 0.007278 10596452100716541403622811893760.000000 80
-0.298634 0.101634 -28932561349666267631870114004992.000000 73
-0.314527 -0.024174 -23983076034719036917953645772800.000000 65
-0.157522 -0.079215 166558841563709068911872835584.000000 85
-0.216863 0.007278 10596452100716541403622811893760.000000 80
-0.314527 -0.024174 -23983076034719036917953645772800.000000 65
-0.119199 0.038730 -1924344139024573465306647756800.000000 100
-0.189755 0.129154 3585887383172814135574019440640.000000 93
-0.216863 0.007278 10596452100716541403622811893760.000000 80
-0.576964 0.099699 -331526654698715042582589578674176.000000 44
-0.643082 0.264217 -72602693558455090433756963536896.000000 43
-0.708183 0.161636 758709912165091197141083729428480.000000 28
-0.413450 0.155828 31962080891327922132190595383296.000000 60
-0.528266 0.210023 65254165123425518045468762832896.000000 59
-0.576964 0.099699 -331526654698715042582589578674176.000000 44
-0.298634 0.101634 -28932561349666267631870114004992.000000 73
-0.413450 0.155828 31962080891327922132190595383296.000000 60
-0.445745 0.037763 130969310658830507956442499121152.000000 54
-0.298634 0.101634 -28932561349666267631870114004992.000000 73
-0.282741 0.227442 1251079750956004284188116123648.000000 79
-0.413450 0.155828 31962080891327922132190595383296.000000 60
-0.381154 0.273894 -15478552321306270063487711444992.000000 78
-0.266847 0.353249 1778033213681231465684978892800.000000 98
-0.389865 0.411315 4903410253680840399803421556736.000000 95
-0.381154 0.273894 -15478552321306270063487711444992.000000 78
-0.282741 0.227442 1251079750956004284188116123648.000000 79
-0.266847 0.353249 1778033213681231465684978892800.000000 98
-0.528266 0.210023 65254165123425518045468762832896.000000 59
-0.381154 0.273894 -15478552321306270063487711444992.000000 78
-0.479568 0.320346 -14764591304897793381612721799168.000000 75
-0.413450 0.155828 31962080891327922132190595383296.000000 60
-0.282741 0.227442 1251079750956004284188116123648.000000 79
-0.381154 0.273894 -15478552321306270063487711444992.000000 78
-0.577982 0.366799 28338828414807290168880666771456.000000 58
-0.643082 0.264217 -72602693558455090433756963536896.000000 43
-0.528266 0.210023 65254165123425518045468762832896.000000 59
-0.577982 0.366799 28338828414807290168880666771456.000000 58
-0.610532 0.481301 31176636761809775456379641790464.000000 57
-0.719033 0.337964 -162727029431485158289419737759744.000000 42
-0.621382 0.574733 -5768202083388998867568205758464.000000 76
-0.708183 0.493222 36097251238775788797516664799232.000000 56
-0.610532 0.481301 31176636761809775456379641790464.000000 57
-0.719033 0.337964 -162727029431485158289419737759744.000000 42
-0.816683 0.308437 335410746255984129410110660280320.000000 27
-0.708183 0.161636 758709912165091197141083729428480.000000 28
-0.577982 0.366799 28338828414807290168880666771456.000000 58
-0.719033 0.337964 -162727029431485158289419737759744.000000 42
-0.643082 0.264217 -72602693558455090433756963536896.000000 43
-0.794983 0.411712 -60152960949323676642363521892352.000000 41
-0.816683 0.308437 335410746255984129410110660280320.000000 27
-0.719033 0.337964 -162727029431485158289419737759744.000000 42
-0.708183 0.493222 36097251238775788797516664799232.000000 56
-0.794983 0.411712 -60152960949323676642363521892352.000000 41
-0.719033 0.337964 -162727029431485158289419737759744.000000 42
-0.610532 0.481301 31176636761809775456379641790464.000000 57
-0.708183 0.493222 36097251238775788797516664799232.000000 56
-0.719033 0.337964 -162727029431485158289419737759744.000000 42
-0.512882 0.469380 -5437041827975440627039540871168.000000 77
-0.610532 0.481301 31176636761809775456379641790464.000000 57
-0.577982 0.366799 28338828414807290168880666771456.000000 58
-0.512882 0.469380 -5437041827975440627039540871168.000000 77
-0.621382 0.574733 -5768202083388998867568205758464.000000 76
-0.610532 0.481301 31176636761809775456379641790464.000000 57
-0.621382 0.574733 -5768202083388998867568205758464.000000 76
-0.809017 0.587785 -8984142782365485449979690483712.000000 55
-0.708183 0.493222 36097251238775788797516664799232.000000 56
-0.876307 0.481754 -8317082885580939129247984779264.000000 40
-0.929776 0.368125 102845352356578055727758234877952.000000 26
-0.794983 0.411712 -60152960949323676642363521892352.000000 41
-0.445745 0.037763 130969310658830507956442499121152.000000 54
-0.441136 -0.097722 -12997454438809110707760210640896.000000 50
-0.314527 -0.024174 -23983076034719036917953645772800.000000 65
-0.838383 0.205163 -1615865286694289892135724602359808.000000 17
-0.773283 0.059054 -5374035740299198846809001647144960.000000 18
-0.708183 0.161636 758709912165091197141083729428480.000000 28
-0.643082 0.264217 -72602693558455090433756963536896.000000 43
-0.719033 0.337964 -162727029431485158289419737759744.000000 42
-0.708183 0.161636 758709912165091197141083729428480.000000 28
-0.968583 0.248690 -1048078601341628173163547261403136.000000 16
-0.992115 0.125333 8091589700419036397463997299818496.000000 8
-0.838383 0.205163 -1615865286694289892135724602359808.000000 17
-0.515073 -0.029496 -547330861293005262235471544582144.000000 39
-0.576964 0.099699 -331526654698715042582589578674176.000000 44
-0.658594 0.038247 2094798964746513279223854937407488.000000 29
-0.441136 -0.097722 -12997454438809110707760210640896.000000 50
-0.515073 -0.029496 -547330861293005262235471544582144.000000 39
-0.584401 -0.096754 551768820711663382807191211737088.000000 35
-0.445745 0.037763 130969310658830507956442499121152.000000 54
-0.576964 0.099699 -331526654698715042582589578674176.000000 44
-0.515073 -0.029496 -547330861293005262235471544582144.000000 39
-0.794983 0.411712 -60152960949323676642363521892352.000000 41
-0.708183 0.493222 36097251238775788797516664799232.000000 56
-0.876307 0.481754 -8317082885580939129247984779264.000000 40
-0.447782 0.571962 1343103090134568882116052910080.000000 97
-0.534582 0.656244 658967295074960461780712685568.000000 96
-0.621382 0.574733 -5768202083388998867568205758464.000000 76
-0.389865 0.411315 4903410253680840399803421556736.000000 95
-0.447782 0.571962 1343103090134568882116052910080.000000 97
-0.512882 0.469380 -5437041827975440627039540871168.000000 77
-0.479568 0.320346 -14764591304897793381612721799168.000000 75
-0.389865 0.411315 4903410253680840399803421556736.000000 95
-0.512882 0.469380 -5437041827975440627039540871168.000000 77
-0.250954 0.479057 -1025652644303323197619962904576.000000 114
-0.235061 0.604864 320688073025828469115816247296.000000 132
-0.349368 0.525509 -987116346533884807819714101248.000000 113
-0.382682 0.674543 -154064702566576647839437291520.000000 115
-0.534582 0.656244 658967295074960461780712685568.000000 96
-0.447782 0.571962 1343103090134568882116052910080.000000 97
-0.728969 0.684547 4445936068735204178511846703104.000000 74
-0.809017 0.587785 -8984142782365485449979690483712.000000 55
-0.621382 0.574733 -5768202083388998867568205758464.000000 76
-0.447782 0.737755 -104181086815833707802288717824.000000 112
-0.382682 0.674543 -154064702566576647839437291520.000000 115
-0.317582 0.777124 38977282193154537088092209152.000000 131
-0.534582 0.656244 658967295074960461780712685568.000000 96
-0.447782 0.737755 -104181086815833707802288717824.000000 112
-0.535827 0.844328 -33145830654189422834501025792.000000 111
-0.534582 0.656244 658967295074960461780712685568.000000 96
-0.382682 0.674543 -154064702566576647839437291520.000000 115
-0.447782 0.737755 -104181086815833707802288717824.000000 112
-0.728969 0.684547 4445936068735204178511846703104.000000 74
-0.631775 0.670396 354519672631586657398954131456.000000 92
-0.637424 0.770513 -884693890448797438525384425472.000000 94
-0.621382 0.574733 -5768202083388998867568205758464.000000 76
-0.512882 0.469380 -5437041827975440627039540871168.000000 77
-0.447782 0.571962 1343103090134568882116052910080.000000 97
-0.631775 0.670396 354519672631586657398954131456.000000 92
-0.534582 0.656244 658967295074960461780712685568.000000 96
-0.637424 0.770513 -884693890448797438525384425472.000000 94
-0.621382 0.574733 -5768202083388998867568205758464.000000 76
-0.631775 0.670396 354519672631586657398954131456.000000 92
-0.728969 0.684547 4445936068735204178511846703104.000000 74
-0.621382 0.574733 -5768202083388998867568205758464.000000 76
-0.534582 0.656244 658967295074960461780712685568.000000 96
-0.631775 0.670396 354519672631586657398954131456.000000 92
0.794983 0.411712 -3455026538803080053391360.000000 236
0.929776 0.368125 -3441168254531363770728448.000000 237
0.876307 0.481754 7483833999256378981482496.000000 242
0.708183 0.493222 -10430081908869811920699392.000000 238
0.794983 0.411712 -3455026538803080053391360.000000 236
0.876307 0.481754 7483833999256378981482496.000000 242
0.610532 0.481301 17857625444534543408168960.000000 223
0.577982 0.366799 -30378891287103294335352832.000000 208
0.719033 0.337964 11164840918479779364077568.000000 222
0.349368 0.525509 561124570514960151989977088.000000 189
0.512882 0.469380 -117298525036029595827044352.000000 207
0.447782 0.571962 -165995317218813090379857920.000000 205
0.349368 0.525509 561124570514960151989977088.000000 189
0.422415 0.360024 133441754587185645694746624.000000 190
0.512882 0.469380 -117298525036029595827044352.000000 207
0.445745 0.037763 -166399707252934972002009088.000000 170
0.314527 -0.024174 -3659986888593523848807186432.000000 157
0.441136 -0.097722 1512401585849894750765711360.000000 175
0.643082 0.264217 -57485985120563585961951232.000000 206
0.522968 0.251959 151287450243853525117304832.000000 191
0.571666 0.141635 229871408967528157890478080.000000 188
0.794983 0.245918 11963536663415054527365120.000000 220
0.719033 0.337964 11164840918479779364077568.000000 222
0.643082 0.264217 -57485985120563585961951232.000000 206
0.870933 0.153872 5612171102274700431065088.000000 219
0.794983 0.245918 11963536663415054527365120.000000 220
0.708183 0.161636 -40214283705139882455203840.000000 204
0.870933 0.153872 5612171102274700431065088.000000 219
0.968583 0.248690 -5046936283199418237190144.000000 230
0.794983 0.245918 11963536663415054527365120.000000 220
0.577982 0.366799 -30378891287103294335352832.000000 208
0.422415 0.360024 133441754587185645694746624.000000 190
0.522968 0.251959 151287450243853525117304832.000000 191
0.040329 0.180264 -78920794268990576065834385408.000000 129
0.167922 0.223510 29963928743814987169486864384.000000 147
0.060580 0.300829 -19386566775965885591927652352.000000 136
0.794983 0.245918 11963536663415054527365120.000000 220
0.643082 0.264217 -57485985120563585961951232.000000 206
0.708183 0.161636 -40214283705139882455203840.000000 204
0.708183 0.493222 -10430081908869811920699392.000000 238
0.719033 0.337964 11164840918479779364077568.000000 222
0.794983 0.411712 -3455026538803080053391360.000000 236
0.577982 0.366799 -30378891287103294335352832.000000 208
0.643082 0.264217 -57485985120563585961951232.000000 206
0.719033 0.337964 11164840918479779364077568.000000 222
0.915249 0.040903 -855544838900097392574464.000000 228
0.773283 0.059054 2905712449709472428851200.000000 215
0.838383 -0.043527 -9721576379748203762810880.000000 225
1.000000 -0.000000 6609000007639127069556736.000000 240
0.915249 0.040903 -855544838900097392574464.000000 228
0.838383 -0.043527 -9721576379748203762810880.000000 225
0.992115 0.125333 -1708430157168330317758464.000000 233
0.968583 0.248690 -5046936283199418237190144.000000 230
0.870933 0.153872 5612171102274700431065088.000000 219
0.794983 0.245918 11963536663415054527365120.000000 220
0.929776 0.368125 -3441168254531363770728448.000000 237
0.794983 0.411712 -3455026538803080053391360.000000 236
0.062791 0.998027 -165271453461301724174090240.000000 198
0.023973 0.872212 -51768382502636970099867648.000000 184
0.187381 0.982287 -229219427203800052195655680.000000 199
0.425779 0.904827 38139418810053148270395392.000000 216
0.309017 0.951057 -357126167397410749972217856.000000 214
0.360982 0.819266 155949954739490080635748352.000000 203
0.309017 0.951057 -357126167397410749972217856.000000 214
0.203275 0.856480 928441543829828826589822976.000000 200
0.360982 0.819266 155949954739490080635748352.000000 203
0.382682 0.674543 456805970068145788994715648.000000 202
0.447782 0.737755 -111143013267257313546207232.000000 218
0.360982 0.819266 155949954739490080635748352.000000 203
0.512882 0.469380 -117298525036029595827044352.000000 207
0.621382 0.574733 48667701602051642376585216.000000 221
0.447782 0.571962 -165995317218813090379857920.000000 205
0.719033 0.337964 11164840918479779364077568.000000 222
0.708183 0.493222 -10430081908869811920699392.000000 238
0.610532 0.481301 17857625444534543408168960.000000 223
0.809017 0.587785 -11490082968809286899073024.000000 235
0.728969 0.684547 -15712290536778186956472320.000000 234
0.621382 0.574733 48667701602051642376585216.000000 221
0.621382 0.574733 48667701602051642376585216.000000 221
0.534582 0.656244 -34004917958974295806836736.000000 217
0.447782 0.571962 -165995317218813090379857920.000000 205
0.809017 0.587785 -11490082968809286899073024.000000 235
0.621382 0.574733 48667701602051642376585216.000000 221
0.708183 0.493222 -10430081908869811920699392.000000 238
0.631775 0.670396 -690792554270630751502336.000000 229
0.534582 0.656244 -34004917958974295806836736.000000 217
0.621382 0.574733 48667701602051642376585216.000000 221
0.728969 0.684547 -15712290536778186956472320.000000 234
0.631775 0.670396 -690792554270630751502336.000000 229
0.621382 0.574733 48667701602051642376585216.000000 221
0.728969 0.684547 -15712290536778186956472320.000000 234
0.637424 0.770513 4975015342904179343491072.000000 231
0.631775 0.670396 -690792554270630751502336.000000 229
0.447782 0.737755 -111143013267257313546207232.000000 218
0.425779 0.904827 38139418810053148270395392.000000 216
0.360982 0.819266 155949954739490080635748352.000000 203
0.794983 0.245918 11963536663415054527365120.000000 220
0.794983 0.411712 -3455026538803080053391360.000000 236
0.719033 0.337964 11164840918479779364077568.000000 222
0.610532 0.481301 17857625444534543408168960.000000 223
0.621382 0.574733 48667701602051642376585216.000000 221
0.512882 0.469380 -117298525036029595827044352.000000 207
0.577982 0.366799 -30378891287103294335352832.000000 208
0.610532 0.481301 17857625444534543408168960.000000 223
0.512882 0.469380 -117298525036029595827044352.000000 207
0.708183 0.493222 -10430081908869811920699392.000000 238
0.621382 0.574733 48667701602051642376585216.000000 221
0.610532 0.481301 17857625444534543408168960.000000 223
0.637424 0.770513 4975015342904179343491072.000000 231
0.534582 0.656244 -34004917958974295806836736.000000 217
0.631775 0.670396 -690792554270630751502336.000000 229
0.637424 0.770513 4975015342904179343491072.000000 231
0.535827 0.844328 39736293266849684676149248.000000 232
0.534582 0.656244 -34004917958974295806836736.000000 217
0.235061 0.604864 -1233958382111765703463796736.000000 186
0.219168 0.730672 -1626566355111313543861895168.000000 187
0.072414 0.628453 13408163733510128094502977536.000000 169
0.447782 0.737755 -111143013267257313546207232.000000 218
0.535827 0.844328 39736293266849684676149248.000000 232
0.425779 0.904827 38139418810053148270395392.000000 216
0.534582 0.656244 -34004917958974295806836736.000000 217
0.447782 0.737755 -111143013267257313546207232.000000 218
0.382682 0.674543 456805970068145788994715648.000000 202
0.534582 0.656244 -34004917958974295806836736.000000 217
0.535827 0.844328 39736293266849684676149248.000000 232
0.447782 0.737755 -111143013267257313546207232.000000 218
-0.135539 0.372907 5868865197876507874282176512.000000 116
-0.250954 0.479057 -1025652644303323197619962904576.000000 114
-0.266847 0.353249 1778033213681231465684978892800.000000 98
0.060580 0.300829 -19386566775965885591927652352.000000 136
-0.004231 0.392564 -61979005833136406842757349376.000000 135
-0.042554 0.274619 241355552876622261710200242176.000000 117
0.040329 0.180264 -78920794268990576065834385408.000000 129
0.060580 0.300829 -19386566775965885591927652352.000000 136
-0.042554 0.274619 241355552876622261710200242176.000000 117
0.163714 0.327039 -4936626047690382120998404096.000000 153
0.123361 0.435810 14119171951003513656635817984.000000 154
0.060580 0.300829 -19386566775965885591927652352.000000 136
-0.080876 0.156675 -129529846079250606114920726528.000000 110
0.020079 0.059698 373257693140928895804912959488.000000 118
0.040329 0.180264 -78920794268990576065834385408.000000 129
0.266847 0.353249 -1438528943720144179642236928.000000 172
0.250954 0.479057 -1984090894903008754021695488.000000 171
0.123361 0.435810 14119171951003513656635817984.000000 154
-0.108431 0.494783 139951600101090418931944914944.000000 133
-0.250954 0.479057 -1025652644303323197619962904576.000000 114
-0.135539 0.372907 5868865197876507874282176512.000000 116
-0.004231 0.392564 -61979005833136406842757349376.000000 135
-0.108431 0.494783 139951600101090418931944914944.000000 133
-0.135539 0.372907 5868865197876507874282176512.000000 116
0.034091 0.510509 -5463714656726283288049614848.000000 151
0.072414 0.628453 13408163733510128094502977536.000000 169
-0.081324 0.616659 -72540595412624502372347936768.000000 152
0.034091 0.510509 -5463714656726283288049614848.000000 151
0.123361 0.435810 14119171951003513656635817984.000000 154
0.134576 0.557687 -3677381429195751907729080320.000000 168
0.381154 0.273894 32355382099896663143350272.000000 173
0.266847 0.353249 -1438528943720144179642236928.000000 172
0.282741 0.227442 2219128229368365641491283968.000000 155
0.413450 0.155828 -1125994690724514081359790080.000000 174
0.445745 0.037763 -166399707252934972002009088.000000 170
0.571666 0.141635 229871408967528157890478080.000000 188
0.282741 0.227442 2219128229368365641491283968.000000 155
0.413450 0.155828 -1125994690724514081359790080.000000 174
0.381154 0.273894 32355382099896663143350272.000000 173
0.298634 0.101634 4636453026035322147974414336.000000 156
0.445745 0.037763 -166399707252934972002009088.000000 170
0.413450 0.155828 -1125994690724514081359790080.000000 174
0.577982 0.366799 -30378891287103294335352832.000000 208
0.512882 0.469380 -117298525036029595827044352.000000 207
0.422415 0.360024 133441754587185645694746624.000000 190
0.134576 0.557687 -3677381429195751907729080320.000000 168
0.235061 0.604864 -1233958382111765703463796736.000000 186
0.072414 0.628453 13408163733510128094502977536.000000 169
0.034091 0.510509 -5463714656726283288049614848.000000 151
0.134576 0.557687 -3677381429195751907729080320.000000 168
0.072414 0.628453 13408163733510128094502977536.000000 169
0.123361 0.435810 14119171951003513656635817984.000000 154
0.250954 0.479057 -1984090894903008754021695488.000000 171
0.134576 0.557687 -3677381429195751907729080320.000000 168
0.422415 0.360024 133441754587185645694746624.000000 190
0.349368 0.525509 561124570514960151989977088.000000 189
0.266847 0.353249 -1438528943720144179642236928.000000 172
0.349368 0.525509 561124570514960151989977088.000000 189
0.235061 0.604864 -1233958382111765703463796736.000000 186
0.250954 0.479057 -1984090894903008754021695488.000000 171
0.266847 0.353249 -1438528943720144179642236928.000000 172
0.349368 0.525509 561124570514960151989977088.000000 189
0.250954 0.479057 -1984090894903008754021695488.000000 171
0.447782 0.571962 -165995317218813090379857920.000000 205
0.382682 0.674543 456805970068145788994715648.000000 202
0.349368 0.525509 561124570514960151989977088.000000 189
0.023973 0.872212 -51768382502636970099867648.000000 184
0.062791 0.998027 -165271453461301724174090240.000000 198
-0.062791 0.998027 1012667313659419097219203072.000000 182
-0.089651 0.864346 -5687454985770192452861296640.000000 166
0.023973 0.872212 -51768382502636970099867648.000000 184
-0.062791 0.998027 1012667313659419097219203072.000000 182
-0.187381 0.982287 5328873122736738723638018048.000000 165
-0.089651 0.864346 -5687454985770192452861296640.000000 166
-0.062791 0.998027 1012667313659419097219203072.000000 182
-0.203275 0.856480 -1098044084949025140353531904.000000 149
-0.109200 0.735914 20651725577860669843747897344.000000 150
-0.089651 0.864346 -5687454985770192452861296640.000000 166
0.000768 0.741156 9008910199320117769553313792.000000 167
0.110736 0.746398 -3873151049599682257031790592.000000 183
0.023973 0.872212 -51768382502636970099867648.000000 184
0.219168 0.730672 -1626566355111313543861895168.000000 187
0.110736 0.746398 -3873151049599682257031790592.000000 183
0.072414 0.628453 13408163733510128094502977536.000000 169
0.203275 0.856480 928441543829828826589822976.000000 200
0.187381 0.982287 -229219427203800052195655680.000000 199
0.023973 0.872212 -51768382502636970099867648.000000 184
0.187381 0.982287 -229219427203800052195655680.000000 199
0.203275 0.856480 928441543829828826589822976.000000 200
0.309017 0.951057 -357126167397410749972217856.000000 214
-0.235061 0.604864 320688073025828469115816247296.000000 132
-0.250954 0.479057 -1025652644303323197619962904576.000000 114
-0.108431 0.494783 139951600101090418931944914944.000000 133
-0.109200 0.735914 20651725577860669843747897344.000000 150
-0.203275 0.856480 -1098044084949025140353531904.000000 149
-0.219168 0.730672 -35836316285403214460462563328.000000 134
0.072414 0.628453 13408163733510128094502977536.000000 169
0.000768 0.741156 9008910199320117769553313792.000000 167
-0.081324 0.616659 -72540595412624502372347936768.000000 152
0.000768 0.741156 9008910199320117769553313792.000000 167
0.023973 0.872212 -51768382502636970099867648.000000 184
-0.089651 0.864346 -5687454985770192452861296640.000000 166
-0.219168 0.730672 -35836316285403214460462563328.000000 134
-0.317582 0.777124 38977282193154537088092209152.000000 131
-0.382682 0.674543 -154064702566576647839437291520.000000 115
-0.108431 0.494783 139951600101090418931944914944.000000 133
-0.081324 0.616659 -72540595412624502372347936768.000000 152
-0.235061 0.604864 320688073025828469115816247296.000000 132
-0.203275 0.856480 -1098044084949025140353531904.000000 149
-0.317582 0.777124 38977282193154537088092209152.000000 131
-0.219168 0.730672 -35836316285403214460462563328.000000 134
0.809017 0.587785 -11490082968809286899073024.000000 235
0.708183 0.493222 -10430081908869811920699392.000000 238
0.876307 0.481754 7483833999256378981482496.000000 242
0.469331 -0.217723 -1703854136467360819330416640.000000 178
0.443723 -0.339315 -3501185127772638500041523200.000000 177
0.569181 -0.223917 728157428352036310521741312.000000 195
0.992115 -0.125333 5106070272421468705914880.000000 243
0.903483 -0.146108 -13352933564802289727700992.000000 239
0.968583 -0.248690 -493525592224115063783424.000000 241
0.992115 -0.125333 5106070272421468705914880.000000 243
1.000000 -0.000000 6609000007639127069556736.000000 240
0.903483 -0.146108 -13352933564802289727700992.000000 239
-0.616669 -0.529062 -610669391847611508054929411407872.000000 25
-0.518255 -0.575515 102910288726665913501754647904256.000000 36
-0.486789 -0.444362 28125035825153154006520183128064.000000 38
-0.728969 -0.684547 -173486898329184398928210982600704.000000 14
-0.658410 -0.623625 -23155251930124260160115268648960.000000 24
-0.735953 -0.529892 795603153996431877904795445493760.000000 15
-0.433694 -0.622226 -12618708061730727648387003318272.000000 37
-0.409886 -0.779019 4787627337685125400295395819520.000000 45
-0.349134 -0.668938 4190357191293901161386307747840.000000 51
-0.637424 -0.770513 37289190292779145968574076551168.000000 19
-0.534148 -0.701322 -16018583743413174886996031569920.000000 31
-0.658410 -0.623625 -23155251930124260160115268648960.000000 24
-0.637424 -0.770513 37289190292779145968574076551168.000000 19
-0.535827 -0.844328 -1733971956591202066825312468992.000000 30
-0.534148 -0.701322 -16018583743413174886996031569920.000000 31
0.664439 -0.453191 -129672467953014584511561728.000000 197
0.736206 -0.299972 -249130198135341771984470016.000000 212
0.592925 -0.376490 741425982032355922613895168.000000 194
0.736206 -0.299972 -249130198135341771984470016.000000 212
0.792049 -0.172045 57339454565257169013309440.000000 224
0.680615 -0.197981 -109426228401311027786940416.000000 209
0.929776 -0.368125 -29328948873508815091269632.000000 226
0.847640 -0.274036 25659913225639883068932096.000000 227
0.791796 -0.401964 68223318688127738953334784.000000 213
0.929776 -0.368125 -29328948873508815091269632.000000 226
0.968583 -0.248690 -493525592224115063783424.000000 241
0.847640 -0.274036 25659913225639883068932096.000000 227
0.715365 -0.101593 11319061091024918162702336.000000 210
0.584401 -0.096754 -35996965697799079640170496.000000 192
0.680615 -0.197981 -109426228401311027786940416.000000 209
0.773283 0.059054 2905712449709472428851200.000000 215
0.715365 -0.101593 11319061091024918162702336.000000 210
0.838383 -0.043527 -9721576379748203762810880.000000 225
0.662567 0.006795 17017173232665700937498624.000000 201
0.708183 0.161636 -40214283705139882455203840.000000 204
0.571666 0.141635 229871408967528157890478080.000000 188
-0.592925 -0.376490 560251663141286582166942524637184.000000 33
-0.486789 -0.444362 28125035825153154006520183128064.000000 38
-0.443723 -0.339315 -257452630222521132264974691860480.000000 48
-0.791796 -0.401964 -6641428274244565546500120998051840.000000 10
-0.664439 -0.453191 3008873356190686333731616893960192.000000 20
-0.680489 -0.312940 -6232393882568111001286813518135296.000000 21
-0.616669 -0.529062 -610669391847611508054929411407872.000000 25
-0.486789 -0.444362 28125035825153154006520183128064.000000 38
-0.592925 -0.376490 560251663141286582166942524637184.000000 33
-0.584401 -0.096754 551768820711663382807191211737088.000000 35
-0.569181 -0.223917 726541070608622666991845733564416.000000 34
-0.469331 -0.217723 -174556805312737516676908337594368.000000 49
-0.680489 -0.312940 -6232393882568111001286813518135296.000000 21
-0.847640 -0.274036 31136366705582873436226144408961024.000000 11
-0.791796 -0.401964 -6641428274244565546500120998051840.000000 10
-0.035536 -0.096906 74748304364385547772969877504.000000 104
-0.119199 0.038730 -1924344139024573465306647756800.000000 100
-0.157522 -0.079215 166558841563709068911872835584.000000 85
-0.195844 -0.197159 -14249921251553589676833769521152.000000 84
-0.064278 -0.185365 1908481108631033648662978756608.000000 103
-0.157522 -0.079215 166558841563709068911872835584.000000 85
0.196515 -0.037934 16179097044084432802714484736.000000 140
0.314527 -0.024174 -3659986888593523848807186432.000000 157
0.298634 0.101634 4636453026035322147974414336.000000 156
0.125317 0.034143 -81479600201544022179188834304.000000 128
0.196515 -0.037934 16179097044084432802714484736.000000 140
0.172130 0.119981 -39285647507664871701709062144.000000 137
-0.035536 -0.096906 74748304364385547772969877504.000000 104
0.078503 -0.051694 -37707405267772591112691122176.000000 122
0.020079 0.059698 373257693140928895804912959488.000000 118
-0.035536 -0.096906 74748304364385547772969877504.000000 104
0.067288 -0.173570 -168588093919393614623630426112.000000 121
0.078503 -0.051694 -37707405267772591112691122176.000000 122
0.198854 -0.161776 13705446935511743075341828096.000000 141
0.330420 -0.149981 -3242762680704512048857350144.000000 160
0.196515 -0.037934 16179097044084432802714484736.000000 140
0.078503 -0.051694 -37707405267772591112691122176.000000 122
0.198854 -0.161776 13705446935511743075341828096.000000 141
0.196515 -0.037934 16179097044084432802714484736.000000 140
-0.001975 -0.299378 -959715022877378420775204159488.000000 107
0.114121 -0.291515 165093104981692515957361082368.000000 124
0.067288 -0.173570 -168588093919393614623630426112.000000 121
-0.065162 -0.389016 -662101289179806175949316161536.000000 106
-0.001975 -0.299378 -959715022877378420775204159488.000000 107
-0.118071 -0.307241 5008827953766903184711745536000.000000 89
-0.145550 -0.426758 1400005638444591871026087854080.000000 87
-0.065162 -0.389016 -662101289179806175949316161536.000000 106
-0.118071 -0.307241 5008827953766903184711745536000.000000 89
-0.012254 -0.470791 87178799259750194305543700480.000000 105
0.108328 -0.414177 202973947009907666075529510912.000000 123
-0.065162 -0.389016 -662101289179806175949316161536.000000 106
-0.065162 -0.389016 -662101289179806175949316161536.000000 106
0.108328 -0.414177 202973947009907666075529510912.000000 123
-0.001975 -0.299378 -959715022877378420775204159488.000000 107
0.441136 -0.097722 1512401585849894750765711360.000000 175
0.314527 -0.024174 -3659986888593523848807186432.000000 157
0.330420 -0.149981 -3242762680704512048857350144.000000 160
-0.035536 -0.096906 74748304364385547772969877504.000000 104
0.020079 0.059698 373257693140928895804912959488.000000 118
-0.119199 0.038730 -1924344139024573465306647756800.000000 100
0.522968 0.251959 151287450243853525117304832.000000 191
0.643082 0.264217 -57485985120563585961951232.000000 206
0.577982 0.366799 -30378891287103294335352832.000000 208
0.381154 0.273894 32355382099896663143350272.000000 173
0.522968 0.251959 151287450243853525117304832.000000 191
0.422415 0.360024 133441754587185645694746624.000000 190
0.266847 0.353249 -1438528943720144179642236928.000000 172
0.381154 0.273894 32355382099896663143350272.000000 173
0.422415 0.360024 133441754587185645694746624.000000 190
0.282741 0.227442 2219128229368365641491283968.000000 155
0.298634 0.101634 4636453026035322147974414336.000000 156
0.413450 0.155828 -1125994690724514081359790080.000000 174
0.584401 -0.096754 -35996965697799079640170496.000000 192
0.441136 -0.097722 1512401585849894750765711360.000000 175
0.469331 -0.217723 -1703854136467360819330416640.000000 178
0.381154 0.273894 32355382099896663143350272.000000 173
0.413450 0.155828 -1125994690724514081359790080.000000 174
0.522968 0.251959 151287450243853525117304832.000000 191
0.298634 0.101634 4636453026035322147974414336.000000 156
0.314527 -0.024174 -3659986888593523848807186432.000000 157
0.445745 0.037763 -166399707252934972002009088.000000 170
0.571666 0.141635 229871408967528157890478080.000000 188
0.708183 0.161636 -40214283705139882455203840.000000 204
0.643082 0.264217 -57485985120563585961951232.000000 206
0.413450 0.155828 -1125994690724514081359790080.000000 174
0.571666 0.141635 229871408967528157890478080.000000 188
0.522968 0.251959 151287450243853525117304832.000000 191
0.662567 0.006795 17017173232665700937498624.000000 201
0.715365 -0.101593 11319061091024918162702336.000000 210
0.773283 0.059054 2905712449709472428851200.000000 215
0.708183 0.161636 -40214283705139882455203840.000000 204
0.662567 0.006795 17017173232665700937498624.000000 201
0.773283 0.059054 2905712449709472428851200.000000 215
0.543905 0.017440 -328933424585365663107776512.000000 185
0.584401 -0.096754 -35996965697799079640170496.000000 192
0.662567 0.006795 17017173232665700937498624.000000 201
0.445745 0.037763 -166399707252934972002009088.000000 170
0.543905 0.017440 -328933424585365663107776512.000000 185
0.571666 0.141635 229871408967528157890478080.000000 188
0.445745 0.037763 -166399707252934972002009088.000000 170
0.441136 -0.097722 1512401585849894750765711360.000000 175
0.543905 0.017440 -328933424585365663107776512.000000 185
0.794983 0.245918 11963536663415054527365120.000000 220
0.968583 0.248690 -5046936283199418237190144.000000 230
0.929776 0.368125 -3441168254531363770728448.000000 237
0.773283 0.059054 2905712449709472428851200.000000 215
0.870933 0.153872 5612171102274700431065088.000000 219
0.708183 0.161636 -40214283705139882455203840.000000 204
0.773283 0.059054 2905712449709472428851200.000000 215
0.915249 0.040903 -855544838900097392574464.000000 228
0.870933 0.153872 5612171102274700431065088.000000 219
0.838383 -0.043527 -9721576379748203762810880.000000 225
0.903483 -0.146108 -13352933564802289727700992.000000 239
1.000000 -0.000000 6609000007639127069556736.000000 240
0.584401 -0.096754 -35996965697799079640170496.000000 192
0.569181 -0.223917 728157428352036310521741312.000000 195
0.680615 -0.197981 -109426228401311027786940416.000000 209
0.662567 0.006795 17017173232665700937498624.000000 201
0.584401 -0.096754 -35996965697799079640170496.000000 192
0.715365 -0.101593 11319061091024918162702336.000000 210
0.543905 0.017440 -328933424585365663107776512.000000 185
0.441136 -0.097722 1512401585849894750765711360.000000 175
0.584401 -0.096754 -35996965697799079640170496.000000 192
0.662567 0.006795 17017173232665700937498624.000000 201
0.571666 0.141635 229871408967528157890478080.000000 188
0.543905 0.017440 -328933424585365663107776512.000000 185
0.330420 -0.149981 -3242762680704512048857350144.000000 160
0.346313 -0.275789 14127067208825990548981547008.000000 161
0.469331 -0.217723 -1703854136467360819330416640.000000 178
0.664439 -0.453191 -129672467953014584511561728.000000 197
0.592925 -0.376490 741425982032355922613895168.000000 194
0.616669 -0.529062 215450139223192547805364224.000000 181
0.735953 -0.529892 -10517778668580406596468736.000000 196
0.664439 -0.453191 -129672467953014584511561728.000000 197
0.616669 -0.529062 215450139223192547805364224.000000 181
0.735953 -0.529892 -10517778668580406596468736.000000 196
0.791796 -0.401964 68223318688127738953334784.000000 213
0.664439 -0.453191 -129672467953014584511561728.000000 197
0.838383 -0.043527 -9721576379748203762810880.000000 225
0.715365 -0.101593 11319061091024918162702336.000000 210
0.792049 -0.172045 57339454565257169013309440.000000 224
0.443723 -0.339315 -3501185127772638500041523200.000000 177
0.346313 -0.275789 14127067208825990548981547008.000000 161
0.362206 -0.401597 12208995852248126896134422528.000000 159
0.584401 -0.096754 -35996965697799079640170496.000000 192
0.469331 -0.217723 -1703854136467360819330416640.000000 178
0.569181 -0.223917 728157428352036310521741312.000000 195
0.441136 -0.097722 1512401585849894750765711360.000000 175
0.330420 -0.149981 -3242762680704512048857350144.000000 160
0.469331 -0.217723 -1703854136467360819330416640.000000 178
0.915249 0.040903 -855544838900097392574464.000000 228
0.992115 0.125333 -1708430157168330317758464.000000 233
0.870933 0.153872 5612171102274700431065088.000000 219
0.219168 0.730672 -1626566355111313543861895168.000000 187
0.360982 0.819266 155949954739490080635748352.000000 203
0.203275 0.856480 928441543829828826589822976.000000 200
0.110736 0.746398 -3873151049599682257031790592.000000 183
0.219168 0.730672 -1626566355111313543861895168.000000 187
0.203275 0.856480 928441543829828826589822976.000000 200
0.235061 0.604864 -1233958382111765703463796736.000000 186
0.382682 0.674543 456805970068145788994715648.000000 202
0.219168 0.730672 -1626566355111313543861895168.000000 187
0.123361 0.435810 14119171951003513656635817984.000000 154
-0.004231 0.392564 -61979005833136406842757349376.000000 135
0.060580 0.300829 -19386566775965885591927652352.000000 136
-0.081324 0.616659 -72540595412624502372347936768.000000 152
-0.108431 0.494783 139951600101090418931944914944.000000 133
0.034091 0.510509 -5463714656726283288049614848.000000 151
0.000768 0.741156 9008910199320117769553313792.000000 167
-0.109200 0.735914 20651725577860669843747897344.000000 150
-0.081324 0.616659 -72540595412624502372347936768.000000 152
0.110736 0.746398 -3873151049599682257031790592.000000 183
0.000768 0.741156 9008910199320117769553313792.000000 167
0.072414 0.628453 13408163733510128094502977536.000000 169
0.110736 0.746398 -3873151049599682257031790592.000000 183
0.203275 0.856480 928441543829828826589822976.000000 200
0.023973 0.872212 -51768382502636970099867648.000000 184
-0.219168 0.730672 -35836316285403214460462563328.000000 134
-0.235061 0.604864 320688073025828469115816247296.000000 132
-0.081324 0.616659 -72540595412624502372347936768.000000 152
0.123361 0.435810 14119171951003513656635817984.000000 154
0.163714 0.327039 -4936626047690382120998404096.000000 153
0.266847 0.353249 -1438528943720144179642236928.000000 172
0.235061 0.604864 -1233958382111765703463796736.000000 186
0.134576 0.557687 -3677381429195751907729080320.000000 168
0.250954 0.479057 -1984090894903008754021695488.000000 171
0.034091 0.510509 -5463714656726283288049614848.000000 151
-0.004231 0.392564 -61979005833136406842757349376.000000 135
0.123361 0.435810 14119171951003513656635817984.000000 154
0.382682 0.674543 456805970068145788994715648.000000 202
0.360982 0.819266 155949954739490080635748352.000000 203
0.219168 0.730672 -1626566355111313543861895168.000000 187
0.349368 0.525509 561124570514960151989977088.000000 189
0.382682 0.674543 456805970068145788994715648.000000 202
0.235061 0.604864 -1233958382111765703463796736.000000 186
0.447782 0.571962 -165995317218813090379857920.000000 205
0.534582 0.656244 -34004917958974295806836736.000000 217
0.382682 0.674543 456805970068145788994715648.000000 202
-0.876307 0.481754 -8317082885580939129247984779264.000000 40
-0.708183 0.493222 36097251238775788797516664799232.000000 56
-0.809017 0.587785 -8984142782365485449979690483712.000000 55
-0.389865 0.411315 4903410253680840399803421556736.000000 95
-0.250954 0.479057 -1025652644303323197619962904576.000000 114
-0.349368 0.525509 -987116346533884807819714101248.000000 113
-0.162647 0.251030 -1120240269936170077935141650432.000000 99
-0.135539 0.372907 5868865197876507874282176512.000000 116
-0.266847 0.353249 1778033213681231465684978892800.000000 98
-0.298634 0.101634 -28932561349666267631870114004992.000000 73
-0.189755 0.129154 3585887383172814135574019440640.000000 93
-0.282741 0.227442 1251079750956004284188116123648.000000 79
-0.042554 0.274619 241355552876622261710200242176.000000 117
-0.135539 0.372907 5868865197876507874282176512.000000 116
-0.162647 0.251030 -1120240269936170077935141650432.000000 99
-0.108431 0.494783 139951600101090418931944914944.000000 133
-0.004231 0.392564 -61979005833136406842757349376.000000 135
0.034091 0.510509 -5463714656726283288049614848.000000 151
-0.282741 0.227442 1251079750956004284188116123648.000000 79
-0.162647 0.251030 -1120240269936170077935141650432.000000 99
-0.266847 0.353249 1778033213681231465684978892800.000000 98
-0.042554 0.274619 241355552876622261710200242176.000000 117
-0.004231 0.392564 -61979005833136406842757349376.000000 135
-0.135539 0.372907 5868865197876507874282176512.000000 116
0.167922 0.223510 29963928743814987169486864384.000000 147
0.172130 0.119981 -39285647507664871701709062144.000000 137
0.282741 0.227442 2219128229368365641491283968.000000 155
0.060580 0.300829 -19386566775965885591927652352.000000 136
0.167922 0.223510 29963928743814987169486864384.000000 147
0.163714 0.327039 -4936626047690382120998404096.000000 153
0.040329 0.180264 -78920794268990576065834385408.000000 129
0.172130 0.119981 -39285647507664871701709062144.000000 137
0.167922 0.223510 29963928743814987169486864384.000000 147
-0.080876 0.156675 -129529846079250606114920726528.000000 110
0.040329 0.180264 -78920794268990576065834385408.000000 129
-0.042554 0.274619 241355552876622261710200242176.000000 117
0.020079 0.059698 373257693140928895804912959488.000000 118
0.172130 0.119981 -39285647507664871701709062144.000000 137
0.040329 0.180264 -78920794268990576065834385408.000000 129
0.282741 0.227442 2219128229368365641491283968.000000 155
0.266847 0.353249 -1438528943720144179642236928.000000 172
0.163714 0.327039 -4936626047690382120998404096.000000 153
-0.534582 0.656244 658967295074960461780712685568.000000 96
-0.535827 0.844328 -33145830654189422834501025792.000000 111
-0.637424 0.770513 -884693890448797438525384425472.000000 94
0.847640 -0.274036 25659913225639883068932096.000000 227
0.903483 -0.146108 -13352933564802289727700992.000000 239
0.792049 -0.172045 57339454565257169013309440.000000 224
0.968583 -0.248690 -493525592224115063783424.000000 241
0.903483 -0.146108 -13352933564802289727700992.000000 239
0.847640 -0.274036 25659913225639883068932096.000000 227
0.791796 -0.401964 68223318688127738953334784.000000 213
0.735953 -0.529892 -10517778668580406596468736.000000 196
0.876307 -0.481754 -17091231198814481212768256.000000 211
0.929776 -0.368125 -29328948873508815091269632.000000 226
0.791796 -0.401964 68223318688127738953334784.000000 213
0.876307 -0.481754 -17091231198814481212768256.000000 211
0.592925 -0.376490 741425982032355922613895168.000000 194
0.569181 -0.223917 728157428352036310521741312.000000 195
0.443723 -0.339315 -3501185127772638500041523200.000000 177
0.616669 -0.529062 215450139223192547805364224.000000 181
0.592925 -0.376490 741425982032355922613895168.000000 194
0.486789 -0.444362 -1646658146333433580396478464.000000 176
0.736206 -0.299972 -249130198135341771984470016.000000 212
0.569181 -0.223917 728157428352036310521741312.000000 195
0.592925 -0.376490 741425982032355922613895168.000000 194
0.847640 -0.274036 25659913225639883068932096.000000 227
0.736206 -0.299972 -249130198135341771984470016.000000 212
0.791796 -0.401964 68223318688127738953334784.000000 213
0.680615 -0.197981 -109426228401311027786940416.000000 209
0.569181 -0.223917 728157428352036310521741312.000000 195
0.736206 -0.299972 -249130198135341771984470016.000000 212
0.378100 -0.527404 785013491081605989036720128.000000 158
0.486789 -0.444362 -1646658146333433580396478464.000000 176
0.362206 -0.401597 12208995852248126896134422528.000000 159
0.518255 -0.575515 223432749446079084333367296.000000 164
0.393993 -0.653212 -521201547872784534237872128.000000 146
0.515708 -0.711863 -100338809141062055573323776.000000 162
0.486789 -0.444362 -1646658146333433580396478464.000000 176
0.518255 -0.575515 223432749446079084333367296.000000 164
0.616669 -0.529062 215450139223192547805364224.000000 181
0.378100 -0.527404 785013491081605989036720128.000000 158
0.393993 -0.653212 -521201547872784534237872128.000000 146
0.518255 -0.575515 223432749446079084333367296.000000 164
0.658410 -0.623625 -66760732931314278647988224.000000 179
0.728969 -0.684547 5101106545624472874909696.000000 180
0.735953 -0.529892 -10517778668580406596468736.000000 196
0.196515 -0.037934 16179097044084432802714484736.000000 140
0.330420 -0.149981 -3242762680704512048857350144.000000 160
0.314527 -0.024174 -3659986888593523848807186432.000000 157
-0.195844 -0.197159 -14249921251553589676833769521152.000000 84
-0.118071 -0.307241 5008827953766903184711745536000.000000 89
-0.064278 -0.185365 1908481108631033648662978756608.000000 103
-0.118071 -0.307241 5008827953766903184711745536000.000000 89
-0.234167 -0.315104 -14395277260624071933594922123264.000000 70
-0.145550 -0.426758 1400005638444591871026087854080.000000 87
0.210774 -0.256132 -19210669726322446049375944704.000000 142
0.346313 -0.275789 14127067208825990548981547008.000000 161
0.330420 -0.149981 -3242762680704512048857350144.000000 160
0.210774 -0.256132 -19210669726322446049375944704.000000 142
0.235267 -0.407887 -56347394694087053848591990784.000000 143
0.346313 -0.275789 14127067208825990548981547008.000000 161
0.067288 -0.173570 -168588093919393614623630426112.000000 121
0.114121 -0.291515 165093104981692515957361082368.000000 124
0.198854 -0.161776 13705446935511743075341828096.000000 141
0.108328 -0.414177 202973947009907666075529510912.000000 123
0.114121 -0.291515 165093104981692515957361082368.000000 124
-0.001975 -0.299378 -959715022877378420775204159488.000000 107
0.247982 -0.508533 -23246383960603303622144425984.000000 139
0.362206 -0.401597 12208995852248126896134422528.000000 159
0.235267 -0.407887 -56347394694087053848591990784.000000 143
0.443723 -0.339315 -3501185127772638500041523200.000000 177
0.486789 -0.444362 -1646658146333433580396478464.000000 176
0.592925 -0.376490 741425982032355922613895168.000000 194
0.346313 -0.275789 14127067208825990548981547008.000000 161
0.443723 -0.339315 -3501185127772638500041523200.000000 177
0.469331 -0.217723 -1703854136467360819330416640.000000 178
0.362206 -0.401597 12208995852248126896134422528.000000 159
0.486789 -0.444362 -1646658146333433580396478464.000000 176
0.443723 -0.339315 -3501185127772638500041523200.000000 177
0.518255 -0.575515 223432749446079084333367296.000000 164
0.658410 -0.623625 -66760732931314278647988224.000000 179
0.616669 -0.529062 215450139223192547805364224.000000 181
0.735953 -0.529892 -10517778668580406596468736.000000 196
0.809017 -0.587785 8241838170831368333819904.000000 193
0.876307 -0.481754 -17091231198814481212768256.000000 211
0.616669 -0.529062 215450139223192547805364224.000000 181
0.658410 -0.623625 -66760732931314278647988224.000000 179
0.735953 -0.529892 -10517778668580406596468736.000000 196
0.791796 -0.401964 68223318688127738953334784.000000 213
0.736206 -0.299972 -249130198135341771984470016.000000 212
0.664439 -0.453191 -129672467953014584511561728.000000 197
0.486789 -0.444362 -1646658146333433580396478464.000000 176
0.378100 -0.527404 785013491081605989036720128.000000 158
0.518255 -0.575515 223432749446079084333367296.000000 164
0.728969 -0.684547 5101106545624472874909696.000000 180
0.809017 -0.587785 8241838170831368333819904.000000 193
0.735953 -0.529892 -10517778668580406596468736.000000 196
0.847640 -0.274036 25659913225639883068932096.000000 227
0.792049 -0.172045 57339454565257169013309440.000000 224
0.736206 -0.299972 -249130198135341771984470016.000000 212
0.838383 -0.043527 -9721576379748203762810880.000000 225
0.792049 -0.172045 57339454565257169013309440.000000 224
0.903483 -0.146108 -13352933564802289727700992.000000 239
0.715365 -0.101593 11319061091024918162702336.000000 210
0.680615 -0.197981 -109426228401311027786940416.000000 209
0.792049 -0.172045 57339454565257169013309440.000000 224
1.000000 -0.000000 6609000007639127069556736.000000 240
0.992115 0.125333 -1708430157168330317758464.000000 233
0.915249 0.040903 -855544838900097392574464.000000 228
0.295977 -0.844070 606564908031800112658251776.000000 125
0.177179 -0.862891 3991643430484846306861776896.000000 109
0.309017 -0.951057 -1117288095372607048537604096.000000 108
0.425779 -0.904827 -407167778506029224708538368.000000 126
0.295977 -0.844070 606564908031800112658251776.000000 125
0.309017 -0.951057 -1117288095372607048537604096.000000 108
0.282937 -0.737084 -6920030860861758600170700800.000000 127
0.177179 -0.862891 3991643430484846306861776896.000000 109
0.295977 -0.844070 606564908031800112658251776.000000 125
0.062791 -0.998027 -15296706603972738834778554368.000000 72
0.060826 -0.904827 9378929158991160314205044736.000000 91
-0.062791 -0.998027 44331758321366268363768070144.000000 71
-0.272489 -0.433048 1328286592366321097143069179904.000000 67
-0.234167 -0.315104 -14395277260624071933594922123264.000000 70
-0.362206 -0.401597 28941212551092560197070807367680.000000 53
-0.349134 -0.668938 4190357191293901161386307747840.000000 51
-0.166657 -0.668938 -1075617858913916508502801514496.000000 68
-0.219573 -0.550993 3210079128642864046252675301376.000000 69
-0.005837 -0.810471 -49730896902881673289618423808.000000 101
-0.060826 -0.904827 -37736504611648614745965068288.000000 82
0.060826 -0.904827 9378929158991160314205044736.000000 91
0.177179 -0.862891 3991643430484846306861776896.000000 109
-0.005837 -0.810471 -49730896902881673289618423808.000000 101
0.060826 -0.904827 9378929158991160314205044736.000000 91
-0.072500 -0.716116 103296535790698759231767576576.000000 83
-0.156928 -0.826197 341961753145817201090725150720.000000 81
-0.005837 -0.810471 -49730896902881673289618423808.000000 101
-0.272489 -0.433048 1328286592366321097143069179904.000000 67
-0.219573 -0.550993 3210079128642864046252675301376.000000 69
-0.145550 -0.426758 1400005638444591871026087854080.000000 87
-0.321429 -0.833823 -566337927725588575428771053568.000000 46
-0.409886 -0.779019 4787627337685125400295395819520.000000 45
-0.425779 -0.904827 -1167176120571924943837392273408.000000 32
-0.232973 -0.888627 326070426766572608764554248192.000000 62
-0.321429 -0.833823 -566337927725588575428771053568.000000 46
-0.309017 -0.951057 362101992096392778547271303168.000000 47
-0.232973 -0.888627 326070426766572608764554248192.000000 62
-0.253031 -0.747568 -1429979295796341752017690034176.000000 61
-0.321429 -0.833823 -566337927725588575428771053568.000000 46
-0.166657 -0.668938 -1075617858913916508502801514496.000000 68
-0.253031 -0.747568 -1429979295796341752017690034176.000000 61
-0.156928 -0.826197 341961753145817201090725150720.000000 81
-0.349134 -0.668938 4190357191293901161386307747840.000000 51
-0.409886 -0.779019 4787627337685125400295395819520.000000 45
-0.253031 -0.747568 -1429979295796341752017690034176.000000 61
0.187381 -0.982287 -2024631182742565959705296896.000000 90
0.060826 -0.904827 9378929158991160314205044736.000000 91
0.062791 -0.998027 -15296706603972738834778554368.000000 72
0.235267 -0.407887 -56347394694087053848591990784.000000 143
0.362206 -0.401597 12208995852248126896134422528.000000 159
0.346313 -0.275789 14127067208825990548981547008.000000 161
0.298781 -0.621760 9219969258558439261705601024.000000 138
0.378100 -0.527404 785013491081605989036720128.000000 158
0.247982 -0.508533 -23246383960603303622144425984.000000 139
0.518255 -0.575515 223432749446079084333367296.000000 164
0.515708 -0.711863 -100338809141062055573323776.000000 162
0.658410 -0.623625 -66760732931314278647988224.000000 179
0.298781 -0.621760 9219969258558439261705601024.000000 138
0.393993 -0.653212 -521201547872784534237872128.000000 146
0.378100 -0.527404 785013491081605989036720128.000000 158
0.141155 -0.577727 -44940242358607608492582764544.000000 120
0.164458 -0.730094 25611908521305617455143452672.000000 119
0.298781 -0.621760 9219969258558439261705601024.000000 138
0.108328 -0.414177 202973947009907666075529510912.000000 123
0.141155 -0.577727 -44940242358607608492582764544.000000 120
0.247982 -0.508533 -23246383960603303622144425984.000000 139
0.034327 -0.646921 -50056976864547503368830976000.000000 102
0.164458 -0.730094 25611908521305617455143452672.000000 119
0.141155 -0.577727 -44940242358607608492582764544.000000 120
0.108328 -0.414177 202973947009907666075529510912.000000 123
-0.012254 -0.470791 87178799259750194305543700480.000000 105
0.141155 -0.577727 -44940242358607608492582764544.000000 120
-0.072500 -0.716116 103296535790698759231767576576.000000 83
-0.005837 -0.810471 -49730896902881673289618423808.000000 101
0.034327 -0.646921 -50056976864547503368830976000.000000 102
0.282937 -0.737084 -6920030860861758600170700800.000000 127
0.393993 -0.653212 -521201547872784534237872128.000000 146
0.298781 -0.621760 9219969258558439261705601024.000000 138
-0.005837 -0.810471 -49730896902881673289618423808.000000 101
0.177179 -0.862891 3991643430484846306861776896.000000 109
0.164458 -0.730094 25611908521305617455143452672.000000 119
0.187381 -0.982287 -2024631182742565959705296896.000000 90
0.177179 -0.862891 3991643430484846306861776896.000000 109
0.060826 -0.904827 9378929158991160314205044736.000000 91
0.187381 -0.982287 -2024631182742565959705296896.000000 90
0.309017 -0.951057 -1117288095372607048537604096.000000 108
0.177179 -0.862891 3991643430484846306861776896.000000 109
0.409886 -0.779019 1244749696222402246468435968.000000 144
0.393993 -0.653212 -521201547872784534237872128.000000 146
0.282937 -0.737084 -6920030860861758600170700800.000000 127
0.515708 -0.711863 -100338809141062055573323776.000000 162
0.637424 -0.770513 113910214947167560001388544.000000 163
0.658410 -0.623625 -66760732931314278647988224.000000 179
0.409886 -0.779019 1244749696222402246468435968.000000 144
0.515708 -0.711863 -100338809141062055573323776.000000 162
0.393993 -0.653212 -521201547872784534237872128.000000 146
0.409886 -0.779019 1244749696222402246468435968.000000 144
0.535827 -0.844328 -334593683448386750232133632.000000 145
0.515708 -0.711863 -100338809141062055573323776.000000 162
0.425779 -0.904827 -407167778506029224708538368.000000 126
0.409886 -0.779019 1244749696222402246468435968.000000 144
0.295977 -0.844070 606564908031800112658251776.000000 125
-0.065162 -0.389016 -662101289179806175949316161536.000000 106
-0.145550 -0.426758 1400005638444591871026087854080.000000 87
-0.115913 -0.510892 -492682213953810332883512983552.000000 88
-0.272489 -0.433048 1328286592366321097143069179904.000000 67
-0.145550 -0.426758 1400005638444591871026087854080.000000 87
-0.234167 -0.315104 -14395277260624071933594922123264.000000 70
-0.219573 -0.550993 3210079128642864046252675301376.000000 69
-0.378100 -0.527404 -21770814734575584498352920723456.000000 52
-0.349134 -0.668938 4190357191293901161386307747840.000000 51
-0.072500 -0.716116 103296535790698759231767576576.000000 83
-0.042377 -0.593453 329542063134353018976718553088.000000 86
-0.166657 -0.668938 -1075617858913916508502801514496.000000 68
-0.272489 -0.433048 1328286592366321097143069179904.000000 67
-0.378100 -0.527404 -21770814734575584498352920723456.000000 52
-0.219573 -0.550993 3210079128642864046252675301376.000000 69
0.535827 -0.844328 -334593683448386750232133632.000000 145
0.409886 -0.779019 1244749696222402246468435968.000000 144
0.425779 -0.904827 -407167778506029224708538368.000000 126
0.535827 -0.844328 -334593683448386750232133632.000000 145
0.637424 -0.770513 113910214947167560001388544.000000 163
0.515708 -0.711863 -100338809141062055573323776.000000 162
0.409886 -0.779019 1244749696222402246468435968.000000 144
0.282937 -0.737084 -6920030860861758600170700800.000000 127
0.295977 -0.844070 606564908031800112658251776.000000 125
0.637424 -0.770513 113910214947167560001388544.000000 163
0.728969 -0.684547 5101106545624472874909696.000000 180
0.658410 -0.623625 -66760732931314278647988224.000000 179
-0.309017 0.951057 -19824744923771159870621876224.000000 148
-0.203275 0.856480 -1098044084949025140353531904.000000 149
-0.187381 0.982287 5328873122736738723638018048.000000 165
-0.109200 0.735914 20651725577860669843747897344.000000 150
-0.219168 0.730672 -35836316285403214460462563328.000000 134
-0.081324 0.616659 -72540595412624502372347936768.000000 152
-0.187381 0.982287 5328873122736738723638018048.000000 165
-0.203275 0.856480 -1098044084949025140353531904.000000 149
-0.089651 0.864346 -5687454985770192452861296640.000000 166
-0.219168 0.730672 -35836316285403214460462563328.000000 134
-0.382682 0.674543 -154064702566576647839437291520.000000 115
-0.235061 0.604864 320688073025828469115816247296.000000 132
-0.089651 0.864346 -5687454985770192452861296640.000000 166
-0.109200 0.735914 20651725577860669843747897344.000000 150
0.000768 0.741156 9008910199320117769553313792.000000 167
-0.253031 -0.747568 -1429979295796341752017690034176.000000 61
-0.166657 -0.668938 -1075617858913916508502801514496.000000 68
-0.349134 -0.668938 4190357191293901161386307747840.000000 51
-0.060826 -0.904827 -37736504611648614745965068288.000000 82
-0.156928 -0.826197 341961753145817201090725150720.000000 81
-0.187381 -0.982287 -192835551734872971832949997568.000000 63
-0.060826 -0.904827 -37736504611648614745965068288.000000 82
-0.005837 -0.810471 -49730896902881673289618423808.000000 101
-0.156928 -0.826197 341961753145817201090725150720.000000 81
-0.232973 -0.888627 326070426766572608764554248192.000000 62
-0.156928 -0.826197 341961753145817201090725150720.000000 81
-0.253031 -0.747568 -1429979295796341752017690034176.000000 61
-0.187381 -0.982287 -192835551734872971832949997568.000000 63
-0.232973 -0.888627 326070426766572608764554248192.000000 62
-0.309017 -0.951057 362101992096392778547271303168.000000 47
-0.187381 -0.982287 -192835551734872971832949997568.000000 63
-0.156928 -0.826197 341961753145817201090725150720.000000 81
-0.232973 -0.888627 326070426766572608764554248192.000000 62
-0.062791 -0.998027 44331758321366268363768070144.000000 71
-0.060826 -0.904827 -37736504611648614745965068288.000000 82
-0.187381 -0.982287 -192835551734872971832949997568.000000 63
-0.042377 -0.593453 329542063134353018976718553088.000000 86
-0.072500 -0.716116 103296535790698759231767576576.000000 83
0.034327 -0.646921 -50056976864547503368830976000.000000 102
-0.012254 -0.470791 87178799259750194305543700480.000000 105
-0.042377 -0.593453 329542063134353018976718553088.000000 86
0.034327 -0.646921 -50056976864547503368830976000.000000 102
-0.115913 -0.510892 -492682213953810332883512983552.000000 88
-0.166657 -0.668938 -1075617858913916508502801514496.000000 68
-0.042377 -0.593453 329542063134353018976718553088.000000 86
-0.518255 -0.575515 102910288726665913501754647904256.000000 36
-0.616669 -0.529062 -610669391847611508054929411407872.000000 25
-0.658410 -0.623625 -23155251930124260160115268648960.000000 24
-0.433694 -0.622226 -12618708061730727648387003318272.000000 37
-0.518255 -0.575515 102910288726665913501754647904256.000000 36
-0.534148 -0.701322 -16018583743413174886996031569920.000000 31
-0.409886 -0.779019 4787627337685125400295395819520.000000 45
-0.433694 -0.622226 -12618708061730727648387003318272.000000 37
-0.534148 -0.701322 -16018583743413174886996031569920.000000 31
-0.349134 -0.668938 4190357191293901161386307747840.000000 51
-0.378100 -0.527404 -21770814734575584498352920723456.000000 52
-0.433694 -0.622226 -12618708061730727648387003318272.000000 37
-0.378100 -0.527404 -21770814734575584498352920723456.000000 52
-0.486789 -0.444362 28125035825153154006520183128064.000000 38
-0.518255 -0.575515 102910288726665913501754647904256.000000 36
0.060826 -0.904827 9378929158991160314205044736.000000 91
-0.060826 -0.904827 -37736504611648614745965068288.000000 82
-0.062791 -0.998027 44331758321366268363768070144.000000 71
-0.534148 -0.701322 -16018583743413174886996031569920.000000 31
-0.535827 -0.844328 -1733971956591202066825312468992.000000 30
-0.409886 -0.779019 4787627337685125400295395819520.000000 45
-0.486789 -0.444362 28125035825153154006520183128064.000000 38
-0.378100 -0.527404 -21770814734575584498352920723456.000000 52
-0.362206 -0.401597 28941212551092560197070807367680.000000 53
-0.728969 -0.684547 -173486898329184398928210982600704.000000 14
-0.637424 -0.770513 37289190292779145968574076551168.000000 19
-0.658410 -0.623625 -23155251930124260160115268648960.000000 24
-0.321429 -0.833823 -566337927725588575428771053568.000000 46
-0.253031 -0.747568 -1429979295796341752017690034176.000000 61
-0.409886 -0.779019 4787627337685125400295395819520.000000 45
-0.346313 -0.275789 61540208333130079512304233218048.000000 64
-0.362206 -0.401597 28941212551092560197070807367680.000000 53
-0.234167 -0.315104 -14395277260624071933594922123264.000000 70
-0.195844 -0.197159 -14249921251553589676833769521152.000000 84
-0.346313 -0.275789 61540208333130079512304233218048.000000 64
-0.234167 -0.315104 -14395277260624071933594922123264.000000 70
-0.658594 0.038247 2094798964746513279223854937407488.000000 29
-0.584401 -0.096754 551768820711663382807191211737088.000000 35
-0.515073 -0.029496 -547330861293005262235471544582144.000000 39
-0.330420 -0.149981 24883411073195130224161379581952.000000 66
-0.441136 -0.097722 -12997454438809110707760210640896.000000 50
-0.469331 -0.217723 -174556805312737516676908337594368.000000 49
-0.330420 -0.149981 24883411073195130224161379581952.000000 66
-0.314527 -0.024174 -23983076034719036917953645772800.000000 65
-0.441136 -0.097722 -12997454438809110707760210640896.000000 50
-0.321429 -0.833823 -566337927725588575428771053568.000000 46
-0.425779 -0.904827 -1167176120571924943837392273408.000000 32
-0.309017 -0.951057 362101992096392778547271303168.000000 47
-0.378100 -0.527404 -21770814734575584498352920723456.000000 52
-0.518255 -0.575515 102910288726665913501754647904256.000000 36
-0.433694 -0.622226 -12618708061730727648387003318272.000000 37
-0.535827 -0.844328 -1733971956591202066825312468992.000000 30
-0.425779 -0.904827 -1167176120571924943837392273408.000000 32
-0.409886 -0.779019 4787627337685125400295395819520.000000 45
0.298634 0.101634 4636453026035322147974414336.000000 156
0.172130 0.119981 -39285647507664871701709062144.000000 137
0.196515 -0.037934 16179097044084432802714484736.000000 140
-0.216863 0.007278 10596452100716541403622811893760.000000 80
-0.157522 -0.079215 166558841563709068911872835584.000000 85
-0.119199 0.038730 -1924344139024573465306647756800.000000 100
0.198854 -0.161776 13705446935511743075341828096.000000 141
0.210774 -0.256132 -19210669726322446049375944704.000000 142
0.330420 -0.149981 -3242762680704512048857350144.000000 160
-0.118071 -0.307241 5008827953766903184711745536000.000000 89
-0.195844 -0.197159 -14249921251553589676833769521152.000000 84
-0.234167 -0.315104 -14395277260624071933594922123264.000000 70
0.114121 -0.291515 165093104981692515957361082368.000000 124
0.235267 -0.407887 -56347394694087053848591990784.000000 143
0.210774 -0.256132 -19210669726322446049375944704.000000 142
0.114121 -0.291515 165093104981692515957361082368.000000 124
0.108328 -0.414177 202973947009907666075529510912.000000 123
0.235267 -0.407887 -56347394694087053848591990784.000000 143
0.198854 -0.161776 13705446935511743075341828096.000000 141
0.114121 -0.291515 165093104981692515957361082368.000000 124
0.210774 -0.256132 -19210669726322446049375944704.000000 142
0.067288 -0.173570 -168588093919393614623630426112.000000 121
-0.064278 -0.185365 1908481108631033648662978756608.000000 103
-0.001975 -0.299378 -959715022877378420775204159488.000000 107
-0.012254 -0.470791 87178799259750194305543700480.000000 105
0.034327 -0.646921 -50056976864547503368830976000.000000 102
0.141155 -0.577727 -44940242358607608492582764544.000000 120
-0.064278 -0.185365 1908481108631033648662978756608.000000 103
-0.035536 -0.096906 74748304364385547772969877504.000000 104
-0.157522 -0.079215 166558841563709068911872835584.000000 85
-0.001975 -0.299378 -959715022877378420775204159488.000000 107
-0.064278 -0.185365 1908481108631033648662978756608.000000 103
-0.118071 -0.307241 5008827953766903184711745536000.000000 89
0.067288 -0.173570 -168588093919393614623630426112.000000 121
-0.035536 -0.096906 74748304364385547772969877504.000000 104
-0.064278 -0.185365 1908481108631033648662978756608.000000 103
-0.330420 -0.149981 24883411073195130224161379581952.000000 66
-0.195844 -0.197159 -14249921251553589676833769521152.000000 84
-0.157522 -0.079215 166558841563709068911872835584.000000 85
-0.330420 -0.149981 24883411073195130224161379581952.000000 66
-0.346313 -0.275789 61540208333130079512304233218048.000000 64
-0.195844 -0.197159 -14249921251553589676833769521152.000000 84
-0.658594 0.038247 2094798964746513279223854937407488.000000 29
-0.576964 0.099699 -331526654698715042582589578674176.000000 44
-0.708183 0.161636 758709912165091197141083729428480.000000 28
-0.838383 -0.043527 34850576316669918708244048737468416.000000 12
-0.715365 -0.101593 -6461100169086917738938082862825472.000000 23
-0.773283 0.059054 -5374035740299198846809001647144960.000000 18
-0.584401 -0.096754 551768820711663382807191211737088.000000 35
-0.469331 -0.217723 -174556805312737516676908337594368.000000 49
-0.441136 -0.097722 -12997454438809110707760210640896.000000 50
-0.715365 -0.101593 -6461100169086917738938082862825472.000000 23
-0.584401 -0.096754 551768820711663382807191211737088.000000 35
-0.658594 0.038247 2094798964746513279223854937407488.000000 29
-0.773283 0.059054 -5374035740299198846809001647144960.000000 18
-0.715365 -0.101593 -6461100169086917738938082862825472.000000 23
-0.658594 0.038247 2094798964746513279223854937407488.000000 29
-0.680615 -0.197981 825033598273313894065121416708096.000000 22
-0.569181 -0.223917 726541070608622666991845733564416.000000 34
-0.584401 -0.096754 551768820711663382807191211737088.000000 35
-0.792049 -0.172045 7486697715884535751386217286991872.000000 13
-0.680615 -0.197981 825033598273313894065121416708096.000000 22
-0.715365 -0.101593 -6461100169086917738938082862825472.000000 23
-0.792049 -0.172045 7486697715884535751386217286991872.000000 13
-0.847640 -0.274036 31136366705582873436226144408961024.000000 11
-0.680489 -0.312940 -6232393882568111001286813518135296.000000 21
-0.715365 -0.101593 -6461100169086917738938082862825472.000000 23
-0.680615 -0.197981 825033598273313894065121416708096.000000 22
-0.584401 -0.096754 551768820711663382807191211737088.000000 35
-0.838383 -0.043527 34850576316669918708244048737468416.000000 12
-0.792049 -0.172045 7486697715884535751386217286991872.000000 13
-0.715365 -0.101593 -6461100169086917738938082862825472.000000 23
-0.314527 -0.024174 -23983076034719036917953645772800.000000 65
-0.298634 0.101634 -28932561349666267631870114004992.000000 73
-0.445745 0.037763 130969310658830507956442499121152.000000 54
-0.680489 -0.312940 -6232393882568111001286813518135296.000000 21
-0.592925 -0.376490 560251663141286582166942524637184.000000 33
-0.569181 -0.223917 726541070608622666991845733564416.000000 34
-0.569181 -0.223917 726541070608622666991845733564416.000000 34
-0.592925 -0.376490 560251663141286582166942524637184.000000 33
-0.443723 -0.339315 -257452630222521132264974691860480.000000 48
-0.658410 -0.623625 -23155251930124260160115268648960.000000 24
-0.616669 -0.529062 -610669391847611508054929411407872.000000 25
-0.735953 -0.529892 795603153996431877904795445493760.000000 15
-0.658410 -0.623625 -23155251930124260160115268648960.000000 24
-0.534148 -0.701322 -16018583743413174886996031569920.000000 31
-0.518255 -0.575515 102910288726665913501754647904256.000000 36
-0.443723 -0.339315 -257452630222521132264974691860480.000000 48
-0.469331 -0.217723 -174556805312737516676908337594368.000000 49
-0.569181 -0.223917 726541070608622666991845733564416.000000 34
-0.362206 -0.401597 28941212551092560197070807367680.000000 53
-0.443723 -0.339315 -257452630222521132264974691860480.000000 48
-0.486789 -0.444362 28125035825153154006520183128064.000000 38
-0.362206 -0.401597 28941212551092560197070807367680.000000 53
-0.346313 -0.275789 61540208333130079512304233218048.000000 64
-0.443723 -0.339315 -257452630222521132264974691860480.000000 48
0.247982 -0.508533 -23246383960603303622144425984.000000 139
0.141155 -0.577727 -44940242358607608492582764544.000000 120
0.298781 -0.621760 9219969258558439261705601024.000000 138
-0.156928 -0.826197 341961753145817201090725150720.000000 81
-0.072500 -0.716116 103296535790698759231767576576.000000 83
-0.166657 -0.668938 -1075617858913916508502801514496.000000 68
0.164458 -0.730094 25611908521305617455143452672.000000 119
0.177179 -0.862891 3991643430484846306861776896.000000 109
0.282937 -0.737084 -6920030860861758600170700800.000000 127
0.298781 -0.621760 9219969258558439261705601024.000000 138
0.164458 -0.730094 25611908521305617455143452672.000000 119
0.282937 -0.737084 -6920030860861758600170700800.000000 127
0.034327 -0.646921 -50056976864547503368830976000.000000 102
-0.005837 -0.810471 -49730896902881673289618423808.000000 101
0.164458 -0.730094 25611908521305617455143452672.000000 119
0.108328 -0.414177 202973947009907666075529510912.000000 123
0.247982 -0.508533 -23246383960603303622144425984.000000 139
0.235267 -0.407887 -56347394694087053848591990784.000000 143
-0.115913 -0.510892 -492682213953810332883512983552.000000 88
-0.012254 -0.470791 87178799259750194305543700480.000000 105
-0.065162 -0.389016 -662101289179806175949316161536.000000 106
-0.219573 -0.550993 3210079128642864046252675301376.000000 69
-0.115913 -0.510892 -492682213953810332883512983552.000000 88
-0.145550 -0.426758 1400005638444591871026087854080.000000 87
-0.219573 -0.550993 3210079128642864046252675301376.000000 69
-0.166657 -0.668938 -1075617858913916508502801514496.000000 68
-0.115913 -0.510892 -492682213953810332883512983552.000000 88
-0.115913 -0.510892 -492682213953810332883512983552.000000 88
-0.042377 -0.593453 329542063134353018976718553088.000000 86
-0.012254 -0.470791 87178799259750194305543700480.000000 105
0.378100 -0.527404 785013491081605989036720128.000000 158
0.362206 -0.401597 12208995852248126896134422528.000000 159
0.247982 -0.508533 -23246383960603303622144425984.000000 139
