-0.903483 -0.146108 -861989345300359600081574193178607616.000000 5
-0.992115 -0.125333 7644479363942863613011897942196355072.000000 1
-0.968583 -0.248690 -876077887254203048398064914433835008.000000 2
-0.929776 -0.368125 69736492566061879875157810705596416.000000 3
-0.847640 -0.274036 249090933644662987489809155271688192.000000 11
-0.968583 -0.248690 -876077887254203048398064914433835008.000000 2
-0.838383 -0.043527 278804610533359349665952389899747328.000000 12
-1.000000 -0.000000 -661683038122472559558769400222842880.000000 4
-0.903483 -0.146108 -861989345300359600081574193178607616.000000 5
-0.791796 -0.401964 -53131426193956524372000967984414720.000000 10
-0.876307 -0.481754 5626899021270094426135472348594176.000000 6
-0.735953 -0.529892 6364825231971453870316858957103104.000000 15
-0.664439 -0.453191 24070986849525495281538953579069440.000000 20
-0.592925 -0.376490 4482013305130292080874787893673984.000000 33
-0.680489 -0.312940 -49859151060544888010294508145082368.000000 21
-0.616669 -0.529062 -4885355134780891487978682987839488.000000 25
-0.664439 -0.453191 24070986849525495281538953579069440.000000 20
-0.735953 -0.529892 6364825231971453870316858957103104.000000 15
-0.616669 -0.529062 -4885355134780891487978682987839488.000000 25
-0.592925 -0.376490 4482013305130292080874787893673984.000000 33
-0.664439 -0.453191 24070986849525495281538953579069440.000000 20
-0.847640 -0.274036 249090933644662987489809155271688192.000000 11
-0.929776 -0.368125 69736492566061879875157810705596416.000000 3
-0.791796 -0.401964 -53131426193956524372000967984414720.000000 10
-0.577982 0.366799 226710627318458213264654277279744.000000 58
-0.479568 0.320346 -118116730439182329038503264911360.000000 75
-0.512882 0.469380 -43496334623803488987519308005376.000000 77
-0.381154 0.273894 -123828418570450160507901691559936.000000 78
-0.528266 0.210023 522033320987404000248562026807296.000000 59
-0.413450 0.155828 255696647130623377057524763066368.000000 60
-0.389865 0.411315 39227282029446718694827745083392.000000 95
-0.479568 0.320346 -118116730439182329038503264911360.000000 75
-0.381154 0.273894 -123828418570450160507901691559936.000000 78
-0.250954 0.479057 -8205221154426578825560262180864.000000 114
-0.389865 0.411315 39227282029446718694827745083392.000000 95
-0.266847 0.353249 14224265709449842718280576401408.000000 98
-0.349368 0.525509 -7896930772271082966157340180480.000000 113
-0.447782 0.571962 10744824721076551056928423280640.000000 97
-0.389865 0.411315 39227282029446718694827745083392.000000 95
-0.577982 0.366799 226710627318458213264654277279744.000000 58
-0.528266 0.210023 522033320987404000248562026807296.000000 59
-0.479568 0.320346 -118116730439182329038503264911360.000000 75
-0.080876 0.156675 -1036238768634003582281970614272.000000 110
-0.042554 0.274619 1930844423012976404831741673472.000000 117
-0.162647 0.251030 -8961922159489354993981598990336.000000 99
-0.189755 0.129154 28687099065382499573793273413632.000000 93
-0.080876 0.156675 -1036238768634003582281970614272.000000 110
-0.162647 0.251030 -8961922159489354993981598990336.000000 99
-0.282741 0.227442 10008638007648024140405767405568.000000 79
-0.189755 0.129154 28687099065382499573793273413632.000000 93
-0.162647 0.251030 -8961922159489354993981598990336.000000 99
-0.298634 0.101634 -231460490797330105026163893075968.000000 73
-0.216863 0.007278 84771616805732331228982495150080.000000 80
-0.189755 0.129154 28687099065382499573793273413632.000000 93
0.198854 -0.161776 109643575484093627943385825280.000000 141
0.078503 -0.051694 -301659242142180482610924355584.000000 122
0.067288 -0.173570 -1348704751355147791089136566272.000000 121
0.125317 0.034143 -651836801612352458908487385088.000000 128
0.020079 0.059698 2986061545127432292339210518528.000000 118
0.078503 -0.051694 -301659242142180482610924355584.000000 122
0.196515 -0.037934 129432776352675515198274011136.000000 140
0.125317 0.034143 -651836801612352458908487385088.000000 128
0.078503 -0.051694 -301659242142180482610924355584.000000 122
0.172130 0.119981 -314285180061319079166788763648.000000 137
0.020079 0.059698 2986061545127432292339210518528.000000 118
0.125317 0.034143 -651836801612352458908487385088.000000 128
0.282741 0.227442 17753025834946944923139571712.000000 155
0.172130 0.119981 -314285180061319079166788763648.000000 137
0.298634 0.101634 37091624208282594775981359104.000000 156
0.282741 0.227442 17753025834946944923139571712.000000 155
0.163714 0.327039 -39493008381523087754312810496.000000 153
0.167922 0.223510 239711429950519932540267003904.000000 147
-0.080876 0.156675 -1036238768634003582281970614272.000000 110
-0.119199 0.038730 -15394753112196587722453182054400.000000 100
0.020079 0.059698 2986061545127432292339210518528.000000 118
-0.838383 -0.043527 278804610533359349665952389899747328.000000 12
-0.915249 0.040903 47800416147877783455320258719514624.000000 9
-1.000000 -0.000000 -661683038122472559558769400222842880.000000 4
-0.903483 -0.146108 -861989345300359600081574193178607616.000000 5
-1.000000 -0.000000 -661683038122472559558769400222842880.000000 4
-0.992115 -0.125333 7644479363942863613011897942196355072.000000 1
-0.362206 -0.401597 231529700408740589662957515833344.000000 53
-0.378100 -0.527404 -174166517876604639958026346823680.000000 52
-0.272489 -0.433048 10626292738930553014545857642496.000000 67
-0.847640 -0.274036 249090933644662987489809155271688192.000000 11
-0.903483 -0.146108 -861989345300359600081574193178607616.000000 5
-0.968583 -0.248690 -876077887254203048398064914433835008.000000 2
-0.847640 -0.274036 249090933644662987489809155271688192.000000 11
-0.792049 -0.172045 59893581727076286011089738295934976.000000 13
-0.903483 -0.146108 -861989345300359600081574193178607616.000000 5
-0.876307 -0.481754 5626899021270094426135472348594176.000000 6
-0.791796 -0.401964 -53131426193956524372000967984414720.000000 10
-0.929776 -0.368125 69736492566061879875157810705596416.000000 3
-0.664439 -0.453191 24070986849525495281538953579069440.000000 20
-0.791796 -0.401964 -53131426193956524372000967984414720.000000 10
-0.735953 -0.529892 6364825231971453870316858957103104.000000 15
-0.680615 -0.197981 6600268786186507693756457513123840.000000 22
-0.680489 -0.312940 -49859151060544888010294508145082368.000000 21
-0.569181 -0.223917 5812328564868982488856270475362304.000000 34
-0.680615 -0.197981 6600268786186507693756457513123840.000000 22
-0.792049 -0.172045 59893581727076286011089738295934976.000000 13
-0.680489 -0.312940 -49859151060544888010294508145082368.000000 21
-0.515073 -0.029496 -4378646890344042097883772356657152.000000 39
-0.441136 -0.097722 -103979635510472543388510004969472.000000 50
-0.445745 0.037763 1047754485270643919536351917113344.000000 54
-0.330420 -0.149981 199067288585560969735696998727680.000000 66
-0.469331 -0.217723 -1396454442501900709876019004178432.000000 49
-0.346313 -0.275789 492321666665040780213621941600256.000000 64
-0.838383 -0.043527 278804610533359349665952389899747328.000000 12
-0.903483 -0.146108 -861989345300359600081574193178607616.000000 5
-0.792049 -0.172045 59893581727076286011089738295934976.000000 13
-0.735953 -0.529892 6364825231971453870316858957103104.000000 15
-0.809017 -0.587785 -4237554233532266554316616382808064.000000 7
-0.728969 -0.684547 -1387895186633474326734559405670400.000000 14
-0.346313 -0.275789 492321666665040780213621941600256.000000 64
-0.469331 -0.217723 -1396454442501900709876019004178432.000000 49
-0.443723 -0.339315 -2059621041780169346350173686595584.000000 48
-0.876307 -0.481754 5626899021270094426135472348594176.000000 6
-0.809017 -0.587785 -4237554233532266554316616382808064.000000 7
-0.735953 -0.529892 6364825231971453870316858957103104.000000 15
-0.309017 0.951057 -158597959390169314149347098624.000000 148
-0.317582 0.777124 311818257545236226335993495552.000000 131
-0.203275 0.856480 -8784352679592170336502677504.000000 149
-0.915249 0.040903 47800416147877783455320258719514624.000000 9
-0.992115 0.125333 64732717603352300403084015253323776.000000 8
-1.000000 -0.000000 -661683038122472559558769400222842880.000000 4
-0.773283 0.059054 -42992285922393590774472013177159680.000000 18
-0.915249 0.040903 47800416147877783455320258719514624.000000 9
-0.838383 -0.043527 278804610533359349665952389899747328.000000 12
-0.773283 0.059054 -42992285922393590774472013177159680.000000 18
-0.838383 0.205163 -12926922293554319137085796818878464.000000 17
-0.915249 0.040903 47800416147877783455320258719514624.000000 9
-0.317582 0.777124 311818257545236226335993495552.000000 131
-0.309017 0.951057 -158597959390169314149347098624.000000 148
-0.425779 0.904827 229721322532002885153507508224.000000 130
-0.447782 0.737755 -833448694526670084630774808576.000000 112
-0.425779 0.904827 229721322532002885153507508224.000000 130
-0.535827 0.844328 -265166645233515523413496561664.000000 111
-0.992115 0.125333 64732717603352300403084015253323776.000000 8
-0.915249 0.040903 47800416147877783455320258719514624.000000 9
-0.838383 0.205163 -12926922293554319137085796818878464.000000 17
-0.382682 0.674543 -1232517620532612619765544910848.000000 115
-0.447782 0.571962 10744824721076551056928423280640.000000 97
-0.349368 0.525509 -7896930772271082966157340180480.000000 113
-0.425779 0.904827 229721322532002885153507508224.000000 130
-0.447782 0.737755 -833448694526670084630774808576.000000 112
-0.317582 0.777124 311818257545236226335993495552.000000 131
-0.382682 0.674543 -1232517620532612619765544910848.000000 115
-0.349368 0.525509 -7896930772271082966157340180480.000000 113
-0.235061 0.604864 2565504584206627189976576557056.000000 132
-0.816683 0.308437 2683285970047873611741637585666048.000000 27
-0.968583 0.248690 -8384628810733027691151387304919040.000000 16
-0.838383 0.205163 -12926922293554319137085796818878464.000000 17
-0.816683 0.308437 2683285970047873611741637585666048.000000 27
-0.929776 0.368125 822762818852625022282818182447104.000000 26
-0.968583 0.248690 -8384628810733027691151387304919040.000000 16
-0.708183 0.161636 6069679297320729577128669835427840.000000 28
-0.816683 0.308437 2683285970047873611741637585666048.000000 27
-0.838383 0.205163 -12926922293554319137085796818878464.000000 17
-0.794983 0.411712 -481223687594589917542066440634368.000000 41
-0.929776 0.368125 822762818852625022282818182447104.000000 26
-0.816683 0.308437 2683285970047873611741637585666048.000000 27
-0.314527 -0.024174 -191864608277752295343629166182400.000000 65
-0.330420 -0.149981 199067288585560969735696998727680.000000 66
-0.157522 -0.079215 1332470732509690284218515456000.000000 85
-0.080876 0.156675 -1036238768634003582281970614272.000000 110
-0.189755 0.129154 28687099065382499573793273413632.000000 93
-0.119199 0.038730 -15394753112196587722453182054400.000000 100
-0.576964 0.099699 -2652213237589720340660716629393408.000000 44
-0.528266 0.210023 522033320987404000248562026807296.000000 59
-0.643082 0.264217 -580821548467640651412461670367232.000000 43
-0.773283 0.059054 -42992285922393590774472013177159680.000000 18
-0.658594 0.038247 16758391717972108539633848712953856.000000 29
-0.708183 0.161636 6069679297320729577128669835427840.000000 28
-0.445745 0.037763 1047754485270643919536351917113344.000000 54
-0.413450 0.155828 255696647130623377057524763066368.000000 60
-0.576964 0.099699 -2652213237589720340660716629393408.000000 44
-0.216863 0.007278 84771616805732331228982495150080.000000 80
-0.298634 0.101634 -231460490797330105026163893075968.000000 73
-0.314527 -0.024174 -191864608277752295343629166182400.000000 65
-0.157522 -0.079215 1332470732509690284218515456000.000000 85
-0.216863 0.007278 84771616805732331228982495150080.000000 80
-0.314527 -0.024174 -191864608277752295343629166182400.000000 65
-0.119199 0.038730 -15394753112196587722453182054400.000000 100
-0.189755 0.129154 28687099065382499573793273413632.000000 93
-0.216863 0.007278 84771616805732331228982495150080.000000 80
-0.576964 0.099699 -2652213237589720340660716629393408.000000 44
-0.643082 0.264217 -580821548467640651412461670367232.000000 43
-0.708183 0.161636 6069679297320729577128669835427840.000000 28
-0.413450 0.155828 255696647130623377057524763066368.000000 60
-0.528266 0.210023 522033320987404000248562026807296.000000 59
-0.576964 0.099699 -2652213237589720340660716629393408.000000 44
-0.298634 0.101634 -231460490797330105026163893075968.000000 73
-0.413450 0.155828 255696647130623377057524763066368.000000 60
-0.445745 0.037763 1047754485270643919536351917113344.000000 54
-0.298634 0.101634 -231460490797330105026163893075968.000000 73
-0.282741 0.227442 10008638007648024140405767405568.000000 79
-0.413450 0.155828 255696647130623377057524763066368.000000 60
-0.381154 0.273894 -123828418570450160507901691559936.000000 78
-0.266847 0.353249 14224265709449842718280576401408.000000 98
-0.389865 0.411315 39227282029446718694827745083392.000000 95
-0.381154 0.273894 -123828418570450160507901691559936.000000 78
-0.282741 0.227442 10008638007648024140405767405568.000000 79
-0.266847 0.353249 14224265709449842718280576401408.000000 98
-0.528266 0.210023 522033320987404000248562026807296.000000 59
-0.381154 0.273894 -123828418570450160507901691559936.000000 78
-0.479568 0.320346 -118116730439182329038503264911360.000000 75
-0.413450 0.155828 255696647130623377057524763066368.000000 60
-0.282741 0.227442 10008638007648024140405767405568.000000 79
-0.381154 0.273894 -123828418570450160507901691559936.000000 78
-0.577982 0.366799 226710627318458213264654277279744.000000 58
-0.643082 0.264217 -580821548467640651412461670367232.000000 43
-0.528266 0.210023 522033320987404000248562026807296.000000 59
-0.577982 0.366799 226710627318458213264654277279744.000000 58
-0.610532 0.481301 249413094094478131593443096395776.000000 57
-0.719033 0.337964 -1301816235451880978084981750366208.000000 42
-0.621382 0.574733 -46145616667112008954944155549696.000000 76
-0.708183 0.493222 288778009910206382437727356321792.000000 56
-0.610532 0.481301 249413094094478131593443096395776.000000 57
-0.719033 0.337964 -1301816235451880978084981750366208.000000 42
-0.816683 0.308437 2683285970047873611741637585666048.000000 27
-0.708183 0.161636 6069679297320729577128669835427840.000000 28
-0.577982 0.366799 226710627318458213264654277279744.000000 58
-0.719033 0.337964 -1301816235451880978084981750366208.000000 42
-0.643082 0.264217 -580821548467640651412461670367232.000000 43
-0.794983 0.411712 -481223687594589917542066440634368.000000 41
-0.816683 0.308437 2683285970047873611741637585666048.000000 27
-0.719033 0.337964 -1301816235451880978084981750366208.000000 42
-0.708183 0.493222 288778009910206382437727356321792.000000 56
-0.794983 0.411712 -481223687594589917542066440634368.000000 41
-0.719033 0.337964 -1301816235451880978084981750366208.000000 42
-0.610532 0.481301 249413094094478131593443096395776.000000 57
-0.708183 0.493222 288778009910206382437727356321792.000000 56
-0.719033 0.337964 -1301816235451880978084981750366208.000000 42
-0.512882 0.469380 -43496334623803488987519308005376.000000 77
-0.610532 0.481301 249413094094478131593443096395776.000000 57
-0.577982 0.366799 226710627318458213264654277279744.000000 58
-0.512882 0.469380 -43496334623803488987519308005376.000000 77
-0.621382 0.574733 -46145616667112008954944155549696.000000 76
-0.610532 0.481301 249413094094478131593443096395776.000000 57
-0.621382 0.574733 -46145616667112008954944155549696.000000 76
-0.809017 0.587785 -71873142258923919628634542833664.000000 55
-0.708183 0.493222 288778009910206382437727356321792.000000 56
-0.876307 0.481754 -66536663084647477005186859270144.000000 40
-0.929776 0.368125 822762818852625022282818182447104.000000 26
-0.794983 0.411712 -481223687594589917542066440634368.000000 41
-0.445745 0.037763 1047754485270643919536351917113344.000000 54
-0.441136 -0.097722 -103979635510472543388510004969472.000000 50
-0.314527 -0.024174 -191864608277752295343629166182400.000000 65
-0.838383 0.205163 -12926922293554319137085796818878464.000000 17
-0.773283 0.059054 -42992285922393590774472013177159680.000000 18
-0.708183 0.161636 6069679297320729577128669835427840.000000 28
-0.643082 0.264217 -580821548467640651412461670367232.000000 43
-0.719033 0.337964 -1301816235451880978084981750366208.000000 42
-0.708183 0.161636 6069679297320729577128669835427840.000000 28
-0.968583 0.248690 -8384628810733027691151387304919040.000000 16
-0.992115 0.125333 64732717603352300403084015253323776.000000 8
-0.838383 0.205163 -12926922293554319137085796818878464.000000 17
-0.515073 -0.029496 -4378646890344042097883772356657152.000000 39
-0.576964 0.099699 -2652213237589720340660716629393408.000000 44
-0.658594 0.038247 16758391717972108539633848712953856.000000 29
-0.441136 -0.097722 -103979635510472543388510004969472.000000 50
-0.515073 -0.029496 -4378646890344042097883772356657152.000000 39
-0.584401 -0.096754 4414150565693306485996777390473216.000000 35
-0.445745 0.037763 1047754485270643919536351917113344.000000 54
-0.576964 0.099699 -2652213237589720340660716629393408.000000 44
-0.515073 -0.029496 -4378646890344042097883772356657152.000000 39
-0.794983 0.411712 -481223687594589917542066440634368.000000 41
-0.708183 0.493222 288778009910206382437727356321792.000000 56
-0.876307 0.481754 -66536663084647477005186859270144.000000 40
-0.447782 0.571962 10744824721076551056928423280640.000000 97
-0.534582 0.656244 5271738360599685946045515169792.000000 96
-0.621382 0.574733 -46145616667112008954944155549696.000000 76
-0.389865 0.411315 39227282029446718694827745083392.000000 95
-0.447782 0.571962 10744824721076551056928423280640.000000 97
-0.512882 0.469380 -43496334623803488987519308005376.000000 77
-0.479568 0.320346 -118116730439182329038503264911360.000000 75
-0.389865 0.411315 39227282029446718694827745083392.000000 95
-0.512882 0.469380 -43496334623803488987519308005376.000000 77
-0.250954 0.479057 -8205221154426578825560262180864.000000 114
-0.235061 0.604864 2565504584206627189976576557056.000000 132
-0.349368 0.525509 -7896930772271082966157340180480.000000 113
-0.382682 0.674543 -1232517620532612619765544910848.000000 115
-0.534582 0.656244 5271738360599685946045515169792.000000 96
-0.447782 0.571962 10744824721076551056928423280640.000000 97
-0.728969 0.684547 35567488549881651442493283106816.000000 74
-0.809017 0.587785 -71873142258923919628634542833664.000000 55
-0.621382 0.574733 -46145616667112008954944155549696.000000 76
-0.447782 0.737755 -833448694526670084630774808576.000000 112
-0.382682 0.674543 -1232517620532612619765544910848.000000 115
-0.317582 0.777124 311818257545236226335993495552.000000 131
-0.534582 0.656244 5271738360599685946045515169792.000000 96
-0.447782 0.737755 -833448694526670084630774808576.000000 112
-0.535827 0.844328 -265166645233515523413496561664.000000 111
-0.534582 0.656244 5271738360599685946045515169792.000000 96
-0.382682 0.674543 -1232517620532612619765544910848.000000 115
-0.447782 0.737755 -833448694526670084630774808576.000000 112
-0.728969 0.684547 35567488549881651442493283106816.000000 74
-0.631775 0.670396 2836157381052693822141586472960.000000 92
-0.637424 0.770513 -7077551123590382885902795931648.000000 94
-0.621382 0.574733 -46145616667112008954944155549696.000000 76
-0.512882 0.469380 -43496334623803488987519308005376.000000 77
-0.447782 0.571962 10744824721076551056928423280640.000000 97
-0.631775 0.670396 2836157381052693822141586472960.000000 92
-0.534582 0.656244 5271738360599685946045515169792.000000 96
-0.637424 0.770513 -7077551123590382885902795931648.000000 94
-0.621382 0.574733 -46145616667112008954944155549696.000000 76
-0.631775 0.670396 2836157381052693822141586472960.000000 92
-0.728969 0.684547 35567488549881651442493283106816.000000 74
-0.621382 0.574733 -46145616667112008954944155549696.000000 76
-0.534582 0.656244 5271738360599685946045515169792.000000 96
-0.631775 0.670396 2836157381052693822141586472960.000000 92
0.794983 0.411712 -27640212310424670491901952.000000 236
0.929776 0.368125 -27529346036250914460794880.000000 237
0.876307 0.481754 59870671994051031851859968.000000 242
0.708183 0.493222 -83440655270958495365595136.000000 238
0.794983 0.411712 -27640212310424670491901952.000000 236
0.876307 0.481754 59870671994051031851859968.000000 242
0.610532 0.481301 142861003556276141106921472.000000 223
0.577982 0.366799 -243031130296826320323084288.000000 208
0.719033 0.337964 89318727347838303632097280.000000 222
0.349368 0.525509 4488996564119675718361677824.000000 189
0.512882 0.469380 -938388200288235804543680512.000000 207
0.447782 0.571962 -1327962537750504173283049472.000000 205
0.349368 0.525509 4488996564119675718361677824.000000 189
0.422415 0.360024 1067534036697483516290531328.000000 190
0.512882 0.469380 -938388200288235804543680512.000000 207
0.445745 0.037763 -1331197658023480325771886592.000000 170
0.314527 -0.024174 -29279895108748203984597024768.000000 157
0.441136 -0.097722 12099212686799160205148946432.000000 175
0.643082 0.264217 -459887880964509031292993536.000000 206
0.522968 0.251959 1210299601950830125083787264.000000 191
0.571666 0.141635 1838971271740225538001731584.000000 188
0.794983 0.245918 95708293307320504938397696.000000 220
0.719033 0.337964 89318727347838303632097280.000000 222
0.643082 0.264217 -459887880964509031292993536.000000 206
0.870933 0.153872 44897368818197603448520704.000000 219
0.794983 0.245918 95708293307320504938397696.000000 220
0.708183 0.161636 -321714269641119128361107456.000000 204
0.870933 0.153872 44897368818197603448520704.000000 219
0.968583 0.248690 -40375490265595371667324928.000000 230
0.794983 0.245918 95708293307320504938397696.000000 220
0.577982 0.366799 -243031130296826320323084288.000000 208
0.422415 0.360024 1067534036697483516290531328.000000 190
0.522968 0.251959 1210299601950830125083787264.000000 191
0.040329 0.180264 -631366354151924960370395971584.000000 129
0.167922 0.223510 239711429950519932540267003904.000000 147
0.060580 0.300829 -155092534207726873629188685824.000000 136
0.794983 0.245918 95708293307320504938397696.000000 220
0.643082 0.264217 -459887880964509031292993536.000000 206
0.708183 0.161636 -321714269641119128361107456.000000 204
0.708183 0.493222 -83440655270958495365595136.000000 238
0.719033 0.337964 89318727347838303632097280.000000 222
0.794983 0.411712 -27640212310424670491901952.000000 236
0.577982 0.366799 -243031130296826320323084288.000000 208
0.643082 0.264217 -459887880964509031292993536.000000 206
0.719033 0.337964 89318727347838303632097280.000000 222
0.915249 0.040903 -6844358711200770550661120.000000 228
0.773283 0.059054 23245699597675792315711488.000000 215
0.838383 -0.043527 -77772611037985716001832960.000000 225
1.000000 -0.000000 52872000061113033736323072.000000 240
0.915249 0.040903 -6844358711200770550661120.000000 228
0.838383 -0.043527 -77772611037985716001832960.000000 225
0.992115 0.125333 -13667441257346638247100416.000000 233
0.968583 0.248690 -40375490265595371667324928.000000 230
0.870933 0.153872 44897368818197603448520704.000000 219
0.794983 0.245918 95708293307320504938397696.000000 220
0.929776 0.368125 -27529346036250914460794880.000000 237
0.794983 0.411712 -27640212310424670491901952.000000 236
0.062791 0.998027 -1322171627690412144125280256.000000 198
0.023973 0.872212 -414147060021096791591092224.000000 184
0.187381 0.982287 -1833755417630400142687338496.000000 199
0.425779 0.904827 305115350480425357961854976.000000 216
0.309017 0.951057 -2857009339179285999777742848.000000 214
0.360982 0.819266 1247599637915920095330172928.000000 203
0.309017 0.951057 -2857009339179285999777742848.000000 214
0.203275 0.856480 7427532350638630612718583808.000000 200
0.360982 0.819266 1247599637915920095330172928.000000 203
0.382682 0.674543 3654447760545166861713539072.000000 202
0.447782 0.737755 -889144106138058233491750912.000000 218
0.360982 0.819266 1247599637915920095330172928.000000 203
0.512882 0.469380 -938388200288235804543680512.000000 207
0.621382 0.574733 389341612816413139012681728.000000 221
0.447782 0.571962 -1327962537750504173283049472.000000 205
0.719033 0.337964 89318727347838303632097280.000000 222
0.708183 0.493222 -83440655270958495365595136.000000 238
0.610532 0.481301 142861003556276141106921472.000000 223
0.809017 0.587785 -91920663750474295192584192.000000 235
0.728969 0.684547 -125698324294225495651778560.000000 234
0.621382 0.574733 389341612816413139012681728.000000 221
0.621382 0.574733 389341612816413139012681728.000000 221
0.534582 0.656244 -272039343671794538253385728.000000 217
0.447782 0.571962 -1327962537750504173283049472.000000 205
0.809017 0.587785 -91920663750474295192584192.000000 235
0.621382 0.574733 389341612816413139012681728.000000 221
0.708183 0.493222 -83440655270958495365595136.000000 238
0.631775 0.670396 -5526340434165015947247616.000000 229
0.534582 0.656244 -272039343671794538253385728.000000 217
0.621382 0.574733 389341612816413139012681728.000000 221
0.728969 0.684547 -125698324294225495651778560.000000 234
0.631775 0.670396 -5526340434165015947247616.000000 229
0.621382 0.574733 389341612816413139012681728.000000 221
0.728969 0.684547 -125698324294225495651778560.000000 234
0.637424 0.770513 39800122743233486287536128.000000 231
0.631775 0.670396 -5526340434165015947247616.000000 229
0.447782 0.737755 -889144106138058233491750912.000000 218
0.425779 0.904827 305115350480425357961854976.000000 216
0.360982 0.819266 1247599637915920095330172928.000000 203
0.794983 0.245918 95708293307320504938397696.000000 220
0.794983 0.411712 -27640212310424670491901952.000000 236
0.719033 0.337964 89318727347838303632097280.000000 222
0.610532 0.481301 142861003556276141106921472.000000 223
0.621382 0.574733 389341612816413139012681728.000000 221
0.512882 0.469380 -938388200288235804543680512.000000 207
0.577982 0.366799 -243031130296826320323084288.000000 208
0.610532 0.481301 142861003556276141106921472.000000 223
0.512882 0.469380 -938388200288235804543680512.000000 207
0.708183 0.493222 -83440655270958495365595136.000000 238
0.621382 0.574733 389341612816413139012681728.000000 221
0.610532 0.481301 142861003556276141106921472.000000 223
0.637424 0.770513 39800122743233486287536128.000000 231
0.534582 0.656244 -272039343671794538253385728.000000 217
0.631775 0.670396 -5526340434165015947247616.000000 229
0.637424 0.770513 39800122743233486287536128.000000 231
0.535827 0.844328 317890346134797408689717248.000000 232
0.534582 0.656244 -272039343671794538253385728.000000 217
0.235061 0.604864 -9871667056894125627710373888.000000 186
0.219168 0.730672 -13012530840890503952848650240.000000 187
0.072414 0.628453 107265309868081007163837775872.000000 169
0.447782 0.737755 -889144106138058233491750912.000000 218
0.535827 0.844328 317890346134797408689717248.000000 232
0.425779 0.904827 305115350480425357961854976.000000 216
0.534582 0.656244 -272039343671794538253385728.000000 217
0.447782 0.737755 -889144106138058233491750912.000000 218
0.382682 0.674543 3654447760545166861713539072.000000 202
0.534582 0.656244 -272039343671794538253385728.000000 217
0.535827 0.844328 317890346134797408689717248.000000 232
0.447782 0.737755 -889144106138058233491750912.000000 218
-0.135539 0.372907 46950921583011640781792346112.000000 116
-0.250954 0.479057 -8205221154426578825560262180864.000000 114
-0.266847 0.353249 14224265709449842718280576401408.000000 98
0.060580 0.300829 -155092534207726873629188685824.000000 136
-0.004231 0.392564 -495832046665090832529593729024.000000 135
-0.042554 0.274619 1930844423012976404831741673472.000000 117
0.040329 0.180264 -631366354151924960370395971584.000000 129
0.060580 0.300829 -155092534207726873629188685824.000000 136
-0.042554 0.274619 1930844423012976404831741673472.000000 117
0.163714 0.327039 -39493008381523087754312810496.000000 153
0.123361 0.435810 112953375608027968515598188544.000000 154
0.060580 0.300829 -155092534207726873629188685824.000000 136
-0.080876 0.156675 -1036238768634003582281970614272.000000 110
0.020079 0.059698 2986061545127432292339210518528.000000 118
0.040329 0.180264 -631366354151924960370395971584.000000 129
0.266847 0.353249 -11508231549761135844951851008.000000 172
0.250954 0.479057 -15872727159224045842917752832.000000 171
0.123361 0.435810 112953375608027968515598188544.000000 154
-0.108431 0.494783 1119612800808722507030629187584.000000 133
-0.250954 0.479057 -8205221154426578825560262180864.000000 114
-0.135539 0.372907 46950921583011640781792346112.000000 116
-0.004231 0.392564 -495832046665090832529593729024.000000 135
-0.108431 0.494783 1119612800808722507030629187584.000000 133
-0.135539 0.372907 46950921583011640781792346112.000000 116
0.034091 0.510509 -43709717253810134363001585664.000000 151
0.072414 0.628453 107265309868081007163837775872.000000 169
-0.081324 0.616659 -580324763300995878241295138816.000000 152
0.034091 0.510509 -43709717253810134363001585664.000000 151
0.123361 0.435810 112953375608027968515598188544.000000 154
0.134576 0.557687 -29419051433566006465739620352.000000 168
0.381154 0.273894 258843056799167532710756352.000000 173
0.266847 0.353249 -11508231549761135844951851008.000000 172
0.282741 0.227442 17753025834946944923139571712.000000 155
0.413450 0.155828 -9007957525796115949413203968.000000 174
0.445745 0.037763 -1331197658023480325771886592.000000 170
0.571666 0.141635 1838971271740225538001731584.000000 188
0.282741 0.227442 17753025834946944923139571712.000000 155
0.413450 0.155828 -9007957525796115949413203968.000000 174
0.381154 0.273894 258843056799167532710756352.000000 173
0.298634 0.101634 37091624208282594775981359104.000000 156
0.445745 0.037763 -1331197658023480325771886592.000000 170
0.413450 0.155828 -9007957525796115949413203968.000000 174
0.577982 0.366799 -243031130296826320323084288.000000 208
0.512882 0.469380 -938388200288235804543680512.000000 207
0.422415 0.360024 1067534036697483516290531328.000000 190
0.134576 0.557687 -29419051433566006465739620352.000000 168
0.235061 0.604864 -9871667056894125627710373888.000000 186
0.072414 0.628453 107265309868081007163837775872.000000 169
0.034091 0.510509 -43709717253810134363001585664.000000 151
0.134576 0.557687 -29419051433566006465739620352.000000 168
0.072414 0.628453 107265309868081007163837775872.000000 169
0.123361 0.435810 112953375608027968515598188544.000000 154
0.250954 0.479057 -15872727159224045842917752832.000000 171
0.134576 0.557687 -29419051433566006465739620352.000000 168
0.422415 0.360024 1067534036697483516290531328.000000 190
0.349368 0.525509 4488996564119675718361677824.000000 189
0.266847 0.353249 -11508231549761135844951851008.000000 172
0.349368 0.525509 4488996564119675718361677824.000000 189
0.235061 0.604864 -9871667056894125627710373888.000000 186
0.250954 0.479057 -15872727159224045842917752832.000000 171
0.266847 0.353249 -11508231549761135844951851008.000000 172
0.349368 0.525509 4488996564119675718361677824.000000 189
0.250954 0.479057 -15872727159224045842917752832.000000 171
0.447782 0.571962 -1327962537750504173283049472.000000 205
0.382682 0.674543 3654447760545166861713539072.000000 202
0.349368 0.525509 4488996564119675718361677824.000000 189
0.023973 0.872212 -414147060021096791591092224.000000 184
0.062791 0.998027 -1322171627690412144125280256.000000 198
-0.062791 0.998027 8101338509275350578730369024.000000 182
-0.089651 0.864346 -45499639886161530826797350912.000000 166
0.023973 0.872212 -414147060021096791591092224.000000 184
-0.062791 0.998027 8101338509275350578730369024.000000 182
-0.187381 0.982287 42630984981893892196918099968.000000 165
-0.089651 0.864346 -45499639886161530826797350912.000000 166
-0.062791 0.998027 8101338509275350578730369024.000000 182
-0.203275 0.856480 -8784352679592170336502677504.000000 149
-0.109200 0.735914 165213804622885323565611089920.000000 150
-0.089651 0.864346 -45499639886161530826797350912.000000 166
0.000768 0.741156 72071281594560924564240465920.000000 167
0.110736 0.746398 -30985208396797453658207813632.000000 183
0.023973 0.872212 -414147060021096791591092224.000000 184
0.219168 0.730672 -13012530840890503952848650240.000000 187
0.110736 0.746398 -30985208396797453658207813632.000000 183
0.072414 0.628453 107265309868081007163837775872.000000 169
0.203275 0.856480 7427532350638630612718583808.000000 200
0.187381 0.982287 -1833755417630400142687338496.000000 199
0.023973 0.872212 -414147060021096791591092224.000000 184
0.187381 0.982287 -1833755417630400142687338496.000000 199
0.203275 0.856480 7427532350638630612718583808.000000 200
0.309017 0.951057 -2857009339179285999777742848.000000 214
-0.235061 0.604864 2565504584206627189976576557056.000000 132
-0.250954 0.479057 -8205221154426578825560262180864.000000 114
-0.108431 0.494783 1119612800808722507030629187584.000000 133
-0.109200 0.735914 165213804622885323565611089920.000000 150
-0.203275 0.856480 -8784352679592170336502677504.000000 149
-0.219168 0.730672 -286690530283225750868072595456.000000 134
0.072414 0.628453 107265309868081007163837775872.000000 169
0.000768 0.741156 72071281594560924564240465920.000000 167
-0.081324 0.616659 -580324763300995878241295138816.000000 152
0.000768 0.741156 72071281594560924564240465920.000000 167
0.023973 0.872212 -414147060021096791591092224.000000 184
-0.089651 0.864346 -45499639886161530826797350912.000000 166
-0.219168 0.730672 -286690530283225750868072595456.000000 134
-0.317582 0.777124 311818257545236226335993495552.000000 131
-0.382682 0.674543 -1232517620532612619765544910848.000000 115
-0.108431 0.494783 1119612800808722507030629187584.000000 133
-0.081324 0.616659 -580324763300995878241295138816.000000 152
-0.235061 0.604864 2565504584206627189976576557056.000000 132
-0.203275 0.856480 -8784352679592170336502677504.000000 149
-0.317582 0.777124 311818257545236226335993495552.000000 131
-0.219168 0.730672 -286690530283225750868072595456.000000 134
0.809017 0.587785 -91920663750474295192584192.000000 235
0.708183 0.493222 -83440655270958495365595136.000000 238
0.876307 0.481754 59870671994051031851859968.000000 242
0.469331 -0.217723 -13630833091738893151713099776.000000 178
0.443723 -0.339315 -28009481022181103602285674496.000000 177
0.569181 -0.223917 5825259426816294882220441600.000000 195
0.992115 -0.125333 40848562179371758237253632.000000 243
0.903483 -0.146108 -106823468518418369361215488.000000 239
0.968583 -0.248690 -3948204737792915141558272.000000 241
0.992115 -0.125333 40848562179371758237253632.000000 243
1.000000 -0.000000 52872000061113033736323072.000000 240
0.903483 -0.146108 -106823468518418369361215488.000000 239
-0.616669 -0.529062 -4885355134780891487978682987839488.000000 25
-0.518255 -0.575515 823282309813327308014037183234048.000000 36
-0.486789 -0.444362 225000286601225196023364446060544.000000 38
-0.728969 -0.684547 -1387895186633474326734559405670400.000000 14
-0.658410 -0.623625 -185242015440994513626486376759296.000000 24
-0.735953 -0.529892 6364825231971453870316858957103104.000000 15
-0.433694 -0.622226 -100949664493845821187096026546176.000000 37
-0.409886 -0.779019 38301018701480989691564284444672.000000 45
-0.349134 -0.668938 33522857530351204787490834612224.000000 51
-0.637424 -0.770513 298313522342233167748592612409344.000000 19
-0.534148 -0.701322 -128148669947305327038374214631424.000000 31
-0.658410 -0.623625 -185242015440994513626486376759296.000000 24
-0.637424 -0.770513 298313522342233167748592612409344.000000 19
-0.535827 -0.844328 -13871775652729621038202127122432.000000 30
-0.534148 -0.701322 -128148669947305327038374214631424.000000 31
0.664439 -0.453191 -1037379743624115714019819520.000000 197
0.736206 -0.299972 -1993041585082734725631574016.000000 212
0.592925 -0.376490 5931407856258844082376278016.000000 194
0.736206 -0.299972 -1993041585082734725631574016.000000 212
0.792049 -0.172045 458715636522057833142812672.000000 224
0.680615 -0.197981 -875409827210489596685058048.000000 209
0.929776 -0.368125 -234631590988070520730157056.000000 226
0.847640 -0.274036 205279305805119064551456768.000000 227
0.791796 -0.401964 545786549505021842907201536.000000 213
0.929776 -0.368125 -234631590988070520730157056.000000 226
0.968583 -0.248690 -3948204737792915141558272.000000 241
0.847640 -0.274036 205279305805119064551456768.000000 227
0.715365 -0.101593 90552488728199431200964608.000000 210
0.584401 -0.096754 -287975725582391949926596608.000000 192
0.680615 -0.197981 -875409827210489596685058048.000000 209
0.773283 0.059054 23245699597675792315711488.000000 215
0.715365 -0.101593 90552488728199431200964608.000000 210
0.838383 -0.043527 -77772611037985716001832960.000000 225
0.662567 0.006795 136137385861325573140250624.000000 201
0.708183 0.161636 -321714269641119128361107456.000000 204
0.571666 0.141635 1838971271740225538001731584.000000 188
-0.592925 -0.376490 4482013305130292080874787893673984.000000 33
-0.486789 -0.444362 225000286601225196023364446060544.000000 38
-0.443723 -0.339315 -2059621041780169346350173686595584.000000 48
-0.791796 -0.401964 -53131426193956524372000967984414720.000000 10
-0.664439 -0.453191 24070986849525495281538953579069440.000000 20
-0.680489 -0.312940 -49859151060544888010294508145082368.000000 21
-0.616669 -0.529062 -4885355134780891487978682987839488.000000 25
-0.486789 -0.444362 225000286601225196023364446060544.000000 38
-0.592925 -0.376490 4482013305130292080874787893673984.000000 33
-0.584401 -0.096754 4414150565693306485996777390473216.000000 35
-0.569181 -0.223917 5812328564868982488856270475362304.000000 34
-0.469331 -0.217723 -1396454442501900709876019004178432.000000 49
-0.680489 -0.312940 -49859151060544888010294508145082368.000000 21
-0.847640 -0.274036 249090933644662987489809155271688192.000000 11
-0.791796 -0.401964 -53131426193956524372000967984414720.000000 10
-0.035536 -0.096906 597986434915081426696503558144.000000 104
-0.119199 0.038730 -15394753112196587722453182054400.000000 100
-0.157522 -0.079215 1332470732509690284218515456000.000000 85
-0.195844 -0.197159 -113999370012428717414670156169216.000000 84
-0.064278 -0.185365 15267848869048271441103643738112.000000 103
-0.157522 -0.079215 1332470732509690284218515456000.000000 85
0.196515 -0.037934 129432776352675515198274011136.000000 140
0.314527 -0.024174 -29279895108748203984597024768.000000 157
0.298634 0.101634 37091624208282594775981359104.000000 156
0.125317 0.034143 -651836801612352458908487385088.000000 128
0.196515 -0.037934 129432776352675515198274011136.000000 140
0.172130 0.119981 -314285180061319079166788763648.000000 137
-0.035536 -0.096906 597986434915081426696503558144.000000 104
0.078503 -0.051694 -301659242142180482610924355584.000000 122
0.020079 0.059698 2986061545127432292339210518528.000000 118
-0.035536 -0.096906 597986434915081426696503558144.000000 104
0.067288 -0.173570 -1348704751355147791089136566272.000000 121
0.078503 -0.051694 -301659242142180482610924355584.000000 122
0.198854 -0.161776 109643575484093627943385825280.000000 141
0.330420 -0.149981 -25942101445636087594765778944.000000 160
0.196515 -0.037934 129432776352675515198274011136.000000 140
0.078503 -0.051694 -301659242142180482610924355584.000000 122
0.198854 -0.161776 109643575484093627943385825280.000000 141
0.196515 -0.037934 129432776352675515198274011136.000000 140
-0.001975 -0.299378 -7677720183019029618001446961152.000000 107
0.114121 -0.291515 1320744839853540127658888658944.000000 124
0.067288 -0.173570 -1348704751355147791089136566272.000000 121
-0.065162 -0.389016 -5296810313438450533494436134912.000000 106
-0.001975 -0.299378 -7677720183019029618001446961152.000000 107
-0.118071 -0.307241 40070623630135225477693964288000.000000 89
-0.145550 -0.426758 11200045107556748479007584944128.000000 87
-0.065162 -0.389016 -5296810313438450533494436134912.000000 106
-0.118071 -0.307241 40070623630135225477693964288000.000000 89
-0.012254 -0.470791 697430394078001695181837959168.000000 105
0.108328 -0.414177 1623791576079261891554189508608.000000 123
-0.065162 -0.389016 -5296810313438450533494436134912.000000 106
-0.065162 -0.389016 -5296810313438450533494436134912.000000 106
0.108328 -0.414177 1623791576079261891554189508608.000000 123
-0.001975 -0.299378 -7677720183019029618001446961152.000000 107
0.441136 -0.097722 12099212686799160205148946432.000000 175
0.314527 -0.024174 -29279895108748203984597024768.000000 157
0.330420 -0.149981 -25942101445636087594765778944.000000 160
-0.035536 -0.096906 597986434915081426696503558144.000000 104
0.020079 0.059698 2986061545127432292339210518528.000000 118
-0.119199 0.038730 -15394753112196587722453182054400.000000 100
0.522968 0.251959 1210299601950830125083787264.000000 191
0.643082 0.264217 -459887880964509031292993536.000000 206
0.577982 0.366799 -243031130296826320323084288.000000 208
0.381154 0.273894 258843056799167532710756352.000000 173
0.522968 0.251959 1210299601950830125083787264.000000 191
0.422415 0.360024 1067534036697483516290531328.000000 190
0.266847 0.353249 -11508231549761135844951851008.000000 172
0.381154 0.273894 258843056799167532710756352.000000 173
0.422415 0.360024 1067534036697483516290531328.000000 190
0.282741 0.227442 17753025834946944923139571712.000000 155
0.298634 0.101634 37091624208282594775981359104.000000 156
0.413450 0.155828 -9007957525796115949413203968.000000 174
0.584401 -0.096754 -287975725582391949926596608.000000 192
0.441136 -0.097722 12099212686799160205148946432.000000 175
0.469331 -0.217723 -13630833091738893151713099776.000000 178
0.381154 0.273894 258843056799167532710756352.000000 173
0.413450 0.155828 -9007957525796115949413203968.000000 174
0.522968 0.251959 1210299601950830125083787264.000000 191
0.298634 0.101634 37091624208282594775981359104.000000 156
0.314527 -0.024174 -29279895108748203984597024768.000000 157
0.445745 0.037763 -1331197658023480325771886592.000000 170
0.571666 0.141635 1838971271740225538001731584.000000 188
0.708183 0.161636 -321714269641119128361107456.000000 204
0.643082 0.264217 -459887880964509031292993536.000000 206
0.413450 0.155828 -9007957525796115949413203968.000000 174
0.571666 0.141635 1838971271740225538001731584.000000 188
0.522968 0.251959 1210299601950830125083787264.000000 191
0.662567 0.006795 136137385861325573140250624.000000 201
0.715365 -0.101593 90552488728199431200964608.000000 210
0.773283 0.059054 23245699597675792315711488.000000 215
0.708183 0.161636 -321714269641119128361107456.000000 204
0.662567 0.006795 136137385861325573140250624.000000 201
0.773283 0.059054 23245699597675792315711488.000000 215
0.543905 0.017440 -2631467396682925854618025984.000000 185
0.584401 -0.096754 -287975725582391949926596608.000000 192
0.662567 0.006795 136137385861325573140250624.000000 201
0.445745 0.037763 -1331197658023480325771886592.000000 170
0.543905 0.017440 -2631467396682925854618025984.000000 185
0.571666 0.141635 1838971271740225538001731584.000000 188
0.445745 0.037763 -1331197658023480325771886592.000000 170
0.441136 -0.097722 12099212686799160205148946432.000000 175
0.543905 0.017440 -2631467396682925854618025984.000000 185
0.794983 0.245918 95708293307320504938397696.000000 220
0.968583 0.248690 -40375490265595371667324928.000000 230
0.929776 0.368125 -27529346036250914460794880.000000 237
0.773283 0.059054 23245699597675792315711488.000000 215
0.870933 0.153872 44897368818197603448520704.000000 219
0.708183 0.161636 -321714269641119128361107456.000000 204
0.773283 0.059054 23245699597675792315711488.000000 215
0.915249 0.040903 -6844358711200770550661120.000000 228
0.870933 0.153872 44897368818197603448520704.000000 219
0.838383 -0.043527 -77772611037985716001832960.000000 225
0.903483 -0.146108 -106823468518418369361215488.000000 239
1.000000 -0.000000 52872000061113033736323072.000000 240
0.584401 -0.096754 -287975725582391949926596608.000000 192
0.569181 -0.223917 5825259426816294882220441600.000000 195
0.680615 -0.197981 -875409827210489596685058048.000000 209
0.662567 0.006795 136137385861325573140250624.000000 201
0.584401 -0.096754 -287975725582391949926596608.000000 192
0.715365 -0.101593 90552488728199431200964608.000000 210
0.543905 0.017440 -2631467396682925854618025984.000000 185
0.441136 -0.097722 12099212686799160205148946432.000000 175
0.584401 -0.096754 -287975725582391949926596608.000000 192
0.662567 0.006795 136137385861325573140250624.000000 201
0.571666 0.141635 1838971271740225538001731584.000000 188
0.543905 0.017440 -2631467396682925854618025984.000000 185
0.330420 -0.149981 -25942101445636087594765778944.000000 160
0.346313 -0.275789 113016537670607959576224464896.000000 161
0.469331 -0.217723 -13630833091738893151713099776.000000 178
0.664439 -0.453191 -1037379743624115714019819520.000000 197
0.592925 -0.376490 5931407856258844082376278016.000000 194
0.616669 -0.529062 1723601113785541481954541568.000000 181
0.735953 -0.529892 -84142229348643562009395200.000000 196
0.664439 -0.453191 -1037379743624115714019819520.000000 197
0.616669 -0.529062 1723601113785541481954541568.000000 181
0.735953 -0.529892 -84142229348643562009395200.000000 196
0.791796 -0.401964 545786549505021842907201536.000000 213
0.664439 -0.453191 -1037379743624115714019819520.000000 197
0.838383 -0.043527 -77772611037985716001832960.000000 225
0.715365 -0.101593 90552488728199431200964608.000000 210
0.792049 -0.172045 458715636522057833142812672.000000 224
0.443723 -0.339315 -28009481022181103602285674496.000000 177
0.346313 -0.275789 113016537670607959576224464896.000000 161
0.362206 -0.401597 97671966817985015169075380224.000000 159
0.584401 -0.096754 -287975725582391949926596608.000000 192
0.469331 -0.217723 -13630833091738893151713099776.000000 178
0.569181 -0.223917 5825259426816294882220441600.000000 195
0.441136 -0.097722 12099212686799160205148946432.000000 175
0.330420 -0.149981 -25942101445636087594765778944.000000 160
0.469331 -0.217723 -13630833091738893151713099776.000000 178
0.915249 0.040903 -6844358711200770550661120.000000 228
0.992115 0.125333 -13667441257346638247100416.000000 233
0.870933 0.153872 44897368818197603448520704.000000 219
0.219168 0.730672 -13012530840890503952848650240.000000 187
0.360982 0.819266 1247599637915920095330172928.000000 203
0.203275 0.856480 7427532350638630612718583808.000000 200
0.110736 0.746398 -30985208396797453658207813632.000000 183
0.219168 0.730672 -13012530840890503952848650240.000000 187
0.203275 0.856480 7427532350638630612718583808.000000 200
0.235061 0.604864 -9871667056894125627710373888.000000 186
0.382682 0.674543 3654447760545166861713539072.000000 202
0.219168 0.730672 -13012530840890503952848650240.000000 187
0.123361 0.435810 112953375608027968515598188544.000000 154
-0.004231 0.392564 -495832046665090832529593729024.000000 135
0.060580 0.300829 -155092534207726873629188685824.000000 136
-0.081324 0.616659 -580324763300995878241295138816.000000 152
-0.108431 0.494783 1119612800808722507030629187584.000000 133
0.034091 0.510509 -43709717253810134363001585664.000000 151
0.000768 0.741156 72071281594560924564240465920.000000 167
-0.109200 0.735914 165213804622885323565611089920.000000 150
-0.081324 0.616659 -580324763300995878241295138816.000000 152
0.110736 0.746398 -30985208396797453658207813632.000000 183
0.000768 0.741156 72071281594560924564240465920.000000 167
0.072414 0.628453 107265309868081007163837775872.000000 169
0.110736 0.746398 -30985208396797453658207813632.000000 183
0.203275 0.856480 7427532350638630612718583808.000000 200
0.023973 0.872212 -414147060021096791591092224.000000 184
-0.219168 0.730672 -286690530283225750868072595456.000000 134
-0.235061 0.604864 2565504584206627189976576557056.000000 132
-0.081324 0.616659 -580324763300995878241295138816.000000 152
0.123361 0.435810 112953375608027968515598188544.000000 154
0.163714 0.327039 -39493008381523087754312810496.000000 153
0.266847 0.353249 -11508231549761135844951851008.000000 172
0.235061 0.604864 -9871667056894125627710373888.000000 186
0.134576 0.557687 -29419051433566006465739620352.000000 168
0.250954 0.479057 -15872727159224045842917752832.000000 171
0.034091 0.510509 -43709717253810134363001585664.000000 151
-0.004231 0.392564 -495832046665090832529593729024.000000 135
0.123361 0.435810 112953375608027968515598188544.000000 154
0.382682 0.674543 3654447760545166861713539072.000000 202
0.360982 0.819266 1247599637915920095330172928.000000 203
0.219168 0.730672 -13012530840890503952848650240.000000 187
0.349368 0.525509 4488996564119675718361677824.000000 189
0.382682 0.674543 3654447760545166861713539072.000000 202
0.235061 0.604864 -9871667056894125627710373888.000000 186
0.447782 0.571962 -1327962537750504173283049472.000000 205
0.534582 0.656244 -272039343671794538253385728.000000 217
0.382682 0.674543 3654447760545166861713539072.000000 202
-0.876307 0.481754 -66536663084647477005186859270144.000000 40
-0.708183 0.493222 288778009910206382437727356321792.000000 56
-0.809017 0.587785 -71873142258923919628634542833664.000000 55
-0.389865 0.411315 39227282029446718694827745083392.000000 95
-0.250954 0.479057 -8205221154426578825560262180864.000000 114
-0.349368 0.525509 -7896930772271082966157340180480.000000 113
-0.162647 0.251030 -8961922159489354993981598990336.000000 99
-0.135539 0.372907 46950921583011640781792346112.000000 116
-0.266847 0.353249 14224265709449842718280576401408.000000 98
-0.298634 0.101634 -231460490797330105026163893075968.000000 73
-0.189755 0.129154 28687099065382499573793273413632.000000 93
-0.282741 0.227442 10008638007648024140405767405568.000000 79
-0.042554 0.274619 1930844423012976404831741673472.000000 117
-0.135539 0.372907 46950921583011640781792346112.000000 116
-0.162647 0.251030 -8961922159489354993981598990336.000000 99
-0.108431 0.494783 1119612800808722507030629187584.000000 133
-0.004231 0.392564 -495832046665090832529593729024.000000 135
0.034091 0.510509 -43709717253810134363001585664.000000 151
-0.282741 0.227442 10008638007648024140405767405568.000000 79
-0.162647 0.251030 -8961922159489354993981598990336.000000 99
-0.266847 0.353249 14224265709449842718280576401408.000000 98
-0.042554 0.274619 1930844423012976404831741673472.000000 117
-0.004231 0.392564 -495832046665090832529593729024.000000 135
-0.135539 0.372907 46950921583011640781792346112.000000 116
0.167922 0.223510 239711429950519932540267003904.000000 147
0.172130 0.119981 -314285180061319079166788763648.000000 137
0.282741 0.227442 17753025834946944923139571712.000000 155
0.060580 0.300829 -155092534207726873629188685824.000000 136
0.167922 0.223510 239711429950519932540267003904.000000 147
0.163714 0.327039 -39493008381523087754312810496.000000 153
0.040329 0.180264 -631366354151924960370395971584.000000 129
0.172130 0.119981 -314285180061319079166788763648.000000 137
0.167922 0.223510 239711429950519932540267003904.000000 147
-0.080876 0.156675 -1036238768634003582281970614272.000000 110
0.040329 0.180264 -631366354151924960370395971584.000000 129
-0.042554 0.274619 1930844423012976404831741673472.000000 117
0.020079 0.059698 2986061545127432292339210518528.000000 118
0.172130 0.119981 -314285180061319079166788763648.000000 137
0.040329 0.180264 -631366354151924960370395971584.000000 129
0.282741 0.227442 17753025834946944923139571712.000000 155
0.266847 0.353249 -11508231549761135844951851008.000000 172
0.163714 0.327039 -39493008381523087754312810496.000000 153
-0.534582 0.656244 5271738360599685946045515169792.000000 96
-0.535827 0.844328 -265166645233515523413496561664.000000 111
-0.637424 0.770513 -7077551123590382885902795931648.000000 94
0.847640 -0.274036 205279305805119064551456768.000000 227
0.903483 -0.146108 -106823468518418369361215488.000000 239
0.792049 -0.172045 458715636522057833142812672.000000 224
0.968583 -0.248690 -3948204737792915141558272.000000 241
0.903483 -0.146108 -106823468518418369361215488.000000 239
0.847640 -0.274036 205279305805119064551456768.000000 227
0.791796 -0.401964 545786549505021842907201536.000000 213
0.735953 -0.529892 -84142229348643562009395200.000000 196
0.876307 -0.481754 -136729849590515763802800128.000000 211
0.929776 -0.368125 -234631590988070520730157056.000000 226
0.791796 -0.401964 545786549505021842907201536.000000 213
0.876307 -0.481754 -136729849590515763802800128.000000 211
0.592925 -0.376490 5931407856258844082376278016.000000 194
0.569181 -0.223917 5825259426816294882220441600.000000 195
0.443723 -0.339315 -28009481022181103602285674496.000000 177
0.616669 -0.529062 1723601113785541481954541568.000000 181
0.592925 -0.376490 5931407856258844082376278016.000000 194
0.486789 -0.444362 -13173265170667468643171827712.000000 176
0.736206 -0.299972 -1993041585082734725631574016.000000 212
0.569181 -0.223917 5825259426816294882220441600.000000 195
0.592925 -0.376490 5931407856258844082376278016.000000 194
0.847640 -0.274036 205279305805119064551456768.000000 227
0.736206 -0.299972 -1993041585082734725631574016.000000 212
0.791796 -0.401964 545786549505021842907201536.000000 213
0.680615 -0.197981 -875409827210489596685058048.000000 209
0.569181 -0.223917 5825259426816294882220441600.000000 195
0.736206 -0.299972 -1993041585082734725631574016.000000 212
0.378100 -0.527404 6280107928652847912293761024.000000 158
0.486789 -0.444362 -13173265170667468643171827712.000000 176
0.362206 -0.401597 97671966817985015169075380224.000000 159
0.518255 -0.575515 1787461995568632674666938368.000000 164
0.393993 -0.653212 -4169612382982277373414604800.000000 146
0.515708 -0.711863 -802710473128497269220311040.000000 162
0.486789 -0.444362 -13173265170667468643171827712.000000 176
0.518255 -0.575515 1787461995568632674666938368.000000 164
0.616669 -0.529062 1723601113785541481954541568.000000 181
0.378100 -0.527404 6280107928652847912293761024.000000 158
0.393993 -0.653212 -4169612382982277373414604800.000000 146
0.518255 -0.575515 1787461995568632674666938368.000000 164
0.658410 -0.623625 -534085863450514297903382528.000000 179
0.728969 -0.684547 40808852364995774409342976.000000 180
0.735953 -0.529892 -84142229348643562009395200.000000 196
0.196515 -0.037934 129432776352675515198274011136.000000 140
0.330420 -0.149981 -25942101445636087594765778944.000000 160
0.314527 -0.024174 -29279895108748203984597024768.000000 157
-0.195844 -0.197159 -113999370012428717414670156169216.000000 84
-0.118071 -0.307241 40070623630135225477693964288000.000000 89
-0.064278 -0.185365 15267848869048271441103643738112.000000 103
-0.118071 -0.307241 40070623630135225477693964288000.000000 89
-0.234167 -0.315104 -115162218084992593483157886468096.000000 70
-0.145550 -0.426758 11200045107556748479007584944128.000000 87
0.210774 -0.256132 -153685357810579374880961069056.000000 142
0.346313 -0.275789 113016537670607959576224464896.000000 161
0.330420 -0.149981 -25942101445636087594765778944.000000 160
0.210774 -0.256132 -153685357810579374880961069056.000000 142
0.235267 -0.407887 -450779157552696641894968459264.000000 143
0.346313 -0.275789 113016537670607959576224464896.000000 161
0.067288 -0.173570 -1348704751355147791089136566272.000000 121
0.114121 -0.291515 1320744839853540127658888658944.000000 124
0.198854 -0.161776 109643575484093627943385825280.000000 141
0.108328 -0.414177 1623791576079261891554189508608.000000 123
0.114121 -0.291515 1320744839853540127658888658944.000000 124
-0.001975 -0.299378 -7677720183019029618001446961152.000000 107
0.247982 -0.508533 -185971071684826464161527496704.000000 139
0.362206 -0.401597 97671966817985015169075380224.000000 159
0.235267 -0.407887 -450779157552696641894968459264.000000 143
0.443723 -0.339315 -28009481022181103602285674496.000000 177
0.486789 -0.444362 -13173265170667468643171827712.000000 176
0.592925 -0.376490 5931407856258844082376278016.000000 194
0.346313 -0.275789 113016537670607959576224464896.000000 161
0.443723 -0.339315 -28009481022181103602285674496.000000 177
0.469331 -0.217723 -13630833091738893151713099776.000000 178
0.362206 -0.401597 97671966817985015169075380224.000000 159
0.486789 -0.444362 -13173265170667468643171827712.000000 176
0.443723 -0.339315 -28009481022181103602285674496.000000 177
0.518255 -0.575515 1787461995568632674666938368.000000 164
0.658410 -0.623625 -534085863450514297903382528.000000 179
0.616669 -0.529062 1723601113785541481954541568.000000 181
0.735953 -0.529892 -84142229348643562009395200.000000 196
0.809017 -0.587785 65934705366651084109512704.000000 193
0.876307 -0.481754 -136729849590515763802800128.000000 211
0.616669 -0.529062 1723601113785541481954541568.000000 181
0.658410 -0.623625 -534085863450514297903382528.000000 179
0.735953 -0.529892 -84142229348643562009395200.000000 196
0.791796 -0.401964 545786549505021842907201536.000000 213
0.736206 -0.299972 -1993041585082734725631574016.000000 212
0.664439 -0.453191 -1037379743624115714019819520.000000 197
0.486789 -0.444362 -13173265170667468643171827712.000000 176
0.378100 -0.527404 6280107928652847912293761024.000000 158
0.518255 -0.575515 1787461995568632674666938368.000000 164
0.728969 -0.684547 40808852364995774409342976.000000 180
0.809017 -0.587785 65934705366651084109512704.000000 193
0.735953 -0.529892 -84142229348643562009395200.000000 196
0.847640 -0.274036 205279305805119064551456768.000000 227
0.792049 -0.172045 458715636522057833142812672.000000 224
0.736206 -0.299972 -1993041585082734725631574016.000000 212
0.838383 -0.043527 -77772611037985716001832960.000000 225
0.792049 -0.172045 458715636522057833142812672.000000 224
0.903483 -0.146108 -106823468518418369361215488.000000 239
0.715365 -0.101593 90552488728199431200964608.000000 210
0.680615 -0.197981 -875409827210489596685058048.000000 209
0.792049 -0.172045 458715636522057833142812672.000000 224
1.000000 -0.000000 52872000061113033736323072.000000 240
0.992115 0.125333 -13667441257346638247100416.000000 233
0.915249 0.040903 -6844358711200770550661120.000000 228
0.295977 -0.844070 4852519264254405849068339200.000000 125
0.177179 -0.862891 31933147443878752862708170752.000000 109
0.309017 -0.951057 -8938304762980851990254321664.000000 108
0.425779 -0.904827 -3257342228048237096203190272.000000 126
0.295977 -0.844070 4852519264254405849068339200.000000 125
0.309017 -0.951057 -8938304762980851990254321664.000000 108
0.282937 -0.737084 -55360246886894086393551650816.000000 127
0.177179 -0.862891 31933147443878752862708170752.000000 109
0.295977 -0.844070 4852519264254405849068339200.000000 125
0.062791 -0.998027 -122373652831781857901670301696.000000 72
0.060826 -0.904827 75031433271929317698012446720.000000 91
-0.062791 -0.998027 354654066570929865435167850496.000000 71
-0.272489 -0.433048 10626292738930553014545857642496.000000 67
-0.234167 -0.315104 -115162218084992593483157886468096.000000 70
-0.362206 -0.401597 231529700408740589662957515833344.000000 53
-0.349134 -0.668938 33522857530351204787490834612224.000000 51
-0.166657 -0.668938 -8604942871311334319822225801216.000000 68
-0.219573 -0.550993 25680633029142912370021402411008.000000 69
-0.005837 -0.810471 -397847175223053527054435745792.000000 101
-0.060826 -0.904827 -301892036893188706861488013312.000000 82
0.060826 -0.904827 75031433271929317698012446720.000000 91
0.177179 -0.862891 31933147443878752862708170752.000000 109
-0.005837 -0.810471 -397847175223053527054435745792.000000 101
0.060826 -0.904827 75031433271929317698012446720.000000 91
-0.072500 -0.716116 826372286325590636804094033920.000000 83
-0.156928 -0.826197 2735694025166535919875940941824.000000 81
-0.005837 -0.810471 -397847175223053527054435745792.000000 101
-0.272489 -0.433048 10626292738930553014545857642496.000000 67
-0.219573 -0.550993 25680633029142912370021402411008.000000 69
-0.145550 -0.426758 11200045107556748479007584944128.000000 87
-0.321429 -0.833823 -4530703421804710855229982113792.000000 46
-0.409886 -0.779019 38301018701480989691564284444672.000000 45
-0.425779 -0.904827 -9337408964575393921199603974144.000000 32
-0.232973 -0.888627 2608563414132579744216527142912.000000 62
-0.321429 -0.833823 -4530703421804710855229982113792.000000 46
-0.309017 -0.951057 2896815936771141665428217004032.000000 47
-0.232973 -0.888627 2608563414132579744216527142912.000000 62
-0.253031 -0.747568 -11439834366370722757142451847168.000000 61
-0.321429 -0.833823 -4530703421804710855229982113792.000000 46
-0.166657 -0.668938 -8604942871311334319822225801216.000000 68
-0.253031 -0.747568 -11439834366370722757142451847168.000000 61
-0.156928 -0.826197 2735694025166535919875940941824.000000 81
-0.349134 -0.668938 33522857530351204787490834612224.000000 51
-0.409886 -0.779019 38301018701480989691564284444672.000000 45
-0.253031 -0.747568 -11439834366370722757142451847168.000000 61
0.187381 -0.982287 -16197049461940543070805164032.000000 90
0.060826 -0.904827 75031433271929317698012446720.000000 91
0.062791 -0.998027 -122373652831781857901670301696.000000 72
0.235267 -0.407887 -450779157552696641894968459264.000000 143
0.362206 -0.401597 97671966817985015169075380224.000000 159
0.346313 -0.275789 113016537670607959576224464896.000000 161
0.298781 -0.621760 73759754068467522889737830400.000000 138
0.378100 -0.527404 6280107928652847912293761024.000000 158
0.247982 -0.508533 -185971071684826464161527496704.000000 139
0.518255 -0.575515 1787461995568632674666938368.000000 164
0.515708 -0.711863 -802710473128497269220311040.000000 162
0.658410 -0.623625 -534085863450514297903382528.000000 179
0.298781 -0.621760 73759754068467522889737830400.000000 138
0.393993 -0.653212 -4169612382982277373414604800.000000 146
0.378100 -0.527404 6280107928652847912293761024.000000 158
0.141155 -0.577727 -359521938868861008678150471680.000000 120
0.164458 -0.730094 204895268170445045194263887872.000000 119
0.298781 -0.621760 73759754068467522889737830400.000000 138
0.108328 -0.414177 1623791576079261891554189508608.000000 123
0.141155 -0.577727 -359521938868861008678150471680.000000 120
0.247982 -0.508533 -185971071684826464161527496704.000000 139
0.034327 -0.646921 -400455814916380238056880340992.000000 102
0.164458 -0.730094 204895268170445045194263887872.000000 119
0.141155 -0.577727 -359521938868861008678150471680.000000 120
0.108328 -0.414177 1623791576079261891554189508608.000000 123
-0.012254 -0.470791 697430394078001695181837959168.000000 105
0.141155 -0.577727 -359521938868861008678150471680.000000 120
-0.072500 -0.716116 826372286325590636804094033920.000000 83
-0.005837 -0.810471 -397847175223053527054435745792.000000 101
0.034327 -0.646921 -400455814916380238056880340992.000000 102
0.282937 -0.737084 -55360246886894086393551650816.000000 127
0.393993 -0.653212 -4169612382982277373414604800.000000 146
0.298781 -0.621760 73759754068467522889737830400.000000 138
-0.005837 -0.810471 -397847175223053527054435745792.000000 101
0.177179 -0.862891 31933147443878752862708170752.000000 109
0.164458 -0.730094 204895268170445045194263887872.000000 119
0.187381 -0.982287 -16197049461940543070805164032.000000 90
0.177179 -0.862891 31933147443878752862708170752.000000 109
0.060826 -0.904827 75031433271929317698012446720.000000 91
0.187381 -0.982287 -16197049461940543070805164032.000000 90
0.309017 -0.951057 -8938304762980851990254321664.000000 108
0.177179 -0.862891 31933147443878752862708170752.000000 109
0.409886 -0.779019 9957997569779222369793998848.000000 144
0.393993 -0.653212 -4169612382982277373414604800.000000 146
0.282937 -0.737084 -55360246886894086393551650816.000000 127
0.515708 -0.711863 -802710473128497269220311040.000000 162
0.637424 -0.770513 911281719577340892327968768.000000 163
0.658410 -0.623625 -534085863450514297903382528.000000 179
0.409886 -0.779019 9957997569779222369793998848.000000 144
0.515708 -0.711863 -802710473128497269220311040.000000 162
0.393993 -0.653212 -4169612382982277373414604800.000000 146
0.409886 -0.779019 9957997569779222369793998848.000000 144
0.535827 -0.844328 -2676749467587094001857069056.000000 145
0.515708 -0.711863 -802710473128497269220311040.000000 162
0.425779 -0.904827 -3257342228048237096203190272.000000 126
0.409886 -0.779019 9957997569779222369793998848.000000 144
0.295977 -0.844070 4852519264254405849068339200.000000 125
-0.065162 -0.389016 -5296810313438450533494436134912.000000 106
-0.145550 -0.426758 11200045107556748479007584944128.000000 87
-0.115913 -0.510892 -3941457711630482663068103868416.000000 88
-0.272489 -0.433048 10626292738930553014545857642496.000000 67
-0.145550 -0.426758 11200045107556748479007584944128.000000 87
-0.234167 -0.315104 -115162218084992593483157886468096.000000 70
-0.219573 -0.550993 25680633029142912370021402411008.000000 69
-0.378100 -0.527404 -174166517876604639958026346823680.000000 52
-0.349134 -0.668938 33522857530351204787490834612224.000000 51
-0.072500 -0.716116 826372286325590636804094033920.000000 83
-0.042377 -0.593453 2636336505074824151813748424704.000000 86
-0.166657 -0.668938 -8604942871311334319822225801216.000000 68
-0.272489 -0.433048 10626292738930553014545857642496.000000 67
-0.378100 -0.527404 -174166517876604639958026346823680.000000 52
-0.219573 -0.550993 25680633029142912370021402411008.000000 69
0.535827 -0.844328 -2676749467587094001857069056.000000 145
0.409886 -0.779019 9957997569779222369793998848.000000 144
0.425779 -0.904827 -3257342228048237096203190272.000000 126
0.535827 -0.844328 -2676749467587094001857069056.000000 145
0.637424 -0.770513 911281719577340892327968768.000000 163
0.515708 -0.711863 -802710473128497269220311040.000000 162
0.409886 -0.779019 9957997569779222369793998848.000000 144
0.282937 -0.737084 -55360246886894086393551650816.000000 127
0.295977 -0.844070 4852519264254405849068339200.000000 125
0.637424 -0.770513 911281719577340892327968768.000000 163
0.728969 -0.684547 40808852364995774409342976.000000 180
0.658410 -0.623625 -534085863450514297903382528.000000 179
-0.309017 0.951057 -158597959390169314149347098624.000000 148
-0.203275 0.856480 -8784352679592170336502677504.000000 149
-0.187381 0.982287 42630984981893892196918099968.000000 165
-0.109200 0.735914 165213804622885323565611089920.000000 150
-0.219168 0.730672 -286690530283225750868072595456.000000 134
-0.081324 0.616659 -580324763300995878241295138816.000000 152
-0.187381 0.982287 42630984981893892196918099968.000000 165
-0.203275 0.856480 -8784352679592170336502677504.000000 149
-0.089651 0.864346 -45499639886161530826797350912.000000 166
-0.219168 0.730672 -286690530283225750868072595456.000000 134
-0.382682 0.674543 -1232517620532612619765544910848.000000 115
-0.235061 0.604864 2565504584206627189976576557056.000000 132
-0.089651 0.864346 -45499639886161530826797350912.000000 166
-0.109200 0.735914 165213804622885323565611089920.000000 150
0.000768 0.741156 72071281594560924564240465920.000000 167
-0.253031 -0.747568 -11439834366370722757142451847168.000000 61
-0.166657 -0.668938 -8604942871311334319822225801216.000000 68
-0.349134 -0.668938 33522857530351204787490834612224.000000 51
-0.060826 -0.904827 -301892036893188706861488013312.000000 82
-0.156928 -0.826197 2735694025166535919875940941824.000000 81
-0.187381 -0.982287 -1542684413878982930238669848576.000000 63
-0.060826 -0.904827 -301892036893188706861488013312.000000 82
-0.005837 -0.810471 -397847175223053527054435745792.000000 101
-0.156928 -0.826197 2735694025166535919875940941824.000000 81
-0.232973 -0.888627 2608563414132579744216527142912.000000 62
-0.156928 -0.826197 2735694025166535919875940941824.000000 81
-0.253031 -0.747568 -11439834366370722757142451847168.000000 61
-0.187381 -0.982287 -1542684413878982930238669848576.000000 63
-0.232973 -0.888627 2608563414132579744216527142912.000000 62
-0.309017 -0.951057 2896815936771141665428217004032.000000 47
-0.187381 -0.982287 -1542684413878982930238669848576.000000 63
-0.156928 -0.826197 2735694025166535919875940941824.000000 81
-0.232973 -0.888627 2608563414132579744216527142912.000000 62
-0.062791 -0.998027 354654066570929865435167850496.000000 71
-0.060826 -0.904827 -301892036893188706861488013312.000000 82
-0.187381 -0.982287 -1542684413878982930238669848576.000000 63
-0.042377 -0.593453 2636336505074824151813748424704.000000 86
-0.072500 -0.716116 826372286325590636804094033920.000000 83
0.034327 -0.646921 -400455814916380238056880340992.000000 102
-0.012254 -0.470791 697430394078001695181837959168.000000 105
-0.042377 -0.593453 2636336505074824151813748424704.000000 86
0.034327 -0.646921 -400455814916380238056880340992.000000 102
-0.115913 -0.510892 -3941457711630482663068103868416.000000 88
-0.166657 -0.668938 -8604942871311334319822225801216.000000 68
-0.042377 -0.593453 2636336505074824151813748424704.000000 86
-0.518255 -0.575515 823282309813327308014037183234048.000000 36
-0.616669 -0.529062 -4885355134780891487978682987839488.000000 25
-0.658410 -0.623625 -185242015440994513626486376759296.000000 24
-0.433694 -0.622226 -100949664493845821187096026546176.000000 37
-0.518255 -0.575515 823282309813327308014037183234048.000000 36
-0.534148 -0.701322 -128148669947305327038374214631424.000000 31
-0.409886 -0.779019 38301018701480989691564284444672.000000 45
-0.433694 -0.622226 -100949664493845821187096026546176.000000 37
-0.534148 -0.701322 -128148669947305327038374214631424.000000 31
-0.349134 -0.668938 33522857530351204787490834612224.000000 51
-0.378100 -0.527404 -174166517876604639958026346823680.000000 52
-0.433694 -0.622226 -100949664493845821187096026546176.000000 37
-0.378100 -0.527404 -174166517876604639958026346823680.000000 52
-0.486789 -0.444362 225000286601225196023364446060544.000000 38
-0.518255 -0.575515 823282309813327308014037183234048.000000 36
0.060826 -0.904827 75031433271929317698012446720.000000 91
-0.060826 -0.904827 -301892036893188706861488013312.000000 82
-0.062791 -0.998027 354654066570929865435167850496.000000 71
-0.534148 -0.701322 -128148669947305327038374214631424.000000 31
-0.535827 -0.844328 -13871775652729621038202127122432.000000 30
-0.409886 -0.779019 38301018701480989691564284444672.000000 45
-0.486789 -0.444362 225000286601225196023364446060544.000000 38
-0.378100 -0.527404 -174166517876604639958026346823680.000000 52
-0.362206 -0.401597 231529700408740589662957515833344.000000 53
-0.728969 -0.684547 -1387895186633474326734559405670400.000000 14
-0.637424 -0.770513 298313522342233167748592612409344.000000 19
-0.658410 -0.623625 -185242015440994513626486376759296.000000 24
-0.321429 -0.833823 -4530703421804710855229982113792.000000 46
-0.253031 -0.747568 -11439834366370722757142451847168.000000 61
-0.409886 -0.779019 38301018701480989691564284444672.000000 45
-0.346313 -0.275789 492321666665040780213621941600256.000000 64
-0.362206 -0.401597 231529700408740589662957515833344.000000 53
-0.234167 -0.315104 -115162218084992593483157886468096.000000 70
-0.195844 -0.197159 -113999370012428717414670156169216.000000 84
-0.346313 -0.275789 492321666665040780213621941600256.000000 64
-0.234167 -0.315104 -115162218084992593483157886468096.000000 70
-0.658594 0.038247 16758391717972108539633848712953856.000000 29
-0.584401 -0.096754 4414150565693306485996777390473216.000000 35
-0.515073 -0.029496 -4378646890344042097883772356657152.000000 39
-0.330420 -0.149981 199067288585560969735696998727680.000000 66
-0.441136 -0.097722 -103979635510472543388510004969472.000000 50
-0.469331 -0.217723 -1396454442501900709876019004178432.000000 49
-0.330420 -0.149981 199067288585560969735696998727680.000000 66
-0.314527 -0.024174 -191864608277752295343629166182400.000000 65
-0.441136 -0.097722 -103979635510472543388510004969472.000000 50
-0.321429 -0.833823 -4530703421804710855229982113792.000000 46
-0.425779 -0.904827 -9337408964575393921199603974144.000000 32
-0.309017 -0.951057 2896815936771141665428217004032.000000 47
-0.378100 -0.527404 -174166517876604639958026346823680.000000 52
-0.518255 -0.575515 823282309813327308014037183234048.000000 36
-0.433694 -0.622226 -100949664493845821187096026546176.000000 37
-0.535827 -0.844328 -13871775652729621038202127122432.000000 30
-0.425779 -0.904827 -9337408964575393921199603974144.000000 32
-0.409886 -0.779019 38301018701480989691564284444672.000000 45
0.298634 0.101634 37091624208282594775981359104.000000 156
0.172130 0.119981 -314285180061319079166788763648.000000 137
0.196515 -0.037934 129432776352675515198274011136.000000 140
-0.216863 0.007278 84771616805732331228982495150080.000000 80
-0.157522 -0.079215 1332470732509690284218515456000.000000 85
-0.119199 0.038730 -15394753112196587722453182054400.000000 100
0.198854 -0.161776 109643575484093627943385825280.000000 141
0.210774 -0.256132 -153685357810579374880961069056.000000 142
0.330420 -0.149981 -25942101445636087594765778944.000000 160
-0.118071 -0.307241 40070623630135225477693964288000.000000 89
-0.195844 -0.197159 -113999370012428717414670156169216.000000 84
-0.234167 -0.315104 -115162218084992593483157886468096.000000 70
0.114121 -0.291515 1320744839853540127658888658944.000000 124
0.235267 -0.407887 -450779157552696641894968459264.000000 143
0.210774 -0.256132 -153685357810579374880961069056.000000 142
0.114121 -0.291515 1320744839853540127658888658944.000000 124
0.108328 -0.414177 1623791576079261891554189508608.000000 123
0.235267 -0.407887 -450779157552696641894968459264.000000 143
0.198854 -0.161776 109643575484093627943385825280.000000 141
0.114121 -0.291515 1320744839853540127658888658944.000000 124
0.210774 -0.256132 -153685357810579374880961069056.000000 142
0.067288 -0.173570 -1348704751355147791089136566272.000000 121
-0.064278 -0.185365 15267848869048271441103643738112.000000 103
-0.001975 -0.299378 -7677720183019029618001446961152.000000 107
-0.012254 -0.470791 697430394078001695181837959168.000000 105
0.034327 -0.646921 -400455814916380238056880340992.000000 102
0.141155 -0.577727 -359521938868861008678150471680.000000 120
-0.064278 -0.185365 15267848869048271441103643738112.000000 103
-0.035536 -0.096906 597986434915081426696503558144.000000 104
-0.157522 -0.079215 1332470732509690284218515456000.000000 85
-0.001975 -0.299378 -7677720183019029618001446961152.000000 107
-0.064278 -0.185365 15267848869048271441103643738112.000000 103
-0.118071 -0.307241 40070623630135225477693964288000.000000 89
0.067288 -0.173570 -1348704751355147791089136566272.000000 121
-0.035536 -0.096906 597986434915081426696503558144.000000 104
-0.064278 -0.185365 15267848869048271441103643738112.000000 103
-0.330420 -0.149981 199067288585560969735696998727680.000000 66
-0.195844 -0.197159 -113999370012428717414670156169216.000000 84
-0.157522 -0.079215 1332470732509690284218515456000.000000 85
-0.330420 -0.149981 199067288585560969735696998727680.000000 66
-0.346313 -0.275789 492321666665040780213621941600256.000000 64
-0.195844 -0.197159 -113999370012428717414670156169216.000000 84
-0.658594 0.038247 16758391717972108539633848712953856.000000 29
-0.576964 0.099699 -2652213237589720340660716629393408.000000 44
-0.708183 0.161636 6069679297320729577128669835427840.000000 28
-0.838383 -0.043527 278804610533359349665952389899747328.000000 12
-0.715365 -0.101593 -51688801352695332688132626047827968.000000 23
-0.773283 0.059054 -42992285922393590774472013177159680.000000 18
-0.584401 -0.096754 4414150565693306485996777390473216.000000 35
-0.469331 -0.217723 -1396454442501900709876019004178432.000000 49
-0.441136 -0.097722 -103979635510472543388510004969472.000000 50
-0.715365 -0.101593 -51688801352695332688132626047827968.000000 23
-0.584401 -0.096754 4414150565693306485996777390473216.000000 35
-0.658594 0.038247 16758391717972108539633848712953856.000000 29
-0.773283 0.059054 -42992285922393590774472013177159680.000000 18
-0.715365 -0.101593 -51688801352695332688132626047827968.000000 23
-0.658594 0.038247 16758391717972108539633848712953856.000000 29
-0.680615 -0.197981 6600268786186507693756457513123840.000000 22
-0.569181 -0.223917 5812328564868982488856270475362304.000000 34
-0.584401 -0.096754 4414150565693306485996777390473216.000000 35
-0.792049 -0.172045 59893581727076286011089738295934976.000000 13
-0.680615 -0.197981 6600268786186507693756457513123840.000000 22
-0.715365 -0.101593 -51688801352695332688132626047827968.000000 23
-0.792049 -0.172045 59893581727076286011089738295934976.000000 13
-0.847640 -0.274036 249090933644662987489809155271688192.000000 11
-0.680489 -0.312940 -49859151060544888010294508145082368.000000 21
-0.715365 -0.101593 -51688801352695332688132626047827968.000000 23
-0.680615 -0.197981 6600268786186507693756457513123840.000000 22
-0.584401 -0.096754 4414150565693306485996777390473216.000000 35
-0.838383 -0.043527 278804610533359349665952389899747328.000000 12
-0.792049 -0.172045 59893581727076286011089738295934976.000000 13
-0.715365 -0.101593 -51688801352695332688132626047827968.000000 23
-0.314527 -0.024174 -191864608277752295343629166182400.000000 65
-0.298634 0.101634 -231460490797330105026163893075968.000000 73
-0.445745 0.037763 1047754485270643919536351917113344.000000 54
-0.680489 -0.312940 -49859151060544888010294508145082368.000000 21
-0.592925 -0.376490 4482013305130292080874787893673984.000000 33
-0.569181 -0.223917 5812328564868982488856270475362304.000000 34
-0.569181 -0.223917 5812328564868982488856270475362304.000000 34
-0.592925 -0.376490 4482013305130292080874787893673984.000000 33
-0.443723 -0.339315 -2059621041780169346350173686595584.000000 48
-0.658410 -0.623625 -185242015440994513626486376759296.000000 24
-0.616669 -0.529062 -4885355134780891487978682987839488.000000 25
-0.735953 -0.529892 6364825231971453870316858957103104.000000 15
-0.658410 -0.623625 -185242015440994513626486376759296.000000 24
-0.534148 -0.701322 -128148669947305327038374214631424.000000 31
-0.518255 -0.575515 823282309813327308014037183234048.000000 36
-0.443723 -0.339315 -2059621041780169346350173686595584.000000 48
-0.469331 -0.217723 -1396454442501900709876019004178432.000000 49
-0.569181 -0.223917 5812328564868982488856270475362304.000000 34
-0.362206 -0.401597 231529700408740589662957515833344.000000 53
-0.443723 -0.339315 -2059621041780169346350173686595584.000000 48
-0.486789 -0.444362 225000286601225196023364446060544.000000 38
-0.362206 -0.401597 231529700408740589662957515833344.000000 53
-0.346313 -0.275789 492321666665040780213621941600256.000000 64
-0.443723 -0.339315 -2059621041780169346350173686595584.000000 48
0.247982 -0.508533 -185971071684826464161527496704.000000 139
0.141155 -0.577727 -359521938868861008678150471680.000000 120
0.298781 -0.621760 73759754068467522889737830400.000000 138
-0.156928 -0.826197 2735694025166535919875940941824.000000 81
-0.072500 -0.716116 826372286325590636804094033920.000000 83
-0.166657 -0.668938 -8604942871311334319822225801216.000000 68
0.164458 -0.730094 204895268170445045194263887872.000000 119
0.177179 -0.862891 31933147443878752862708170752.000000 109
0.282937 -0.737084 -55360246886894086393551650816.000000 127
0.298781 -0.621760 73759754068467522889737830400.000000 138
0.164458 -0.730094 204895268170445045194263887872.000000 119
0.282937 -0.737084 -55360246886894086393551650816.000000 127
0.034327 -0.646921 -400455814916380238056880340992.000000 102
-0.005837 -0.810471 -397847175223053527054435745792.000000 101
0.164458 -0.730094 204895268170445045194263887872.000000 119
0.108328 -0.414177 1623791576079261891554189508608.000000 123
0.247982 -0.508533 -185971071684826464161527496704.000000 139
0.235267 -0.407887 -450779157552696641894968459264.000000 143
-0.115913 -0.510892 -3941457711630482663068103868416.000000 88
-0.012254 -0.470791 697430394078001695181837959168.000000 105
-0.065162 -0.389016 -5296810313438450533494436134912.000000 106
-0.219573 -0.550993 25680633029142912370021402411008.000000 69
-0.115913 -0.510892 -3941457711630482663068103868416.000000 88
-0.145550 -0.426758 11200045107556748479007584944128.000000 87
-0.219573 -0.550993 25680633029142912370021402411008.000000 69
-0.166657 -0.668938 -8604942871311334319822225801216.000000 68
-0.115913 -0.510892 -3941457711630482663068103868416.000000 88
-0.115913 -0.510892 -3941457711630482663068103868416.000000 88
-0.042377 -0.593453 2636336505074824151813748424704.000000 86
-0.012254 -0.470791 697430394078001695181837959168.000000 105
0.378100 -0.527404 6280107928652847912293761024.000000 158
0.362206 -0.401597 97671966817985015169075380224.000000 159
0.247982 -0.508533 -185971071684826464161527496704.000000 139
