-0.903483 -0.146108 -13791829524805753601305187090857721856.000000 5
-0.992115 -0.125333 122311669823085817808190367075141681152.000000 1
-0.968583 -0.248690 -14017246196067248774369038630941360128.000000 2
-0.929776 -0.368125 1115783881056990078002524971289542656.000000 3
-0.847640 -0.274036 3985454938314607799836946484347011072.000000 11
-0.968583 -0.248690 -14017246196067248774369038630941360128.000000 2
-0.838383 -0.043527 4460873768533749594655238238395957248.000000 12
-1.000000 -0.000000 -10586928609959560952940310403565486080.000000 4
-0.903483 -0.146108 -13791829524805753601305187090857721856.000000 5
-0.791796 -0.401964 -850102819103304389952015487750635520.000000 10
-0.876307 -0.481754 90030384340321510818167557577506816.000000 6
-0.735953 -0.529892 101837203711543261925069743313649664.000000 15
-0.664439 -0.453191 385135789592407924504623257265111040.000000 20
-0.592925 -0.376490 71712212882084673293996606298783744.000000 33
-0.680489 -0.312940 -797746416968718208164712130321317888.000000 21
-0.616669 -0.529062 -78165682156494263807658927805431808.000000 25
-0.664439 -0.453191 385135789592407924504623257265111040.000000 20
-0.735953 -0.529892 101837203711543261925069743313649664.000000 15
-0.616669 -0.529062 -78165682156494263807658927805431808.000000 25
-0.592925 -0.376490 71712212882084673293996606298783744.000000 33
-0.664439 -0.453191 385135789592407924504623257265111040.000000 20
-0.847640 -0.274036 3985454938314607799836946484347011072.000000 11
-0.929776 -0.368125 1115783881056990078002524971289542656.000000 3
-0.791796 -0.401964 -850102819103304389952015487750635520.000000 10
-0.577982 0.366799 3627370037095331412234468436475904.000000 58
-0.479568 0.320346 -1889867687026917264616052238581760.000000 75
-0.512882 0.469380 -695941353980855679685120852230144.000000 77
-0.381154 0.273894 -1981254697127202568126427064958976.000000 78
-0.528266 0.210023 8352533135798464003976992428916736.000000 59
-0.413450 0.155828 4091146354089974032920396209061888.000000 60
-0.389865 0.411315 627636512471147499117243921334272.000000 95
-0.479568 0.320346 -1889867687026917264616052238581760.000000 75
-0.381154 0.273894 -1981254697127202568126427064958976.000000 78
-0.250954 0.479057 -131283538470825261208964194893824.000000 114
-0.389865 0.411315 627636512471147499117243921334272.000000 95
-0.266847 0.353249 227588251351197483492489222422528.000000 98
-0.349368 0.525509 -126350892356337327458517442887680.000000 113
-0.447782 0.571962 171917195537224780882057753526272.000000 97
-0.389865 0.411315 627636512471147499117243921334272.000000 95
-0.577982 0.366799 3627370037095331412234468436475904.000000 58
-0.528266 0.210023 8352533135798464003976992428916736.000000 59
-0.479568 0.320346 -1889867687026917264616052238581760.000000 75
-0.080876 0.156675 -16579820298144061820111157198848.000000 110
-0.042554 0.274619 30893510768207617973708239405056.000000 117
-0.162647 0.251030 -143390754551829661889307074363392.000000 99
-0.189755 0.129154 458993585046119993180692374618112.000000 93
-0.080876 0.156675 -16579820298144061820111157198848.000000 110
-0.162647 0.251030 -143390754551829661889307074363392.000000 99
-0.282741 0.227442 160138208122368404260890787971072.000000 79
-0.189755 0.129154 458993585046119993180692374618112.000000 93
-0.162647 0.251030 -143390754551829661889307074363392.000000 99
-0.298634 0.101634 -3703367852757281680418622289215488.000000 73
-0.216863 0.007278 1356345868891717587894096074113024.000000 80
-0.189755 0.129154 458993585046119993180692374618112.000000 93
0.198854 -0.161776 1754297207745496076769336229888.000000 141
0.078503 -0.051694 -4826547874274887158824836268032.000000 122
0.067288 -0.173570 -21579276021682360153826557689856.000000 121
0.125317 0.034143 -10429388825797639342535798161408.000000 128
0.020079 0.059698 47776984722038907670228113555456.000000 118
0.078503 -0.051694 -4826547874274887158824836268032.000000 122
0.196515 -0.037934 2070924421642807961697407467520.000000 140
0.125317 0.034143 -10429388825797639342535798161408.000000 128
0.078503 -0.051694 -4826547874274887158824836268032.000000 122
0.172130 0.119981 -5028562880981104703718666797056.000000 137
0.020079 0.059698 47776984722038907670228113555456.000000 118
0.125317 0.034143 -10429388825797639342535798161408.000000 128
0.282741 0.227442 284048413359150942848372703232.000000 155
0.172130 0.119981 -5028562880981104703718666797056.000000 137
0.298634 0.101634 593465987332521516415701745664.000000 156
0.282741 0.227442 284048413359150942848372703232.000000 155
0.163714 0.327039 -631888134104369263331516612608.000000 153
0.167922 0.223510 3835382879208318357694318641152.000000 147
-0.080876 0.156675 -16579820298144061820111157198848.000000 110
-0.119199 0.038730 -246316049795145367530453893906432.000000 100
0.020079 0.059698 47776984722038907670228113555456.000000 118
-0.838383 -0.043527 4460873768533749594655238238395957248.000000 12
-0.915249 0.040903 764806658366044535285124139512233984.000000 9
-1.000000 -0.000000 -10586928609959560952940310403565486080.000000 4
-0.903483 -0.146108 -13791829524805753601305187090857721856.000000 5
-1.000000 -0.000000 -10586928609959560952940310403565486080.000000 4
-0.992115 -0.125333 122311669823085817808190367075141681152.000000 1
-0.362206 -0.401597 3704475206539849434607320253333504.000000 53
-0.378100 -0.527404 -2786664286025674239328421549178880.000000 52
-0.272489 -0.433048 170020683822888776175139684352000.000000 67
-0.847640 -0.274036 3985454938314607799836946484347011072.000000 11
-0.903483 -0.146108 -13791829524805753601305187090857721856.000000 5
-0.968583 -0.248690 -14017246196067248774369038630941360128.000000 2
-0.847640 -0.274036 3985454938314607799836946484347011072.000000 11
-0.792049 -0.172045 958297307633220576177435812734959616.000000 13
-0.903483 -0.146108 -13791829524805753601305187090857721856.000000 5
-0.876307 -0.481754 90030384340321510818167557577506816.000000 6
-0.791796 -0.401964 -850102819103304389952015487750635520.000000 10
-0.929776 -0.368125 1115783881056990078002524971289542656.000000 3
-0.664439 -0.453191 385135789592407924504623257265111040.000000 20
-0.791796 -0.401964 -850102819103304389952015487750635520.000000 10
-0.735953 -0.529892 101837203711543261925069743313649664.000000 15
-0.680615 -0.197981 105604300578984123100103320209981440.000000 22
-0.680489 -0.312940 -797746416968718208164712130321317888.000000 21
-0.569181 -0.223917 92997257037903719821700327605796864.000000 34
-0.680615 -0.197981 105604300578984123100103320209981440.000000 22
-0.792049 -0.172045 958297307633220576177435812734959616.000000 13
-0.680489 -0.312940 -797746416968718208164712130321317888.000000 21
-0.515073 -0.029496 -70058350245504673566140357706514432.000000 39
-0.441136 -0.097722 -1663674168167561558907288534646784.000000 50
-0.445745 0.037763 16764071764330302712581630673813504.000000 54
-0.330420 -0.149981 3185076617368975515771151979642880.000000 66
-0.469331 -0.217723 -22343271080030411358016304066854912.000000 49
-0.346313 -0.275789 7877146666640652483417951065604096.000000 64
-0.838383 -0.043527 4460873768533749594655238238395957248.000000 12
-0.903483 -0.146108 -13791829524805753601305187090857721856.000000 5
-0.792049 -0.172045 958297307633220576177435812734959616.000000 13
-0.735953 -0.529892 101837203711543261925069743313649664.000000 15
-0.809017 -0.587785 -67800867736516264869065862124929024.000000 7
-0.728969 -0.684547 -22206322986135589227752950490726400.000000 14
-0.346313 -0.275789 7877146666640652483417951065604096.000000 64
-0.469331 -0.217723 -22343271080030411358016304066854912.000000 49
-0.443723 -0.339315 -32953936668482709541602778985529344.000000 48
-0.876307 -0.481754 90030384340321510818167557577506816.000000 6
-0.809017 -0.587785 -67800867736516264869065862124929024.000000 7
-0.735953 -0.529892 101837203711543261925069743313649664.000000 15
-0.309017 0.951057 -2537567350242708463439600156672.000000 148
-0.317582 0.777124 4989092120723777932526035664896.000000 131
-0.203275 0.856480 -140549642873474232802833596416.000000 149
-0.915249 0.040903 764806658366044535285124139512233984.000000 9
-0.992115 0.125333 1035723481653636806449344244053180416.000000 8
-1.000000 -0.000000 -10586928609959560952940310403565486080.000000 4
-0.773283 0.059054 -687876574758297452391552210834554880.000000 18
-0.915249 0.040903 764806658366044535285124139512233984.000000 9
-0.838383 -0.043527 4460873768533749594655238238395957248.000000 12
-0.773283 0.059054 -687876574758297452391552210834554880.000000 18
-0.838383 0.205163 -206830756696869106193372749102055424.000000 17
-0.915249 0.040903 764806658366044535285124139512233984.000000 9
-0.317582 0.777124 4989092120723777932526035664896.000000 131
-0.309017 0.951057 -2537567350242708463439600156672.000000 148
-0.425779 0.904827 3675541160512045599506166710272.000000 130
-0.447782 0.737755 -13335179112426721354092396937216.000000 112
-0.425779 0.904827 3675541160512045599506166710272.000000 130
-0.535827 0.844328 -4242666323736243871016317616128.000000 111
-0.992115 0.125333 1035723481653636806449344244053180416.000000 8
-0.915249 0.040903 764806658366044535285124139512233984.000000 9
-0.838383 0.205163 -206830756696869106193372749102055424.000000 17
-0.382682 0.674543 -19720281928521797412649091203072.000000 115
-0.447782 0.571962 171917195537224780882057753526272.000000 97
-0.349368 0.525509 -126350892356337327458517442887680.000000 113
-0.425779 0.904827 3675541160512045599506166710272.000000 130
-0.447782 0.737755 -13335179112426721354092396937216.000000 112
-0.317582 0.777124 4989092120723777932526035664896.000000 131
-0.382682 0.674543 -19720281928521797412649091203072.000000 115
-0.349368 0.525509 -126350892356337327458517442887680.000000 113
-0.235061 0.604864 41048073347306035039625224912896.000000 132
-0.816683 0.308437 42932575520765977787866201370656768.000000 27
-0.968583 0.248690 -134154060971728443058422196878704640.000000 16
-0.838383 0.205163 -206830756696869106193372749102055424.000000 17
-0.816683 0.308437 42932575520765977787866201370656768.000000 27
-0.929776 0.368125 13164205101642000356525090919153664.000000 26
-0.968583 0.248690 -134154060971728443058422196878704640.000000 16
-0.708183 0.161636 97114868757131673234058717366845440.000000 28
-0.816683 0.308437 42932575520765977787866201370656768.000000 27
-0.838383 0.205163 -206830756696869106193372749102055424.000000 17
-0.794983 0.411712 -7699579001513438680673063050149888.000000 41
-0.929776 0.368125 13164205101642000356525090919153664.000000 26
-0.816683 0.308437 42932575520765977787866201370656768.000000 27
-0.314527 -0.024174 -3069833732444036149037314355494912.000000 65
-0.330420 -0.149981 3185076617368975515771151979642880.000000 66
-0.157522 -0.079215 21319531720155026533097737814016.000000 85
-0.080876 0.156675 -16579820298144061820111157198848.000000 110
-0.189755 0.129154 458993585046119993180692374618112.000000 93
-0.119199 0.038730 -246316049795145367530453893906432.000000 100
-0.576964 0.099699 -42435411801435525450571466070294528.000000 44
-0.528266 0.210023 8352533135798464003976992428916736.000000 59
-0.643082 0.264217 -9293144775482250422599386725875712.000000 43
-0.773283 0.059054 -687876574758297452391552210834554880.000000 18
-0.658594 0.038247 268134267487553736634141579407261696.000000 29
-0.708183 0.161636 97114868757131673234058717366845440.000000 28
-0.445745 0.037763 16764071764330302712581630673813504.000000 54
-0.413450 0.155828 4091146354089974032920396209061888.000000 60
-0.576964 0.099699 -42435411801435525450571466070294528.000000 44
-0.216863 0.007278 1356345868891717587894096074113024.000000 80
-0.298634 0.101634 -3703367852757281680418622289215488.000000 73
-0.314527 -0.024174 -3069833732444036149037314355494912.000000 65
-0.157522 -0.079215 21319531720155026533097737814016.000000 85
-0.216863 0.007278 1356345868891717587894096074113024.000000 80
-0.314527 -0.024174 -3069833732444036149037314355494912.000000 65
-0.119199 0.038730 -246316049795145367530453893906432.000000 100
-0.189755 0.129154 458993585046119993180692374618112.000000 93
-0.216863 0.007278 1356345868891717587894096074113024.000000 80
-0.576964 0.099699 -42435411801435525450571466070294528.000000 44
-0.643082 0.264217 -9293144775482250422599386725875712.000000 43
-0.708183 0.161636 97114868757131673234058717366845440.000000 28
-0.413450 0.155828 4091146354089974032920396209061888.000000 60
-0.528266 0.210023 8352533135798464003976992428916736.000000 59
-0.576964 0.099699 -42435411801435525450571466070294528.000000 44
-0.298634 0.101634 -3703367852757281680418622289215488.000000 73
-0.413450 0.155828 4091146354089974032920396209061888.000000 60
-0.445745 0.037763 16764071764330302712581630673813504.000000 54
-0.298634 0.101634 -3703367852757281680418622289215488.000000 73
-0.282741 0.227442 160138208122368404260890787971072.000000 79
-0.413450 0.155828 4091146354089974032920396209061888.000000 60
-0.381154 0.273894 -1981254697127202568126427064958976.000000 78
-0.266847 0.353249 227588251351197483492489222422528.000000 98
-0.389865 0.411315 627636512471147499117243921334272.000000 95
-0.381154 0.273894 -1981254697127202568126427064958976.000000 78
-0.282741 0.227442 160138208122368404260890787971072.000000 79
-0.266847 0.353249 227588251351197483492489222422528.000000 98
-0.528266 0.210023 8352533135798464003976992428916736.000000 59
-0.381154 0.273894 -1981254697127202568126427064958976.000000 78
-0.479568 0.320346 -1889867687026917264616052238581760.000000 75
-0.413450 0.155828 4091146354089974032920396209061888.000000 60
-0.282741 0.227442 160138208122368404260890787971072.000000 79
-0.381154 0.273894 -1981254697127202568126427064958976.000000 78
-0.577982 0.366799 3627370037095331412234468436475904.000000 58
-0.643082 0.264217 -9293144775482250422599386725875712.000000 43
-0.528266 0.210023 8352533135798464003976992428916736.000000 59
-0.577982 0.366799 3627370037095331412234468436475904.000000 58
-0.610532 0.481301 3990609505511650105495089542332416.000000 57
-0.719033 0.337964 -20829059767230095649359708005859328.000000 42
-0.621382 0.574733 -738329866673792143279106488795136.000000 76
-0.708183 0.493222 4620448158563302119003637701148672.000000 56
-0.610532 0.481301 3990609505511650105495089542332416.000000 57
-0.719033 0.337964 -20829059767230095649359708005859328.000000 42
-0.816683 0.308437 42932575520765977787866201370656768.000000 27
-0.708183 0.161636 97114868757131673234058717366845440.000000 28
-0.577982 0.366799 3627370037095331412234468436475904.000000 58
-0.719033 0.337964 -20829059767230095649359708005859328.000000 42
-0.643082 0.264217 -9293144775482250422599386725875712.000000 43
-0.794983 0.411712 -7699579001513438680673063050149888.000000 41
-0.816683 0.308437 42932575520765977787866201370656768.000000 27
-0.719033 0.337964 -20829059767230095649359708005859328.000000 42
-0.708183 0.493222 4620448158563302119003637701148672.000000 56
-0.794983 0.411712 -7699579001513438680673063050149888.000000 41
-0.719033 0.337964 -20829059767230095649359708005859328.000000 42
-0.610532 0.481301 3990609505511650105495089542332416.000000 57
-0.708183 0.493222 4620448158563302119003637701148672.000000 56
-0.719033 0.337964 -20829059767230095649359708005859328.000000 42
-0.512882 0.469380 -695941353980855679685120852230144.000000 77
-0.610532 0.481301 3990609505511650105495089542332416.000000 57
-0.577982 0.366799 3627370037095331412234468436475904.000000 58
-0.512882 0.469380 -695941353980855679685120852230144.000000 77
-0.621382 0.574733 -738329866673792143279106488795136.000000 76
-0.610532 0.481301 3990609505511650105495089542332416.000000 57
-0.621382 0.574733 -738329866673792143279106488795136.000000 76
-0.809017 0.587785 -1149970276142782714058152685338624.000000 55
-0.708183 0.493222 4620448158563302119003637701148672.000000 56
-0.876307 0.481754 -1064586609354359632082989748322304.000000 40
-0.929776 0.368125 13164205101642000356525090919153664.000000 26
-0.794983 0.411712 -7699579001513438680673063050149888.000000 41
-0.445745 0.037763 16764071764330302712581630673813504.000000 54
-0.441136 -0.097722 -1663674168167561558907288534646784.000000 50
-0.314527 -0.024174 -3069833732444036149037314355494912.000000 65
-0.838383 0.205163 -206830756696869106193372749102055424.000000 17
-0.773283 0.059054 -687876574758297452391552210834554880.000000 18
-0.708183 0.161636 97114868757131673234058717366845440.000000 28
-0.643082 0.264217 -9293144775482250422599386725875712.000000 43
-0.719033 0.337964 -20829059767230095649359708005859328.000000 42
-0.708183 0.161636 97114868757131673234058717366845440.000000 28
-0.968583 0.248690 -134154060971728443058422196878704640.000000 16
-0.992115 0.125333 1035723481653636806449344244053180416.000000 8
-0.838383 0.205163 -206830756696869106193372749102055424.000000 17
-0.515073 -0.029496 -70058350245504673566140357706514432.000000 39
-0.576964 0.099699 -42435411801435525450571466070294528.000000 44
-0.658594 0.038247 268134267487553736634141579407261696.000000 29
-0.441136 -0.097722 -1663674168167561558907288534646784.000000 50
-0.515073 -0.029496 -70058350245504673566140357706514432.000000 39
-0.584401 -0.096754 70626409051092903775948438247571456.000000 35
-0.445745 0.037763 16764071764330302712581630673813504.000000 54
-0.576964 0.099699 -42435411801435525450571466070294528.000000 44
-0.515073 -0.029496 -70058350245504673566140357706514432.000000 39
-0.794983 0.411712 -7699579001513438680673063050149888.000000 41
-0.708183 0.493222 4620448158563302119003637701148672.000000 56
-0.876307 0.481754 -1064586609354359632082989748322304.000000 40
-0.447782 0.571962 171917195537224780882057753526272.000000 97
-0.534582 0.656244 84347813769594957122329733234688.000000 96
-0.621382 0.574733 -738329866673792143279106488795136.000000 76
-0.389865 0.411315 627636512471147499117243921334272.000000 95
-0.447782 0.571962 171917195537224780882057753526272.000000 97
-0.512882 0.469380 -695941353980855679685120852230144.000000 77
-0.479568 0.320346 -1889867687026917264616052238581760.000000 75
-0.389865 0.411315 627636512471147499117243921334272.000000 95
-0.512882 0.469380 -695941353980855679685120852230144.000000 77
-0.250954 0.479057 -131283538470825261208964194893824.000000 114
-0.235061 0.604864 41048073347306035039625224912896.000000 132
-0.349368 0.525509 -126350892356337327458517442887680.000000 113
-0.382682 0.674543 -19720281928521797412649091203072.000000 115
-0.534582 0.656244 84347813769594957122329733234688.000000 96
-0.447782 0.571962 171917195537224780882057753526272.000000 97
-0.728969 0.684547 569079816798106206907110415925248.000000 74
-0.809017 0.587785 -1149970276142782714058152685338624.000000 55
-0.621382 0.574733 -738329866673792143279106488795136.000000 76
-0.447782 0.737755 -13335179112426721354092396937216.000000 112
-0.382682 0.674543 -19720281928521797412649091203072.000000 115
-0.317582 0.777124 4989092120723777932526035664896.000000 131
-0.534582 0.656244 84347813769594957122329733234688.000000 96
-0.447782 0.737755 -13335179112426721354092396937216.000000 112
-0.535827 0.844328 -4242666323736243871016317616128.000000 111
-0.534582 0.656244 84347813769594957122329733234688.000000 96
-0.382682 0.674543 -19720281928521797412649091203072.000000 115
-0.447782 0.737755 -13335179112426721354092396937216.000000 112
-0.728969 0.684547 569079816798106206907110415925248.000000 74
-0.631775 0.670396 45378518096843137183062402531328.000000 92
-0.637424 0.770513 -113240817977446126174444734906368.000000 94
-0.621382 0.574733 -738329866673792143279106488795136.000000 76
-0.512882 0.469380 -695941353980855679685120852230144.000000 77
-0.447782 0.571962 171917195537224780882057753526272.000000 97
-0.631775 0.670396 45378518096843137183062402531328.000000 92
-0.534582 0.656244 84347813769594957122329733234688.000000 96
-0.637424 0.770513 -113240817977446126174444734906368.000000 94
-0.621382 0.574733 -738329866673792143279106488795136.000000 76
-0.631775 0.670396 45378518096843137183062402531328.000000 92
-0.728969 0.684547 569079816798106206907110415925248.000000 74
-0.621382 0.574733 -738329866673792143279106488795136.000000 76
-0.534582 0.656244 84347813769594957122329733234688.000000 96
-0.631775 0.670396 45378518096843137183062402531328.000000 92
0.794983 0.411712 -442243396966794796589907968.000000 236
0.929776 0.368125 -440469536580014562653241344.000000 237
0.876307 0.481754 957930751904816372190806016.000000 242
0.708183 0.493222 -1335050484335335376093708288.000000 238
0.794983 0.411712 -442243396966794796589907968.000000 236
0.876307 0.481754 957930751904816372190806016.000000 242
0.610532 0.481301 2285776056900416883321208832.000000 223
0.577982 0.366799 -3888498084749221674925162496.000000 208
0.719033 0.337964 1429099637565413132991463424.000000 222
0.349368 0.525509 71823945025914785105507778560.000000 189
0.512882 0.469380 -15014211204611764076605865984.000000 207
0.447782 0.571962 -21247400604008057976435769344.000000 205
0.349368 0.525509 71823945025914785105507778560.000000 189
0.422415 0.360024 17080544587159727464555479040.000000 190
0.512882 0.469380 -15014211204611764076605865984.000000 207
0.445745 0.037763 -21299162528375685212350185472.000000 170
0.314527 -0.024174 -468478321739971193384808218624.000000 157
0.441136 -0.097722 193587402988786492913638965248.000000 175
0.643082 0.264217 -7358206095432145600199524352.000000 206
0.522968 0.251959 19364793631213279802317340672.000000 191
0.571666 0.141635 29423540347843613006074216448.000000 188
0.794983 0.245918 1531332692917128079014363136.000000 220
0.719033 0.337964 1429099637565413132991463424.000000 222
0.643082 0.264217 -7358206095432145600199524352.000000 206
0.870933 0.153872 718357901091161655176331264.000000 219
0.794983 0.245918 1531332692917128079014363136.000000 220
0.708183 0.161636 -5147428314257903854754463744.000000 204
0.870933 0.153872 718357901091161655176331264.000000 219
0.968583 0.248690 -646007844249526084116152320.000000 230
0.794983 0.245918 1531332692917128079014363136.000000 220
0.577982 0.366799 -3888498084749221674925162496.000000 208
0.422415 0.360024 17080544587159727464555479040.000000 190
0.522968 0.251959 19364793631213279802317340672.000000 191
0.040329 0.180264 -10101861666430797114126521860096.000000 129
0.167922 0.223510 3835382879208318357694318641152.000000 147
0.060580 0.300829 -2481480547323629415117065551872.000000 136
0.794983 0.245918 1531332692917128079014363136.000000 220
0.643082 0.264217 -7358206095432145600199524352.000000 206
0.708183 0.161636 -5147428314257903854754463744.000000 204
0.708183 0.493222 -1335050484335335376093708288.000000 238
0.719033 0.337964 1429099637565413132991463424.000000 222
0.794983 0.411712 -442243396966794796589907968.000000 236
0.577982 0.366799 -3888498084749221674925162496.000000 208
0.643082 0.264217 -7358206095432145600199524352.000000 206
0.719033 0.337964 1429099637565413132991463424.000000 222
0.915249 0.040903 -109509739379212466249531392.000000 228
0.773283 0.059054 371931193562813295526674432.000000 215
0.838383 -0.043527 -1244361776607770906273513472.000000 225
1.000000 -0.000000 845952000977808127464308736.000000 240
0.915249 0.040903 -109509739379212466249531392.000000 228
0.838383 -0.043527 -1244361776607770906273513472.000000 225
0.992115 0.125333 -218679060117546074514653184.000000 233
0.968583 0.248690 -646007844249526084116152320.000000 230
0.870933 0.153872 718357901091161655176331264.000000 219
0.794983 0.245918 1531332692917128079014363136.000000 220
0.929776 0.368125 -440469536580014562653241344.000000 237
0.794983 0.411712 -442243396966794796589907968.000000 236
0.062791 0.998027 -21154746043046611898190528512.000000 198
0.023973 0.872212 -6626352960337561859597008896.000000 184
0.187381 0.982287 -29340086682086406681043927040.000000 199
0.425779 0.904827 4881845607686804627878051840.000000 216
0.309017 0.951057 -45712149426868584792536907776.000000 214
0.360982 0.819266 19961594206654725923329277952.000000 203
0.309017 0.951057 -45712149426868584792536907776.000000 214
0.203275 0.856480 118840517610218124987869429760.000000 200
0.360982 0.819266 19961594206654725923329277952.000000 203
0.382682 0.674543 58471164168722669787416625152.000000 202
0.447782 0.737755 -14226305698208929536844759040.000000 218
0.360982 0.819266 19961594206654725923329277952.000000 203
0.512882 0.469380 -15014211204611764076605865984.000000 207
0.621382 0.574733 6229465805062606925668024320.000000 221
0.447782 0.571962 -21247400604008057976435769344.000000 205
0.719033 0.337964 1429099637565413132991463424.000000 222
0.708183 0.493222 -1335050484335335376093708288.000000 238
0.610532 0.481301 2285776056900416883321208832.000000 223
0.809017 0.587785 -1470730620007587898447626240.000000 235
0.728969 0.684547 -2011173188707607655550550016.000000 234
0.621382 0.574733 6229465805062606925668024320.000000 221
0.621382 0.574733 6229465805062606925668024320.000000 221
0.534582 0.656244 -4352629498748715360833241088.000000 217
0.447782 0.571962 -21247400604008057976435769344.000000 205
0.809017 0.587785 -1470730620007587898447626240.000000 235
0.621382 0.574733 6229465805062606925668024320.000000 221
0.708183 0.493222 -1335050484335335376093708288.000000 238
0.631775 0.670396 -88421446946638880766427136.000000 229
0.534582 0.656244 -4352629498748715360833241088.000000 217
0.621382 0.574733 6229465805062606925668024320.000000 221
0.728969 0.684547 -2011173188707607655550550016.000000 234
0.631775 0.670396 -88421446946638880766427136.000000 229
0.621382 0.574733 6229465805062606925668024320.000000 221
0.728969 0.684547 -2011173188707607655550550016.000000 234
0.637424 0.770513 636801963891736055478484992.000000 231
0.631775 0.670396 -88421446946638880766427136.000000 229
0.447782 0.737755 -14226305698208929536844759040.000000 218
0.425779 0.904827 4881845607686804627878051840.000000 216
0.360982 0.819266 19961594206654725923329277952.000000 203
0.794983 0.245918 1531332692917128079014363136.000000 220
0.794983 0.411712 -442243396966794796589907968.000000 236
0.719033 0.337964 1429099637565413132991463424.000000 222
0.610532 0.481301 2285776056900416883321208832.000000 223
0.621382 0.574733 6229465805062606925668024320.000000 221
0.512882 0.469380 -15014211204611764076605865984.000000 207
0.577982 0.366799 -3888498084749221674925162496.000000 208
0.610532 0.481301 2285776056900416883321208832.000000 223
0.512882 0.469380 -15014211204611764076605865984.000000 207
0.708183 0.493222 -1335050484335335376093708288.000000 238
0.621382 0.574733 6229465805062606925668024320.000000 221
0.610532 0.481301 2285776056900416883321208832.000000 223
0.637424 0.770513 636801963891736055478484992.000000 231
0.534582 0.656244 -4352629498748715360833241088.000000 217
0.631775 0.670396 -88421446946638880766427136.000000 229
0.637424 0.770513 636801963891736055478484992.000000 231
0.535827 0.844328 5086245538156759638547103744.000000 232
0.534582 0.656244 -4352629498748715360833241088.000000 217
0.235061 0.604864 -157946672910305992451179937792.000000 186
0.219168 0.730672 -208200493454248133614322581504.000000 187
0.072414 0.628453 1716244957889296396096381124608.000000 169
0.447782 0.737755 -14226305698208929536844759040.000000 218
0.535827 0.844328 5086245538156759638547103744.000000 232
0.425779 0.904827 4881845607686804627878051840.000000 216
0.534582 0.656244 -4352629498748715360833241088.000000 217
0.447782 0.737755 -14226305698208929536844759040.000000 218
0.382682 0.674543 58471164168722669787416625152.000000 202
0.534582 0.656244 -4352629498748715360833241088.000000 217
0.535827 0.844328 5086245538156759638547103744.000000 232
0.447782 0.737755 -14226305698208929536844759040.000000 218
-0.135539 0.372907 751214745328181185959096745984.000000 116
-0.250954 0.479057 -131283538470825261208964194893824.000000 114
-0.266847 0.353249 227588251351197483492489222422528.000000 98
0.060580 0.300829 -2481480547323629415117065551872.000000 136
-0.004231 0.392564 -7933312746641451068673685979136.000000 135
-0.042554 0.274619 30893510768207617973708239405056.000000 117
0.040329 0.180264 -10101861666430797114126521860096.000000 129
0.060580 0.300829 -2481480547323629415117065551872.000000 136
-0.042554 0.274619 30893510768207617973708239405056.000000 117
0.163714 0.327039 -631888134104369263331516612608.000000 153
0.123361 0.435810 1807254009728447214774594306048.000000 154
0.060580 0.300829 -2481480547323629415117065551872.000000 136
-0.080876 0.156675 -16579820298144061820111157198848.000000 110
0.020079 0.059698 47776984722038907670228113555456.000000 118
0.040329 0.180264 -10101861666430797114126521860096.000000 129
0.266847 0.353249 -184131704796178103150485438464.000000 172
0.250954 0.479057 -253963634547584733486684045312.000000 171
0.123361 0.435810 1807254009728447214774594306048.000000 154
-0.108431 0.494783 17913804812939564616089694371840.000000 133
-0.250954 0.479057 -131283538470825261208964194893824.000000 114
-0.135539 0.372907 751214745328181185959096745984.000000 116
-0.004231 0.392564 -7933312746641451068673685979136.000000 135
-0.108431 0.494783 17913804812939564616089694371840.000000 133
-0.135539 0.372907 751214745328181185959096745984.000000 116
0.034091 0.510509 -699355476060962290545513725952.000000 151
0.072414 0.628453 1716244957889296396096381124608.000000 169
-0.081324 0.616659 -9285196212815935177760629063680.000000 152
0.034091 0.510509 -699355476060962290545513725952.000000 151
0.123361 0.435810 1807254009728447214774594306048.000000 154
0.134576 0.557687 -470704822937056103451833925632.000000 168
0.381154 0.273894 4141488908786684921418612736.000000 173
0.266847 0.353249 -184131704796178103150485438464.000000 172
0.282741 0.227442 284048413359150942848372703232.000000 155
0.413450 0.155828 -144127320412737837598425219072.000000 174
0.445745 0.037763 -21299162528375685212350185472.000000 170
0.571666 0.141635 29423540347843613006074216448.000000 188
0.282741 0.227442 284048413359150942848372703232.000000 155
0.413450 0.155828 -144127320412737837598425219072.000000 174
0.381154 0.273894 4141488908786684921418612736.000000 173
0.298634 0.101634 593465987332521516415701745664.000000 156
0.445745 0.037763 -21299162528375685212350185472.000000 170
0.413450 0.155828 -144127320412737837598425219072.000000 174
0.577982 0.366799 -3888498084749221674925162496.000000 208
0.512882 0.469380 -15014211204611764076605865984.000000 207
0.422415 0.360024 17080544587159727464555479040.000000 190
0.134576 0.557687 -470704822937056103451833925632.000000 168
0.235061 0.604864 -157946672910305992451179937792.000000 186
0.072414 0.628453 1716244957889296396096381124608.000000 169
0.034091 0.510509 -699355476060962290545513725952.000000 151
0.134576 0.557687 -470704822937056103451833925632.000000 168
0.072414 0.628453 1716244957889296396096381124608.000000 169
0.123361 0.435810 1807254009728447214774594306048.000000 154
0.250954 0.479057 -253963634547584733486684045312.000000 171
0.134576 0.557687 -470704822937056103451833925632.000000 168
0.422415 0.360024 17080544587159727464555479040.000000 190
0.349368 0.525509 71823945025914785105507778560.000000 189
0.266847 0.353249 -184131704796178103150485438464.000000 172
0.349368 0.525509 71823945025914785105507778560.000000 189
0.235061 0.604864 -157946672910305992451179937792.000000 186
0.250954 0.479057 -253963634547584733486684045312.000000 171
0.266847 0.353249 -184131704796178103150485438464.000000 172
0.349368 0.525509 71823945025914785105507778560.000000 189
0.250954 0.479057 -253963634547584733486684045312.000000 171
0.447782 0.571962 -21247400604008057976435769344.000000 205
0.382682 0.674543 58471164168722669787416625152.000000 202
0.349368 0.525509 71823945025914785105507778560.000000 189
0.023973 0.872212 -6626352960337561859597008896.000000 184
0.062791 0.998027 -21154746043046611898190528512.000000 198
-0.062791 0.998027 129621416148405732404988215296.000000 182
-0.089651 0.864346 -727994238178584633966245969920.000000 166
0.023973 0.872212 -6626352960337561859597008896.000000 184
-0.062791 0.998027 129621416148405732404988215296.000000 182
-0.187381 0.982287 682095759710302134413201244160.000000 165
-0.089651 0.864346 -727994238178584633966245969920.000000 166
-0.062791 0.998027 129621416148405732404988215296.000000 182
-0.203275 0.856480 -140549642873474232802833596416.000000 149
-0.109200 0.735914 2643420873966165177049777438720.000000 150
-0.089651 0.864346 -727994238178584633966245969920.000000 166
0.000768 0.741156 1153140505512975074502824165376.000000 167
0.110736 0.746398 -495763334348759328900069195776.000000 183
0.023973 0.872212 -6626352960337561859597008896.000000 184
0.219168 0.730672 -208200493454248133614322581504.000000 187
0.110736 0.746398 -495763334348759328900069195776.000000 183
0.072414 0.628453 1716244957889296396096381124608.000000 169
0.203275 0.856480 118840517610218124987869429760.000000 200
0.187381 0.982287 -29340086682086406681043927040.000000 199
0.023973 0.872212 -6626352960337561859597008896.000000 184
0.187381 0.982287 -29340086682086406681043927040.000000 199
0.203275 0.856480 118840517610218124987869429760.000000 200
0.309017 0.951057 -45712149426868584792536907776.000000 214
-0.235061 0.604864 41048073347306035039625224912896.000000 132
-0.250954 0.479057 -131283538470825261208964194893824.000000 114
-0.108431 0.494783 17913804812939564616089694371840.000000 133
-0.109200 0.735914 2643420873966165177049777438720.000000 150
-0.203275 0.856480 -140549642873474232802833596416.000000 149
-0.219168 0.730672 -4587048484531612576839114948608.000000 134
0.072414 0.628453 1716244957889296396096381124608.000000 169
0.000768 0.741156 1153140505512975074502824165376.000000 167
-0.081324 0.616659 -9285196212815935177760629063680.000000 152
0.000768 0.741156 1153140505512975074502824165376.000000 167
0.023973 0.872212 -6626352960337561859597008896.000000 184
-0.089651 0.864346 -727994238178584633966245969920.000000 166
-0.219168 0.730672 -4587048484531612576839114948608.000000 134
-0.317582 0.777124 4989092120723777932526035664896.000000 131
-0.382682 0.674543 -19720281928521797412649091203072.000000 115
-0.108431 0.494783 17913804812939564616089694371840.000000 133
-0.081324 0.616659 -9285196212815935177760629063680.000000 152
-0.235061 0.604864 41048073347306035039625224912896.000000 132
-0.203275 0.856480 -140549642873474232802833596416.000000 149
-0.317582 0.777124 4989092120723777932526035664896.000000 131
-0.219168 0.730672 -4587048484531612576839114948608.000000 134
0.809017 0.587785 -1470730620007587898447626240.000000 235
0.708183 0.493222 -1335050484335335376093708288.000000 238
0.876307 0.481754 957930751904816372190806016.000000 242
0.469331 -0.217723 -218093329467822220058665418752.000000 178
0.443723 -0.339315 -448151696354897587267826614272.000000 177
0.569181 -0.223917 93204150829060647746782887936.000000 195
0.992115 -0.125333 653576994869948131796058112.000000 243
0.903483 -0.146108 -1709175496294693360023633920.000000 239
0.968583 -0.248690 -63171275804687174840877056.000000 241
0.992115 -0.125333 653576994869948131796058112.000000 243
1.000000 -0.000000 845952000977808127464308736.000000 240
0.903483 -0.146108 -1709175496294693360023633920.000000 239
-0.616669 -0.529062 -78165682156494263807658927805431808.000000 25
-0.518255 -0.575515 13172516957013236928224594931744768.000000 36
-0.486789 -0.444362 3600004585619601983452326530121728.000000 38
-0.728969 -0.684547 -22206322986135589227752950490726400.000000 14
-0.658410 -0.623625 -2963872247055912218023782028148736.000000 24
-0.735953 -0.529892 101837203711543261925069743313649664.000000 15
-0.433694 -0.622226 -1615194631901533715454288728162304.000000 37
-0.409886 -0.779019 612816299223695979180216626970624.000000 45
-0.349134 -0.668938 536365720485619276599853353795584.000000 51
-0.637424 -0.770513 4773016357475730683977481798549504.000000 19
-0.534148 -0.701322 -2050378719156885520844363585814528.000000 31
-0.658410 -0.623625 -2963872247055912218023782028148736.000000 24
-0.637424 -0.770513 4773016357475730683977481798549504.000000 19
-0.535827 -0.844328 -221948410443673792496045958103040.000000 30
-0.534148 -0.701322 -2050378719156885520844363585814528.000000 31
0.664439 -0.453191 -16598075897985858021386878976.000000 197
0.736206 -0.299972 -31888665361323746814012162048.000000 212
0.592925 -0.376490 94902525700141522910206492672.000000 194
0.736206 -0.299972 -31888665361323746814012162048.000000 212
0.792049 -0.172045 7339450184352919832726863872.000000 224
0.680615 -0.197981 -14006557235367815954774884352.000000 209
0.929776 -0.368125 -3754105455809128331682512896.000000 226
0.847640 -0.274036 3284468892881906132334936064.000000 227
0.791796 -0.401964 8732584792080349486515224576.000000 213
0.929776 -0.368125 -3754105455809128331682512896.000000 226
0.968583 -0.248690 -63171275804687174840877056.000000 241
0.847640 -0.274036 3284468892881906132334936064.000000 227
0.715365 -0.101593 1448839819651189799703805952.000000 210
0.584401 -0.096754 -4607611609318271198825545728.000000 192
0.680615 -0.197981 -14006557235367815954774884352.000000 209
0.773283 0.059054 371931193562813295526674432.000000 215
0.715365 -0.101593 1448839819651189799703805952.000000 210
0.838383 -0.043527 -1244361776607770906273513472.000000 225
0.662567 0.006795 2178198173781205596831219712.000000 201
0.708183 0.161636 -5147428314257903854754463744.000000 204
0.571666 0.141635 29423540347843613006074216448.000000 188
-0.592925 -0.376490 71712212882084673293996606298783744.000000 33
-0.486789 -0.444362 3600004585619601983452326530121728.000000 38
-0.443723 -0.339315 -32953936668482709541602778985529344.000000 48
-0.791796 -0.401964 -850102819103304389952015487750635520.000000 10
-0.664439 -0.453191 385135789592407924504623257265111040.000000 20
-0.680489 -0.312940 -797746416968718208164712130321317888.000000 21
-0.616669 -0.529062 -78165682156494263807658927805431808.000000 25
-0.486789 -0.444362 3600004585619601983452326530121728.000000 38
-0.592925 -0.376490 71712212882084673293996606298783744.000000 33
-0.584401 -0.096754 70626409051092903775948438247571456.000000 35
-0.569181 -0.223917 92997257037903719821700327605796864.000000 34
-0.469331 -0.217723 -22343271080030411358016304066854912.000000 49
-0.680489 -0.312940 -797746416968718208164712130321317888.000000 21
-0.847640 -0.274036 3985454938314607799836946484347011072.000000 11
-0.791796 -0.401964 -850102819103304389952015487750635520.000000 10
-0.035536 -0.096906 9567782958641298323544429559808.000000 104
-0.119199 0.038730 -246316049795145367530453893906432.000000 100
-0.157522 -0.079215 21319531720155026533097737814016.000000 85
-0.195844 -0.197159 -1823989920198859478634722498707456.000000 84
-0.064278 -0.185365 244285581904772343057658299809792.000000 103
-0.157522 -0.079215 21319531720155026533097737814016.000000 85
0.196515 -0.037934 2070924421642807961697407467520.000000 140
0.314527 -0.024174 -468478321739971193384808218624.000000 157
0.298634 0.101634 593465987332521516415701745664.000000 156
0.125317 0.034143 -10429388825797639342535798161408.000000 128
0.196515 -0.037934 2070924421642807961697407467520.000000 140
0.172130 0.119981 -5028562880981104703718666797056.000000 137
-0.035536 -0.096906 9567782958641298323544429559808.000000 104
0.078503 -0.051694 -4826547874274887158824836268032.000000 122
0.020079 0.059698 47776984722038907670228113555456.000000 118
-0.035536 -0.096906 9567782958641298323544429559808.000000 104
0.067288 -0.173570 -21579276021682360153826557689856.000000 121
0.078503 -0.051694 -4826547874274887158824836268032.000000 122
0.198854 -0.161776 1754297207745496076769336229888.000000 141
0.330420 -0.149981 -415073623130176908935043219456.000000 160
0.196515 -0.037934 2070924421642807961697407467520.000000 140
0.078503 -0.051694 -4826547874274887158824836268032.000000 122
0.198854 -0.161776 1754297207745496076769336229888.000000 141
0.196515 -0.037934 2070924421642807961697407467520.000000 140
-0.001975 -0.299378 -122843522928304455873624641896448.000000 107
0.114121 -0.291515 21131917437656642042542218543104.000000 124
0.067288 -0.173570 -21579276021682360153826557689856.000000 121
-0.065162 -0.389016 -84748965015015226550309487640576.000000 106
-0.001975 -0.299378 -122843522928304455873624641896448.000000 107
-0.118071 -0.307241 641129978082163607643103428608000.000000 89
-0.145550 -0.426758 179200721720908083750512415997952.000000 87
-0.065162 -0.389016 -84748965015015226550309487640576.000000 106
-0.118071 -0.307241 641129978082163607643103428608000.000000 89
-0.012254 -0.470791 11158886305248033878308848402432.000000 105
0.108328 -0.414177 25980665217268185761267404767232.000000 123
-0.065162 -0.389016 -84748965015015226550309487640576.000000 106
-0.065162 -0.389016 -84748965015015226550309487640576.000000 106
0.108328 -0.414177 25980665217268185761267404767232.000000 123
-0.001975 -0.299378 -122843522928304455873624641896448.000000 107
0.441136 -0.097722 193587402988786492913638965248.000000 175
0.314527 -0.024174 -468478321739971193384808218624.000000 157
0.330420 -0.149981 -415073623130176908935043219456.000000 160
-0.035536 -0.096906 9567782958641298323544429559808.000000 104
0.020079 0.059698 47776984722038907670228113555456.000000 118
-0.119199 0.038730 -246316049795145367530453893906432.000000 100
0.522968 0.251959 19364793631213279802317340672.000000 191
0.643082 0.264217 -7358206095432145600199524352.000000 206
0.577982 0.366799 -3888498084749221674925162496.000000 208
0.381154 0.273894 4141488908786684921418612736.000000 173
0.522968 0.251959 19364793631213279802317340672.000000 191
0.422415 0.360024 17080544587159727464555479040.000000 190
0.266847 0.353249 -184131704796178103150485438464.000000 172
0.381154 0.273894 4141488908786684921418612736.000000 173
0.422415 0.360024 17080544587159727464555479040.000000 190
0.282741 0.227442 284048413359150942848372703232.000000 155
0.298634 0.101634 593465987332521516415701745664.000000 156
0.413450 0.155828 -144127320412737837598425219072.000000 174
0.584401 -0.096754 -4607611609318271198825545728.000000 192
0.441136 -0.097722 193587402988786492913638965248.000000 175
0.469331 -0.217723 -218093329467822220058665418752.000000 178
0.381154 0.273894 4141488908786684921418612736.000000 173
0.413450 0.155828 -144127320412737837598425219072.000000 174
0.522968 0.251959 19364793631213279802317340672.000000 191
0.298634 0.101634 593465987332521516415701745664.000000 156
0.314527 -0.024174 -468478321739971193384808218624.000000 157
0.445745 0.037763 -21299162528375685212350185472.000000 170
0.571666 0.141635 29423540347843613006074216448.000000 188
0.708183 0.161636 -5147428314257903854754463744.000000 204
0.643082 0.264217 -7358206095432145600199524352.000000 206
0.413450 0.155828 -144127320412737837598425219072.000000 174
0.571666 0.141635 29423540347843613006074216448.000000 188
0.522968 0.251959 19364793631213279802317340672.000000 191
0.662567 0.006795 2178198173781205596831219712.000000 201
0.715365 -0.101593 1448839819651189799703805952.000000 210
0.773283 0.059054 371931193562813295526674432.000000 215
0.708183 0.161636 -5147428314257903854754463744.000000 204
0.662567 0.006795 2178198173781205596831219712.000000 201
0.773283 0.059054 371931193562813295526674432.000000 215
0.543905 0.017440 -42103478346926804877795393536.000000 185
0.584401 -0.096754 -4607611609318271198825545728.000000 192
0.662567 0.006795 2178198173781205596831219712.000000 201
0.445745 0.037763 -21299162528375685212350185472.000000 170
0.543905 0.017440 -42103478346926804877795393536.000000 185
0.571666 0.141635 29423540347843613006074216448.000000 188
0.445745 0.037763 -21299162528375685212350185472.000000 170
0.441136 -0.097722 193587402988786492913638965248.000000 175
0.543905 0.017440 -42103478346926804877795393536.000000 185
0.794983 0.245918 1531332692917128079014363136.000000 220
0.968583 0.248690 -646007844249526084116152320.000000 230
0.929776 0.368125 -440469536580014562653241344.000000 237
0.773283 0.059054 371931193562813295526674432.000000 215
0.870933 0.153872 718357901091161655176331264.000000 219
0.708183 0.161636 -5147428314257903854754463744.000000 204
0.773283 0.059054 371931193562813295526674432.000000 215
0.915249 0.040903 -109509739379212466249531392.000000 228
0.870933 0.153872 718357901091161655176331264.000000 219
0.838383 -0.043527 -1244361776607770906273513472.000000 225
0.903483 -0.146108 -1709175496294693360023633920.000000 239
1.000000 -0.000000 845952000977808127464308736.000000 240
0.584401 -0.096754 -4607611609318271198825545728.000000 192
0.569181 -0.223917 93204150829060647746782887936.000000 195
0.680615 -0.197981 -14006557235367815954774884352.000000 209
0.662567 0.006795 2178198173781205596831219712.000000 201
0.584401 -0.096754 -4607611609318271198825545728.000000 192
0.715365 -0.101593 1448839819651189799703805952.000000 210
0.543905 0.017440 -42103478346926804877795393536.000000 185
0.441136 -0.097722 193587402988786492913638965248.000000 175
0.584401 -0.096754 -4607611609318271198825545728.000000 192
0.662567 0.006795 2178198173781205596831219712.000000 201
0.571666 0.141635 29423540347843613006074216448.000000 188
0.543905 0.017440 -42103478346926804877795393536.000000 185
0.330420 -0.149981 -415073623130176908935043219456.000000 160
0.346313 -0.275789 1808264602729726508794661306368.000000 161
0.469331 -0.217723 -218093329467822220058665418752.000000 178
0.664439 -0.453191 -16598075897985858021386878976.000000 197
0.592925 -0.376490 94902525700141522910206492672.000000 194
0.616669 -0.529062 27577617820568672507365687296.000000 181
0.735953 -0.529892 -1346275669578296442394509312.000000 196
0.664439 -0.453191 -16598075897985858021386878976.000000 197
0.616669 -0.529062 27577617820568672507365687296.000000 181
0.735953 -0.529892 -1346275669578296442394509312.000000 196
0.791796 -0.401964 8732584792080349486515224576.000000 213
0.664439 -0.453191 -16598075897985858021386878976.000000 197
0.838383 -0.043527 -1244361776607770906273513472.000000 225
0.715365 -0.101593 1448839819651189799703805952.000000 210
0.792049 -0.172045 7339450184352919832726863872.000000 224
0.443723 -0.339315 -448151696354897587267826614272.000000 177
0.346313 -0.275789 1808264602729726508794661306368.000000 161
0.362206 -0.401597 1562751469087760242705206083584.000000 159
0.584401 -0.096754 -4607611609318271198825545728.000000 192
0.469331 -0.217723 -218093329467822220058665418752.000000 178
0.569181 -0.223917 93204150829060647746782887936.000000 195
0.441136 -0.097722 193587402988786492913638965248.000000 175
0.330420 -0.149981 -415073623130176908935043219456.000000 160
0.469331 -0.217723 -218093329467822220058665418752.000000 178
0.915249 0.040903 -109509739379212466249531392.000000 228
0.992115 0.125333 -218679060117546074514653184.000000 233
0.870933 0.153872 718357901091161655176331264.000000 219
0.219168 0.730672 -208200493454248133614322581504.000000 187
0.360982 0.819266 19961594206654725923329277952.000000 203
0.203275 0.856480 118840517610218124987869429760.000000 200
0.110736 0.746398 -495763334348759328900069195776.000000 183
0.219168 0.730672 -208200493454248133614322581504.000000 187
0.203275 0.856480 118840517610218124987869429760.000000 200
0.235061 0.604864 -157946672910305992451179937792.000000 186
0.382682 0.674543 58471164168722669787416625152.000000 202
0.219168 0.730672 -208200493454248133614322581504.000000 187
0.123361 0.435810 1807254009728447214774594306048.000000 154
-0.004231 0.392564 -7933312746641451068673685979136.000000 135
0.060580 0.300829 -2481480547323629415117065551872.000000 136
-0.081324 0.616659 -9285196212815935177760629063680.000000 152
-0.108431 0.494783 17913804812939564616089694371840.000000 133
0.034091 0.510509 -699355476060962290545513725952.000000 151
0.000768 0.741156 1153140505512975074502824165376.000000 167
-0.109200 0.735914 2643420873966165177049777438720.000000 150
-0.081324 0.616659 -9285196212815935177760629063680.000000 152
0.110736 0.746398 -495763334348759328900069195776.000000 183
0.000768 0.741156 1153140505512975074502824165376.000000 167
0.072414 0.628453 1716244957889296396096381124608.000000 169
0.110736 0.746398 -495763334348759328900069195776.000000 183
0.203275 0.856480 118840517610218124987869429760.000000 200
0.023973 0.872212 -6626352960337561859597008896.000000 184
-0.219168 0.730672 -4587048484531612576839114948608.000000 134
-0.235061 0.604864 41048073347306035039625224912896.000000 132
-0.081324 0.616659 -9285196212815935177760629063680.000000 152
0.123361 0.435810 1807254009728447214774594306048.000000 154
0.163714 0.327039 -631888134104369263331516612608.000000 153
0.266847 0.353249 -184131704796178103150485438464.000000 172
0.235061 0.604864 -157946672910305992451179937792.000000 186
0.134576 0.557687 -470704822937056103451833925632.000000 168
0.250954 0.479057 -253963634547584733486684045312.000000 171
0.034091 0.510509 -699355476060962290545513725952.000000 151
-0.004231 0.392564 -7933312746641451068673685979136.000000 135
0.123361 0.435810 1807254009728447214774594306048.000000 154
0.382682 0.674543 58471164168722669787416625152.000000 202
0.360982 0.819266 19961594206654725923329277952.000000 203
0.219168 0.730672 -208200493454248133614322581504.000000 187
0.349368 0.525509 71823945025914785105507778560.000000 189
0.382682 0.674543 58471164168722669787416625152.000000 202
0.235061 0.604864 -157946672910305992451179937792.000000 186
0.447782 0.571962 -21247400604008057976435769344.000000 205
0.534582 0.656244 -4352629498748715360833241088.000000 217
0.382682 0.674543 58471164168722669787416625152.000000 202
-0.876307 0.481754 -1064586609354359632082989748322304.000000 40
-0.708183 0.493222 4620448158563302119003637701148672.000000 56
-0.809017 0.587785 -1149970276142782714058152685338624.000000 55
-0.389865 0.411315 627636512471147499117243921334272.000000 95
-0.250954 0.479057 -131283538470825261208964194893824.000000 114
-0.349368 0.525509 -126350892356337327458517442887680.000000 113
-0.162647 0.251030 -143390754551829661889307074363392.000000 99
-0.135539 0.372907 751214745328181185959096745984.000000 116
-0.266847 0.353249 227588251351197483492489222422528.000000 98
-0.298634 0.101634 -3703367852757281680418622289215488.000000 73
-0.189755 0.129154 458993585046119993180692374618112.000000 93
-0.282741 0.227442 160138208122368404260890787971072.000000 79
-0.042554 0.274619 30893510768207617973708239405056.000000 117
-0.135539 0.372907 751214745328181185959096745984.000000 116
-0.162647 0.251030 -143390754551829661889307074363392.000000 99
-0.108431 0.494783 17913804812939564616089694371840.000000 133
-0.004231 0.392564 -7933312746641451068673685979136.000000 135
0.034091 0.510509 -699355476060962290545513725952.000000 151
-0.282741 0.227442 160138208122368404260890787971072.000000 79
-0.162647 0.251030 -143390754551829661889307074363392.000000 99
-0.266847 0.353249 227588251351197483492489222422528.000000 98
-0.042554 0.274619 30893510768207617973708239405056.000000 117
-0.004231 0.392564 -7933312746641451068673685979136.000000 135
-0.135539 0.372907 751214745328181185959096745984.000000 116
0.167922 0.223510 3835382879208318357694318641152.000000 147
0.172130 0.119981 -5028562880981104703718666797056.000000 137
0.282741 0.227442 284048413359150942848372703232.000000 155
0.060580 0.300829 -2481480547323629415117065551872.000000 136
0.167922 0.223510 3835382879208318357694318641152.000000 147
0.163714 0.327039 -631888134104369263331516612608.000000 153
0.040329 0.180264 -10101861666430797114126521860096.000000 129
0.172130 0.119981 -5028562880981104703718666797056.000000 137
0.167922 0.223510 3835382879208318357694318641152.000000 147
-0.080876 0.156675 -16579820298144061820111157198848.000000 110
0.040329 0.180264 -10101861666430797114126521860096.000000 129
-0.042554 0.274619 30893510768207617973708239405056.000000 117
0.020079 0.059698 47776984722038907670228113555456.000000 118
0.172130 0.119981 -5028562880981104703718666797056.000000 137
0.040329 0.180264 -10101861666430797114126521860096.000000 129
0.282741 0.227442 284048413359150942848372703232.000000 155
0.266847 0.353249 -184131704796178103150485438464.000000 172
0.163714 0.327039 -631888134104369263331516612608.000000 153
-0.534582 0.656244 84347813769594957122329733234688.000000 96
-0.535827 0.844328 -4242666323736243871016317616128.000000 111
-0.637424 0.770513 -113240817977446126174444734906368.000000 94
0.847640 -0.274036 3284468892881906132334936064.000000 227
0.903483 -0.146108 -1709175496294693360023633920.000000 239
0.792049 -0.172045 7339450184352919832726863872.000000 224
0.968583 -0.248690 -63171275804687174840877056.000000 241
0.903483 -0.146108 -1709175496294693360023633920.000000 239
0.847640 -0.274036 3284468892881906132334936064.000000 227
0.791796 -0.401964 8732584792080349486515224576.000000 213
0.735953 -0.529892 -1346275669578296442394509312.000000 196
0.876307 -0.481754 -2187677593448252220844802048.000000 211
0.929776 -0.368125 -3754105455809128331682512896.000000 226
0.791796 -0.401964 8732584792080349486515224576.000000 213
0.876307 -0.481754 -2187677593448252220844802048.000000 211
0.592925 -0.376490 94902525700141522910206492672.000000 194
0.569181 -0.223917 93204150829060647746782887936.000000 195
0.443723 -0.339315 -448151696354897587267826614272.000000 177
0.616669 -0.529062 27577617820568672507365687296.000000 181
0.592925 -0.376490 94902525700141522910206492672.000000 194
0.486789 -0.444362 -210772242730679533475121332224.000000 176
0.736206 -0.299972 -31888665361323746814012162048.000000 212
0.569181 -0.223917 93204150829060647746782887936.000000 195
0.592925 -0.376490 94902525700141522910206492672.000000 194
0.847640 -0.274036 3284468892881906132334936064.000000 227
0.736206 -0.299972 -31888665361323746814012162048.000000 212
0.791796 -0.401964 8732584792080349486515224576.000000 213
0.680615 -0.197981 -14006557235367815954774884352.000000 209
0.569181 -0.223917 93204150829060647746782887936.000000 195
0.736206 -0.299972 -31888665361323746814012162048.000000 212
0.378100 -0.527404 100481726858445461043583909888.000000 158
0.486789 -0.444362 -210772242730679533475121332224.000000 176
0.362206 -0.401597 1562751469087760242705206083584.000000 159
0.518255 -0.575515 28599391929098131590764036096.000000 164
0.393993 -0.653212 -66713798127716385198075543552.000000 146
0.515708 -0.711863 -12843367570055965103617998848.000000 162
0.486789 -0.444362 -210772242730679533475121332224.000000 176
0.518255 -0.575515 28599391929098131590764036096.000000 164
0.616669 -0.529062 27577617820568672507365687296.000000 181
0.378100 -0.527404 100481726858445461043583909888.000000 158
0.393993 -0.653212 -66713798127716385198075543552.000000 146
0.518255 -0.575515 28599391929098131590764036096.000000 164
0.658410 -0.623625 -8545373815208230965477376000.000000 179
0.728969 -0.684547 652941637839932390549487616.000000 180
0.735953 -0.529892 -1346275669578296442394509312.000000 196
0.196515 -0.037934 2070924421642807961697407467520.000000 140
0.330420 -0.149981 -415073623130176908935043219456.000000 160
0.314527 -0.024174 -468478321739971193384808218624.000000 157
-0.195844 -0.197159 -1823989920198859478634722498707456.000000 84
-0.118071 -0.307241 641129978082163607643103428608000.000000 89
-0.064278 -0.185365 244285581904772343057658299809792.000000 103
-0.118071 -0.307241 641129978082163607643103428608000.000000 89
-0.234167 -0.315104 -1842595489359881783960902335201280.000000 70
-0.145550 -0.426758 179200721720908083750512415997952.000000 87
0.210774 -0.256132 -2458965724969269998095377104896.000000 142
0.346313 -0.275789 1808264602729726508794661306368.000000 161
0.330420 -0.149981 -415073623130176908935043219456.000000 160
0.210774 -0.256132 -2458965724969269998095377104896.000000 142
0.235267 -0.407887 -7212466520843145144419588505600.000000 143
0.346313 -0.275789 1808264602729726508794661306368.000000 161
0.067288 -0.173570 -21579276021682360153826557689856.000000 121
0.114121 -0.291515 21131917437656642042542218543104.000000 124
0.198854 -0.161776 1754297207745496076769336229888.000000 141
0.108328 -0.414177 25980665217268185761267404767232.000000 123
0.114121 -0.291515 21131917437656642042542218543104.000000 124
-0.001975 -0.299378 -122843522928304455873624641896448.000000 107
0.247982 -0.508533 -2975537146957222300684533104640.000000 139
0.362206 -0.401597 1562751469087760242705206083584.000000 159
0.235267 -0.407887 -7212466520843145144419588505600.000000 143
0.443723 -0.339315 -448151696354897587267826614272.000000 177
0.486789 -0.444362 -210772242730679533475121332224.000000 176
0.592925 -0.376490 94902525700141522910206492672.000000 194
0.346313 -0.275789 1808264602729726508794661306368.000000 161
0.443723 -0.339315 -448151696354897587267826614272.000000 177
0.469331 -0.217723 -218093329467822220058665418752.000000 178
0.362206 -0.401597 1562751469087760242705206083584.000000 159
0.486789 -0.444362 -210772242730679533475121332224.000000 176
0.443723 -0.339315 -448151696354897587267826614272.000000 177
0.518255 -0.575515 28599391929098131590764036096.000000 164
0.658410 -0.623625 -8545373815208230965477376000.000000 179
0.616669 -0.529062 27577617820568672507365687296.000000 181
0.735953 -0.529892 -1346275669578296442394509312.000000 196
0.809017 -0.587785 1054955285866417345752203264.000000 193
0.876307 -0.481754 -2187677593448252220844802048.000000 211
0.616669 -0.529062 27577617820568672507365687296.000000 181
0.658410 -0.623625 -8545373815208230965477376000.000000 179
0.735953 -0.529892 -1346275669578296442394509312.000000 196
0.791796 -0.401964 8732584792080349486515224576.000000 213
0.736206 -0.299972 -31888665361323746814012162048.000000 212
0.664439 -0.453191 -16598075897985858021386878976.000000 197
0.486789 -0.444362 -210772242730679533475121332224.000000 176
0.378100 -0.527404 100481726858445461043583909888.000000 158
0.518255 -0.575515 28599391929098131590764036096.000000 164
0.728969 -0.684547 652941637839932390549487616.000000 180
0.809017 -0.587785 1054955285866417345752203264.000000 193
0.735953 -0.529892 -1346275669578296442394509312.000000 196
0.847640 -0.274036 3284468892881906132334936064.000000 227
0.792049 -0.172045 7339450184352919832726863872.000000 224
0.736206 -0.299972 -31888665361323746814012162048.000000 212
0.838383 -0.043527 -1244361776607770906273513472.000000 225
0.792049 -0.172045 7339450184352919832726863872.000000 224
0.903483 -0.146108 -1709175496294693360023633920.000000 239
0.715365 -0.101593 1448839819651189799703805952.000000 210
0.680615 -0.197981 -14006557235367815954774884352.000000 209
0.792049 -0.172045 7339450184352919832726863872.000000 224
1.000000 -0.000000 845952000977808127464308736.000000 240
0.992115 0.125333 -218679060117546074514653184.000000 233
0.915249 0.040903 -109509739379212466249531392.000000 228
0.295977 -0.844070 77640308228070458400721338368.000000 125
0.177179 -0.862891 510930359102060327278307442688.000000 109
0.309017 -0.951057 -143012876207693737397185413120.000000 108
0.425779 -0.904827 -52117475648771767150971977728.000000 126
0.295977 -0.844070 77640308228070458400721338368.000000 125
0.309017 -0.951057 -143012876207693737397185413120.000000 108
0.282937 -0.737084 -885763950190305382296826413056.000000 127
0.177179 -0.862891 510930359102060327278307442688.000000 109
0.295977 -0.844070 77640308228070458400721338368.000000 125
0.062791 -0.998027 -1957978445308510007901701537792.000000 72
0.060826 -0.904827 1200502932350868942430710792192.000000 91
-0.062791 -0.998027 5674465065134878972862592450560.000000 71
-0.272489 -0.433048 170020683822888776175139684352000.000000 67
-0.234167 -0.315104 -1842595489359881783960902335201280.000000 70
-0.362206 -0.401597 3704475206539849434607320253333504.000000 53
-0.349134 -0.668938 536365720485619276599853353795584.000000 51
-0.166657 -0.668938 -137679085940981331102757103337472.000000 68
-0.219573 -0.550993 410890128466286597920342438576128.000000 69
-0.005837 -0.810471 -6365554803568855306971065090048.000000 101
-0.060826 -0.904827 -4830272590291021561583621898240.000000 82
0.060826 -0.904827 1200502932350868942430710792192.000000 91
0.177179 -0.862891 510930359102060327278307442688.000000 109
-0.005837 -0.810471 -6365554803568855306971065090048.000000 101
0.060826 -0.904827 1200502932350868942430710792192.000000 91
-0.072500 -0.716116 13221956581209447937065690857472.000000 83
-0.156928 -0.826197 43771104402664583725214309810176.000000 81
-0.005837 -0.810471 -6365554803568855306971065090048.000000 101
-0.272489 -0.433048 170020683822888776175139684352000.000000 67
-0.219573 -0.550993 410890128466286597920342438576128.000000 69
-0.145550 -0.426758 179200721720908083750512415997952.000000 87
-0.321429 -0.833823 -72491254748875364676480459079680.000000 46
-0.409886 -0.779019 612816299223695979180216626970624.000000 45
-0.425779 -0.904827 -149398543433206392811186210996224.000000 32
-0.232973 -0.888627 41737014626121284914663689027584.000000 62
-0.321429 -0.833823 -72491254748875364676480459079680.000000 46
-0.309017 -0.951057 46349054988338284661249981546496.000000 47
-0.232973 -0.888627 41737014626121284914663689027584.000000 62
-0.253031 -0.747568 -183037349861931636171873267482624.000000 61
-0.321429 -0.833823 -72491254748875364676480459079680.000000 46
-0.166657 -0.668938 -137679085940981331102757103337472.000000 68
-0.253031 -0.747568 -183037349861931636171873267482624.000000 61
-0.156928 -0.826197 43771104402664583725214309810176.000000 81
-0.349134 -0.668938 536365720485619276599853353795584.000000 51
-0.409886 -0.779019 612816299223695979180216626970624.000000 45
-0.253031 -0.747568 -183037349861931636171873267482624.000000 61
0.187381 -0.982287 -259152791391048583579766358016.000000 90
0.060826 -0.904827 1200502932350868942430710792192.000000 91
0.062791 -0.998027 -1957978445308510007901701537792.000000 72
0.235267 -0.407887 -7212466520843145144419588505600.000000 143
0.362206 -0.401597 1562751469087760242705206083584.000000 159
0.346313 -0.275789 1808264602729726508794661306368.000000 161
0.298781 -0.621760 1180156065095480084760828575744.000000 138
0.378100 -0.527404 100481726858445461043583909888.000000 158
0.247982 -0.508533 -2975537146957222300684533104640.000000 139
0.518255 -0.575515 28599391929098131590764036096.000000 164
0.515708 -0.711863 -12843367570055965103617998848.000000 162
0.658410 -0.623625 -8545373815208230965477376000.000000 179
0.298781 -0.621760 1180156065095480084760828575744.000000 138
0.393993 -0.653212 -66713798127716385198075543552.000000 146
0.378100 -0.527404 100481726858445461043583909888.000000 158
0.141155 -0.577727 -5752351021901775012950500704256.000000 120
0.164458 -0.730094 3278324290727120723108222205952.000000 119
0.298781 -0.621760 1180156065095480084760828575744.000000 138
0.108328 -0.414177 25980665217268185761267404767232.000000 123
0.141155 -0.577727 -5752351021901775012950500704256.000000 120
0.247982 -0.508533 -2975537146957222300684533104640.000000 139
0.034327 -0.646921 -6407293038662086060709899141120.000000 102
0.164458 -0.730094 3278324290727120723108222205952.000000 119
0.141155 -0.577727 -5752351021901775012950500704256.000000 120
0.108328 -0.414177 25980665217268185761267404767232.000000 123
-0.012254 -0.470791 11158886305248033878308848402432.000000 105
0.141155 -0.577727 -5752351021901775012950500704256.000000 120
-0.072500 -0.716116 13221956581209447937065690857472.000000 83
-0.005837 -0.810471 -6365554803568855306971065090048.000000 101
0.034327 -0.646921 -6407293038662086060709899141120.000000 102
0.282937 -0.737084 -885763950190305382296826413056.000000 127
0.393993 -0.653212 -66713798127716385198075543552.000000 146
0.298781 -0.621760 1180156065095480084760828575744.000000 138
-0.005837 -0.810471 -6365554803568855306971065090048.000000 101
0.177179 -0.862891 510930359102060327278307442688.000000 109
0.164458 -0.730094 3278324290727120723108222205952.000000 119
0.187381 -0.982287 -259152791391048583579766358016.000000 90
0.177179 -0.862891 510930359102060327278307442688.000000 109
0.060826 -0.904827 1200502932350868942430710792192.000000 91
0.187381 -0.982287 -259152791391048583579766358016.000000 90
0.309017 -0.951057 -143012876207693737397185413120.000000 108
0.177179 -0.862891 510930359102060327278307442688.000000 109
0.409886 -0.779019 159327961116467557916703981568.000000 144
0.393993 -0.653212 -66713798127716385198075543552.000000 146
0.282937 -0.737084 -885763950190305382296826413056.000000 127
0.515708 -0.711863 -12843367570055965103617998848.000000 162
0.637424 -0.770513 14580507513237456476270755840.000000 163
0.658410 -0.623625 -8545373815208230965477376000.000000 179
0.409886 -0.779019 159327961116467557916703981568.000000 144
0.515708 -0.711863 -12843367570055965103617998848.000000 162
0.393993 -0.653212 -66713798127716385198075543552.000000 146
0.409886 -0.779019 159327961116467557916703981568.000000 144
0.535827 -0.844328 -42827991481393504029713104896.000000 145
0.515708 -0.711863 -12843367570055965103617998848.000000 162
0.425779 -0.904827 -52117475648771767150971977728.000000 126
0.409886 -0.779019 159327961116467557916703981568.000000 144
0.295977 -0.844070 77640308228070458400721338368.000000 125
-0.065162 -0.389016 -84748965015015226550309487640576.000000 106
-0.145550 -0.426758 179200721720908083750512415997952.000000 87
-0.115913 -0.510892 -63063323386087758637886680858624.000000 88
-0.272489 -0.433048 170020683822888776175139684352000.000000 67
-0.145550 -0.426758 179200721720908083750512415997952.000000 87
-0.234167 -0.315104 -1842595489359881783960902335201280.000000 70
-0.219573 -0.550993 410890128466286597920342438576128.000000 69
-0.378100 -0.527404 -2786664286025674239328421549178880.000000 52
-0.349134 -0.668938 536365720485619276599853353795584.000000 51
-0.072500 -0.716116 13221956581209447937065690857472.000000 83
-0.042377 -0.593453 42181384081197195436219229536256.000000 86
-0.166657 -0.668938 -137679085940981331102757103337472.000000 68
-0.272489 -0.433048 170020683822888776175139684352000.000000 67
-0.378100 -0.527404 -2786664286025674239328421549178880.000000 52
-0.219573 -0.550993 410890128466286597920342438576128.000000 69
0.535827 -0.844328 -42827991481393504029713104896.000000 145
0.409886 -0.779019 159327961116467557916703981568.000000 144
0.425779 -0.904827 -52117475648771767150971977728.000000 126
0.535827 -0.844328 -42827991481393504029713104896.000000 145
0.637424 -0.770513 14580507513237456476270755840.000000 163
0.515708 -0.711863 -12843367570055965103617998848.000000 162
0.409886 -0.779019 159327961116467557916703981568.000000 144
0.282937 -0.737084 -885763950190305382296826413056.000000 127
0.295977 -0.844070 77640308228070458400721338368.000000 125
0.637424 -0.770513 14580507513237456476270755840.000000 163
0.728969 -0.684547 652941637839932390549487616.000000 180
0.658410 -0.623625 -8545373815208230965477376000.000000 179
-0.309017 0.951057 -2537567350242708463439600156672.000000 148
-0.203275 0.856480 -140549642873474232802833596416.000000 149
-0.187381 0.982287 682095759710302134413201244160.000000 165
-0.109200 0.735914 2643420873966165177049777438720.000000 150
-0.219168 0.730672 -4587048484531612576839114948608.000000 134
-0.081324 0.616659 -9285196212815935177760629063680.000000 152
-0.187381 0.982287 682095759710302134413201244160.000000 165
-0.203275 0.856480 -140549642873474232802833596416.000000 149
-0.089651 0.864346 -727994238178584633966245969920.000000 166
-0.219168 0.730672 -4587048484531612576839114948608.000000 134
-0.382682 0.674543 -19720281928521797412649091203072.000000 115
-0.235061 0.604864 41048073347306035039625224912896.000000 132
-0.089651 0.864346 -727994238178584633966245969920.000000 166
-0.109200 0.735914 2643420873966165177049777438720.000000 150
0.000768 0.741156 1153140505512975074502824165376.000000 167
-0.253031 -0.747568 -183037349861931636171873267482624.000000 61
-0.166657 -0.668938 -137679085940981331102757103337472.000000 68
-0.349134 -0.668938 536365720485619276599853353795584.000000 51
-0.060826 -0.904827 -4830272590291021561583621898240.000000 82
-0.156928 -0.826197 43771104402664583725214309810176.000000 81
-0.187381 -0.982287 -24682950622063726883818717577216.000000 63
-0.060826 -0.904827 -4830272590291021561583621898240.000000 82
-0.005837 -0.810471 -6365554803568855306971065090048.000000 101
-0.156928 -0.826197 43771104402664583725214309810176.000000 81
-0.232973 -0.888627 41737014626121284914663689027584.000000 62
-0.156928 -0.826197 43771104402664583725214309810176.000000 81
-0.253031 -0.747568 -183037349861931636171873267482624.000000 61
-0.187381 -0.982287 -24682950622063726883818717577216.000000 63
-0.232973 -0.888627 41737014626121284914663689027584.000000 62
-0.309017 -0.951057 46349054988338284661249981546496.000000 47
-0.187381 -0.982287 -24682950622063726883818717577216.000000 63
-0.156928 -0.826197 43771104402664583725214309810176.000000 81
-0.232973 -0.888627 41737014626121284914663689027584.000000 62
-0.062791 -0.998027 5674465065134878972862592450560.000000 71
-0.060826 -0.904827 -4830272590291021561583621898240.000000 82
-0.187381 -0.982287 -24682950622063726883818717577216.000000 63
-0.042377 -0.593453 42181384081197195436219229536256.000000 86
-0.072500 -0.716116 13221956581209447937065690857472.000000 83
0.034327 -0.646921 -6407293038662086060709899141120.000000 102
-0.012254 -0.470791 11158886305248033878308848402432.000000 105
-0.042377 -0.593453 42181384081197195436219229536256.000000 86
0.034327 -0.646921 -6407293038662086060709899141120.000000 102
-0.115913 -0.510892 -63063323386087758637886680858624.000000 88
-0.166657 -0.668938 -137679085940981331102757103337472.000000 68
-0.042377 -0.593453 42181384081197195436219229536256.000000 86
-0.518255 -0.575515 13172516957013236928224594931744768.000000 36
-0.616669 -0.529062 -78165682156494263807658927805431808.000000 25
-0.658410 -0.623625 -2963872247055912218023782028148736.000000 24
-0.433694 -0.622226 -1615194631901533715454288728162304.000000 37
-0.518255 -0.575515 13172516957013236928224594931744768.000000 36
-0.534148 -0.701322 -2050378719156885520844363585814528.000000 31
-0.409886 -0.779019 612816299223695979180216626970624.000000 45
-0.433694 -0.622226 -1615194631901533715454288728162304.000000 37
-0.534148 -0.701322 -2050378719156885520844363585814528.000000 31
-0.349134 -0.668938 536365720485619276599853353795584.000000 51
-0.378100 -0.527404 -2786664286025674239328421549178880.000000 52
-0.433694 -0.622226 -1615194631901533715454288728162304.000000 37
-0.378100 -0.527404 -2786664286025674239328421549178880.000000 52
-0.486789 -0.444362 3600004585619601983452326530121728.000000 38
-0.518255 -0.575515 13172516957013236928224594931744768.000000 36
0.060826 -0.904827 1200502932350868942430710792192.000000 91
-0.060826 -0.904827 -4830272590291021561583621898240.000000 82
-0.062791 -0.998027 5674465065134878972862592450560.000000 71
-0.534148 -0.701322 -2050378719156885520844363585814528.000000 31
-0.535827 -0.844328 -221948410443673792496045958103040.000000 30
-0.409886 -0.779019 612816299223695979180216626970624.000000 45
-0.486789 -0.444362 3600004585619601983452326530121728.000000 38
-0.378100 -0.527404 -2786664286025674239328421549178880.000000 52
-0.362206 -0.401597 3704475206539849434607320253333504.000000 53
-0.728969 -0.684547 -22206322986135589227752950490726400.000000 14
-0.637424 -0.770513 4773016357475730683977481798549504.000000 19
-0.658410 -0.623625 -2963872247055912218023782028148736.000000 24
-0.321429 -0.833823 -72491254748875364676480459079680.000000 46
-0.253031 -0.747568 -183037349861931636171873267482624.000000 61
-0.409886 -0.779019 612816299223695979180216626970624.000000 45
-0.346313 -0.275789 7877146666640652483417951065604096.000000 64
-0.362206 -0.401597 3704475206539849434607320253333504.000000 53
-0.234167 -0.315104 -1842595489359881783960902335201280.000000 70
-0.195844 -0.197159 -1823989920198859478634722498707456.000000 84
-0.346313 -0.275789 7877146666640652483417951065604096.000000 64
-0.234167 -0.315104 -1842595489359881783960902335201280.000000 70
-0.658594 0.038247 268134267487553736634141579407261696.000000 29
-0.584401 -0.096754 70626409051092903775948438247571456.000000 35
-0.515073 -0.029496 -70058350245504673566140357706514432.000000 39
-0.330420 -0.149981 3185076617368975515771151979642880.000000 66
-0.441136 -0.097722 -1663674168167561558907288534646784.000000 50
-0.469331 -0.217723 -22343271080030411358016304066854912.000000 49
-0.330420 -0.149981 3185076617368975515771151979642880.000000 66
-0.314527 -0.024174 -3069833732444036149037314355494912.000000 65
-0.441136 -0.097722 -1663674168167561558907288534646784.000000 50
-0.321429 -0.833823 -72491254748875364676480459079680.000000 46
-0.425779 -0.904827 -149398543433206392811186210996224.000000 32
-0.309017 -0.951057 46349054988338284661249981546496.000000 47
-0.378100 -0.527404 -2786664286025674239328421549178880.000000 52
-0.518255 -0.575515 13172516957013236928224594931744768.000000 36
-0.433694 -0.622226 -1615194631901533715454288728162304.000000 37
-0.535827 -0.844328 -221948410443673792496045958103040.000000 30
-0.425779 -0.904827 -149398543433206392811186210996224.000000 32
-0.409886 -0.779019 612816299223695979180216626970624.000000 45
0.298634 0.101634 593465987332521516415701745664.000000 156
0.172130 0.119981 -5028562880981104703718666797056.000000 137
0.196515 -0.037934 2070924421642807961697407467520.000000 140
-0.216863 0.007278 1356345868891717587894096074113024.000000 80
-0.157522 -0.079215 21319531720155026533097737814016.000000 85
-0.119199 0.038730 -246316049795145367530453893906432.000000 100
0.198854 -0.161776 1754297207745496076769336229888.000000 141
0.210774 -0.256132 -2458965724969269998095377104896.000000 142
0.330420 -0.149981 -415073623130176908935043219456.000000 160
-0.118071 -0.307241 641129978082163607643103428608000.000000 89
-0.195844 -0.197159 -1823989920198859478634722498707456.000000 84
-0.234167 -0.315104 -1842595489359881783960902335201280.000000 70
0.114121 -0.291515 21131917437656642042542218543104.000000 124
0.235267 -0.407887 -7212466520843145144419588505600.000000 143
0.210774 -0.256132 -2458965724969269998095377104896.000000 142
0.114121 -0.291515 21131917437656642042542218543104.000000 124
0.108328 -0.414177 25980665217268185761267404767232.000000 123
0.235267 -0.407887 -7212466520843145144419588505600.000000 143
0.198854 -0.161776 1754297207745496076769336229888.000000 141
0.114121 -0.291515 21131917437656642042542218543104.000000 124
0.210774 -0.256132 -2458965724969269998095377104896.000000 142
0.067288 -0.173570 -21579276021682360153826557689856.000000 121
-0.064278 -0.185365 244285581904772343057658299809792.000000 103
-0.001975 -0.299378 -122843522928304455873624641896448.000000 107
-0.012254 -0.470791 11158886305248033878308848402432.000000 105
0.034327 -0.646921 -6407293038662086060709899141120.000000 102
0.141155 -0.577727 -5752351021901775012950500704256.000000 120
-0.064278 -0.185365 244285581904772343057658299809792.000000 103
-0.035536 -0.096906 9567782958641298323544429559808.000000 104
-0.157522 -0.079215 21319531720155026533097737814016.000000 85
-0.001975 -0.299378 -122843522928304455873624641896448.000000 107
-0.064278 -0.185365 244285581904772343057658299809792.000000 103
-0.118071 -0.307241 641129978082163607643103428608000.000000 89
0.067288 -0.173570 -21579276021682360153826557689856.000000 121
-0.035536 -0.096906 9567782958641298323544429559808.000000 104
-0.064278 -0.185365 244285581904772343057658299809792.000000 103
-0.330420 -0.149981 3185076617368975515771151979642880.000000 66
-0.195844 -0.197159 -1823989920198859478634722498707456.000000 84
-0.157522 -0.079215 21319531720155026533097737814016.000000 85
-0.330420 -0.149981 3185076617368975515771151979642880.000000 66
-0.346313 -0.275789 7877146666640652483417951065604096.000000 64
-0.195844 -0.197159 -1823989920198859478634722498707456.000000 84
-0.658594 0.038247 268134267487553736634141579407261696.000000 29
-0.576964 0.099699 -42435411801435525450571466070294528.000000 44
-0.708183 0.161636 97114868757131673234058717366845440.000000 28
-0.838383 -0.043527 4460873768533749594655238238395957248.000000 12
-0.715365 -0.101593 -827020821643125323010122016765247488.000000 23
-0.773283 0.059054 -687876574758297452391552210834554880.000000 18
-0.584401 -0.096754 70626409051092903775948438247571456.000000 35
-0.469331 -0.217723 -22343271080030411358016304066854912.000000 49
-0.441136 -0.097722 -1663674168167561558907288534646784.000000 50
-0.715365 -0.101593 -827020821643125323010122016765247488.000000 23
-0.584401 -0.096754 70626409051092903775948438247571456.000000 35
-0.658594 0.038247 268134267487553736634141579407261696.000000 29
-0.773283 0.059054 -687876574758297452391552210834554880.000000 18
-0.715365 -0.101593 -827020821643125323010122016765247488.000000 23
-0.658594 0.038247 268134267487553736634141579407261696.000000 29
-0.680615 -0.197981 105604300578984123100103320209981440.000000 22
-0.569181 -0.223917 92997257037903719821700327605796864.000000 34
-0.584401 -0.096754 70626409051092903775948438247571456.000000 35
-0.792049 -0.172045 958297307633220576177435812734959616.000000 13
-0.680615 -0.197981 105604300578984123100103320209981440.000000 22
-0.715365 -0.101593 -827020821643125323010122016765247488.000000 23
-0.792049 -0.172045 958297307633220576177435812734959616.000000 13
-0.847640 -0.274036 3985454938314607799836946484347011072.000000 11
-0.680489 -0.312940 -797746416968718208164712130321317888.000000 21
-0.715365 -0.101593 -827020821643125323010122016765247488.000000 23
-0.680615 -0.197981 105604300578984123100103320209981440.000000 22
-0.584401 -0.096754 70626409051092903775948438247571456.000000 35
-0.838383 -0.043527 4460873768533749594655238238395957248.000000 12
-0.792049 -0.172045 958297307633220576177435812734959616.000000 13
-0.715365 -0.101593 -827020821643125323010122016765247488.000000 23
-0.314527 -0.024174 -3069833732444036149037314355494912.000000 65
-0.298634 0.101634 -3703367852757281680418622289215488.000000 73
-0.445745 0.037763 16764071764330302712581630673813504.000000 54
-0.680489 -0.312940 -797746416968718208164712130321317888.000000 21
-0.592925 -0.376490 71712212882084673293996606298783744.000000 33
-0.569181 -0.223917 92997257037903719821700327605796864.000000 34
-0.569181 -0.223917 92997257037903719821700327605796864.000000 34
-0.592925 -0.376490 71712212882084673293996606298783744.000000 33
-0.443723 -0.339315 -32953936668482709541602778985529344.000000 48
-0.658410 -0.623625 -2963872247055912218023782028148736.000000 24
-0.616669 -0.529062 -78165682156494263807658927805431808.000000 25
-0.735953 -0.529892 101837203711543261925069743313649664.000000 15
-0.658410 -0.623625 -2963872247055912218023782028148736.000000 24
-0.534148 -0.701322 -2050378719156885520844363585814528.000000 31
-0.518255 -0.575515 13172516957013236928224594931744768.000000 36
-0.443723 -0.339315 -32953936668482709541602778985529344.000000 48
-0.469331 -0.217723 -22343271080030411358016304066854912.000000 49
-0.569181 -0.223917 92997257037903719821700327605796864.000000 34
-0.362206 -0.401597 3704475206539849434607320253333504.000000 53
-0.443723 -0.339315 -32953936668482709541602778985529344.000000 48
-0.486789 -0.444362 3600004585619601983452326530121728.000000 38
-0.362206 -0.401597 3704475206539849434607320253333504.000000 53
-0.346313 -0.275789 7877146666640652483417951065604096.000000 64
-0.443723 -0.339315 -32953936668482709541602778985529344.000000 48
0.247982 -0.508533 -2975537146957222300684533104640.000000 139
0.141155 -0.577727 -5752351021901775012950500704256.000000 120
0.298781 -0.621760 1180156065095480084760828575744.000000 138
-0.156928 -0.826197 43771104402664583725214309810176.000000 81
-0.072500 -0.716116 13221956581209447937065690857472.000000 83
-0.166657 -0.668938 -137679085940981331102757103337472.000000 68
0.164458 -0.730094 3278324290727120723108222205952.000000 119
0.177179 -0.862891 510930359102060327278307442688.000000 109
0.282937 -0.737084 -885763950190305382296826413056.000000 127
0.298781 -0.621760 1180156065095480084760828575744.000000 138
0.164458 -0.730094 3278324290727120723108222205952.000000 119
0.282937 -0.737084 -885763950190305382296826413056.000000 127
0.034327 -0.646921 -6407293038662086060709899141120.000000 102
-0.005837 -0.810471 -6365554803568855306971065090048.000000 101
0.164458 -0.730094 3278324290727120723108222205952.000000 119
0.108328 -0.414177 25980665217268185761267404767232.000000 123
0.247982 -0.508533 -2975537146957222300684533104640.000000 139
0.235267 -0.407887 -7212466520843145144419588505600.000000 143
-0.115913 -0.510892 -63063323386087758637886680858624.000000 88
-0.012254 -0.470791 11158886305248033878308848402432.000000 105
-0.065162 -0.389016 -84748965015015226550309487640576.000000 106
-0.219573 -0.550993 410890128466286597920342438576128.000000 69
-0.115913 -0.510892 -63063323386087758637886680858624.000000 88
-0.145550 -0.426758 179200721720908083750512415997952.000000 87
-0.219573 -0.550993 410890128466286597920342438576128.000000 69
-0.166657 -0.668938 -137679085940981331102757103337472.000000 68
-0.115913 -0.510892 -63063323386087758637886680858624.000000 88
-0.115913 -0.510892 -63063323386087758637886680858624.000000 88
-0.042377 -0.593453 42181384081197195436219229536256.000000 86
-0.012254 -0.470791 11158886305248033878308848402432.000000 105
0.378100 -0.527404 100481726858445461043583909888.000000 158
0.362206 -0.401597 1562751469087760242705206083584.000000 159
0.247982 -0.508533 -2975537146957222300684533104640.000000 139
