-0.903483 -0.146108 -1345211790003543474176.000000 5
-0.992115 -0.125333 11929896610533478498304.000000 1
-0.968583 -0.248690 -1367198225037338083328.000000 2
-0.929776 -0.368125 108830059796937244672.000000 3
-0.847640 -0.274036 388728773213585866752.000000 11
-0.968583 -0.248690 -1367198225037338083328.000000 2
-0.838383 -0.043527 435099634631950860288.000000 12
-1.000000 -0.000000 -1032615807817854615552.000000 4
-0.903483 -0.146108 -1345211790003543474176.000000 5
-0.791796 -0.401964 -82916362395301609472.000000 10
-0.876307 -0.481754 8781281283626967040.000000 6
-0.735953 -0.529892 9932881409777287168.000000 15
-0.664439 -0.453191 37564936833086881792.000000 20
-0.592925 -0.376490 6994584299546218496.000000 33
-0.680489 -0.312940 -77809683161271271424.000000 21
-0.616669 -0.529062 -7624035449500424192.000000 25
-0.664439 -0.453191 37564936833086881792.000000 20
-0.735953 -0.529892 9932881409777287168.000000 15
-0.616669 -0.529062 -7624035449500424192.000000 25
-0.592925 -0.376490 6994584299546218496.000000 33
-0.664439 -0.453191 37564936833086881792.000000 20
-0.847640 -0.274036 388728773213585866752.000000 11
-0.929776 -0.368125 108830059796937244672.000000 3
-0.791796 -0.401964 -82916362395301609472.000000 10
-0.577982 0.366799 353802295179904512.000000 58
-0.479568 0.320346 -184331766105638752.000000 75
-0.512882 0.469380 -67879936656863808.000000 77
-0.381154 0.273894 -193245368410464640.000000 78
-0.528266 0.210023 814679882060796800.000000 59
-0.413450 0.155828 399037582378277824.000000 60
-0.389865 0.411315 61217696672826664.000000 95
-0.479568 0.320346 -184331766105638752.000000 75
-0.381154 0.273894 -193245368410464640.000000 78
-0.250954 0.479057 -12804984535713762.000000 114
-0.389865 0.411315 61217696672826664.000000 95
-0.266847 0.353249 22198244143989508.000000 98
-0.349368 0.525509 -12323869706300424.000000 113
-0.447782 0.571962 16768263987389782.000000 97
-0.389865 0.411315 61217696672826664.000000 95
-0.577982 0.366799 353802295179904512.000000 58
-0.528266 0.210023 814679882060796800.000000 59
-0.479568 0.320346 -184331766105638752.000000 75
-0.080876 0.156675 -1617143664739260.750000 110
-0.042554 0.274619 3013256134383641.000000 117
-0.162647 0.251030 -13985884414659788.000000 99
-0.189755 0.129154 44768794526463016.000000 93
-0.080876 0.156675 -1617143664739260.750000 110
-0.162647 0.251030 -13985884414659788.000000 99
-0.282741 0.227442 15619378502960776.000000 79
-0.189755 0.129154 44768794526463016.000000 93
-0.162647 0.251030 -13985884414659788.000000 99
-0.298634 0.101634 -361214883731631936.000000 73
-0.216863 0.007278 132293721501856608.000000 80
-0.189755 0.129154 44768794526463016.000000 93
0.198854 -0.161776 171108646810422.906250 141
0.078503 -0.051694 -470766339869076.750000 122
0.067288 -0.173570 -2104774893852721.750000 121
0.125317 0.034143 -1017249871437325.250000 128
0.020079 0.059698 4660017224205864.000000 118
0.078503 -0.051694 -470766339869076.750000 122
0.196515 -0.037934 201991472066097.406250 140
0.125317 0.034143 -1017249871437325.250000 128
0.078503 -0.051694 -470766339869076.750000 122
0.172130 0.119981 -490470249947873.437500 137
0.020079 0.059698 4660017224205864.000000 118
0.125317 0.034143 -1017249871437325.250000 128
0.282741 0.227442 27705191243503.421875 155
0.172130 0.119981 -490470249947873.437500 137
0.298634 0.101634 57884810836005.210938 156
0.282741 0.227442 27705191243503.421875 155
0.163714 0.327039 -61632386510555.703125 153
0.167922 0.223510 374091215310423.625000 147
-0.080876 0.156675 -1617143664739260.750000 110
-0.119199 0.038730 -24024894859349392.000000 100
0.020079 0.059698 4660017224205864.000000 118
-0.838383 -0.043527 435099634631950860288.000000 12
-0.915249 0.040903 74596842431729991680.000000 9
-1.000000 -0.000000 -1032615807817854615552.000000 4
-0.903483 -0.146108 -1345211790003543474176.000000 5
-1.000000 -0.000000 -1032615807817854615552.000000 4
-0.992115 -0.125333 11929896610533478498304.000000 1
-0.362206 -0.401597 361322891546065856.000000 53
-0.378100 -0.527404 -271802493324129024.000000 52
-0.272489 -0.433048 16583284183701142.000000 67
-0.847640 -0.274036 388728773213585866752.000000 11
-0.903483 -0.146108 -1345211790003543474176.000000 5
-0.968583 -0.248690 -1367198225037338083328.000000 2
-0.847640 -0.274036 388728773213585866752.000000 11
-0.792049 -0.172045 93469313424900194304.000000 13
-0.903483 -0.146108 -1345211790003543474176.000000 5
-0.876307 -0.481754 8781281283626967040.000000 6
-0.791796 -0.401964 -82916362395301609472.000000 10
-0.929776 -0.368125 108830059796937244672.000000 3
-0.664439 -0.453191 37564936833086881792.000000 20
-0.791796 -0.401964 -82916362395301609472.000000 10
-0.735953 -0.529892 9932881409777287168.000000 15
-0.680615 -0.197981 10300312221697667072.000000 22
-0.680489 -0.312940 -77809683161271271424.000000 21
-0.569181 -0.223917 9070660740141367296.000000 34
-0.680615 -0.197981 10300312221697667072.000000 22
-0.792049 -0.172045 93469313424900194304.000000 13
-0.680489 -0.312940 -77809683161271271424.000000 21
-0.515073 -0.029496 -6833271725766769664.000000 39
-0.441136 -0.097722 -162269559793942816.000000 50
-0.445745 0.037763 1635114974795936256.000000 54
-0.330420 -0.149981 310662382394092928.000000 66
-0.469331 -0.217723 -2179292575364500736.000000 49
-0.346313 -0.275789 768312177038843776.000000 64
-0.838383 -0.043527 435099634631950860288.000000 12
-0.903483 -0.146108 -1345211790003543474176.000000 5
-0.792049 -0.172045 93469313424900194304.000000 13
-0.735953 -0.529892 9932881409777287168.000000 15
-0.809017 -0.587785 -6613083963051459584.000000 7
-0.728969 -0.684547 -2165935087861161984.000000 14
-0.346313 -0.275789 768312177038843776.000000 64
-0.469331 -0.217723 -2179292575364500736.000000 49
-0.443723 -0.339315 -3214223613607012864.000000 48
-0.876307 -0.481754 8781281283626967040.000000 6
-0.809017 -0.587785 -6613083963051459584.000000 7
-0.735953 -0.529892 9932881409777287168.000000 15
-0.309017 0.951057 -247506359568537.375000 148
-0.317582 0.777124 486620395803213.500000 131
-0.203275 0.856480 -13708771293476.843750 149
-0.915249 0.040903 74596842431729991680.000000 9
-0.992115 0.125333 101021219570477121536.000000 8
-1.000000 -0.000000 -1032615807817854615552.000000 4
-0.773283 0.059054 -67093323388881436672.000000 18
-0.915249 0.040903 74596842431729991680.000000 9
-0.838383 -0.043527 435099634631950860288.000000 12
-0.773283 0.059054 -67093323388881436672.000000 18
-0.838383 0.205163 -20173623226966466560.000000 17
-0.915249 0.040903 74596842431729991680.000000 9
-0.317582 0.777124 486620395803213.500000 131
-0.309017 0.951057 -247506359568537.375000 148
-0.425779 0.904827 358500755456062.437500 130
-0.447782 0.737755 -1300671541189022.000000 112
-0.425779 0.904827 358500755456062.437500 130
-0.535827 0.844328 -413816364933740.000000 111
-0.992115 0.125333 101021219570477121536.000000 8
-0.915249 0.040903 74596842431729991680.000000 9
-0.838383 0.205163 -20173623226966466560.000000 17
-0.382682 0.674543 -1923454441249340.250000 115
-0.447782 0.571962 16768263987389782.000000 97
-0.349368 0.525509 -12323869706300424.000000 113
-0.425779 0.904827 358500755456062.437500 130
-0.447782 0.737755 -1300671541189022.000000 112
-0.317582 0.777124 486620395803213.500000 131
-0.382682 0.674543 -1923454441249340.250000 115
-0.349368 0.525509 -12323869706300424.000000 113
-0.235061 0.604864 4003700315785632.000000 132
-0.816683 0.308437 4187508746528344064.000000 27
-0.968583 0.248690 -13084966296272789504.000000 16
-0.838383 0.205163 -20173623226966466560.000000 17
-0.816683 0.308437 4187508746528344064.000000 27
-0.929776 0.368125 1283995272483834368.000000 26
-0.968583 0.248690 -13084966296272789504.000000 16
-0.708183 0.161636 9472279671219355648.000000 28
-0.816683 0.308437 4187508746528344064.000000 27
-0.838383 0.205163 -20173623226966466560.000000 17
-0.794983 0.411712 -750992783971889920.000000 41
-0.929776 0.368125 1283995272483834368.000000 26
-0.816683 0.308437 4187508746528344064.000000 27
-0.314527 -0.024174 -299421952889347200.000000 65
-0.330420 -0.149981 310662382394092928.000000 66
-0.157522 -0.079215 2079440249440801.500000 85
-0.080876 0.156675 -1617143664739260.750000 110
-0.189755 0.129154 44768794526463016.000000 93
-0.119199 0.038730 -24024894859349392.000000 100
-0.576964 0.099699 -4139016956834846720.000000 44
-0.528266 0.210023 814679882060796800.000000 59
-0.643082 0.264217 -906424190909848192.000000 43
-0.773283 0.059054 -67093323388881436672.000000 18
-0.658594 0.038247 26152975374258835456.000000 29
-0.708183 0.161636 9472279671219355648.000000 28
-0.445745 0.037763 1635114974795936256.000000 54
-0.413450 0.155828 399037582378277824.000000 60
-0.576964 0.099699 -4139016956834846720.000000 44
-0.216863 0.007278 132293721501856608.000000 80
-0.298634 0.101634 -361214883731631936.000000 73
-0.314527 -0.024174 -299421952889347200.000000 65
-0.157522 -0.079215 2079440249440801.500000 85
-0.216863 0.007278 132293721501856608.000000 80
-0.314527 -0.024174 -299421952889347200.000000 65
-0.119199 0.038730 -24024894859349392.000000 100
-0.189755 0.129154 44768794526463016.000000 93
-0.216863 0.007278 132293721501856608.000000 80
-0.576964 0.099699 -4139016956834846720.000000 44
-0.643082 0.264217 -906424190909848192.000000 43
-0.708183 0.161636 9472279671219355648.000000 28
-0.413450 0.155828 399037582378277824.000000 60
-0.528266 0.210023 814679882060796800.000000 59
-0.576964 0.099699 -4139016956834846720.000000 44
-0.298634 0.101634 -361214883731631936.000000 73
-0.413450 0.155828 399037582378277824.000000 60
-0.445745 0.037763 1635114974795936256.000000 54
-0.298634 0.101634 -361214883731631936.000000 73
-0.282741 0.227442 15619378502960776.000000 79
-0.413450 0.155828 399037582378277824.000000 60
-0.381154 0.273894 -193245368410464640.000000 78
-0.266847 0.353249 22198244143989508.000000 98
-0.389865 0.411315 61217696672826664.000000 95
-0.381154 0.273894 -193245368410464640.000000 78
-0.282741 0.227442 15619378502960776.000000 79
-0.266847 0.353249 22198244143989508.000000 98
-0.528266 0.210023 814679882060796800.000000 59
-0.381154 0.273894 -193245368410464640.000000 78
-0.479568 0.320346 -184331766105638752.000000 75
-0.413450 0.155828 399037582378277824.000000 60
-0.282741 0.227442 15619378502960776.000000 79
-0.381154 0.273894 -193245368410464640.000000 78
-0.577982 0.366799 353802295179904512.000000 58
-0.643082 0.264217 -906424190909848192.000000 43
-0.528266 0.210023 814679882060796800.000000 59
-0.577982 0.366799 353802295179904512.000000 58
-0.610532 0.481301 389231533529275072.000000 57
-0.719033 0.337964 -2031601153651951104.000000 42
-0.621382 0.574733 -72014379221767256.000000 76
-0.708183 0.493222 450664020086708224.000000 56
-0.610532 0.481301 389231533529275072.000000 57
-0.719033 0.337964 -2031601153651951104.000000 42
-0.816683 0.308437 4187508746528344064.000000 27
-0.708183 0.161636 9472279671219355648.000000 28
-0.577982 0.366799 353802295179904512.000000 58
-0.719033 0.337964 -2031601153651951104.000000 42
-0.643082 0.264217 -906424190909848192.000000 43
-0.794983 0.411712 -750992783971889920.000000 41
-0.816683 0.308437 4187508746528344064.000000 27
-0.719033 0.337964 -2031601153651951104.000000 42
-0.708183 0.493222 450664020086708224.000000 56
-0.794983 0.411712 -750992783971889920.000000 41
-0.719033 0.337964 -2031601153651951104.000000 42
-0.610532 0.481301 389231533529275072.000000 57
-0.708183 0.493222 450664020086708224.000000 56
-0.719033 0.337964 -2031601153651951104.000000 42
-0.512882 0.469380 -67879936656863808.000000 77
-0.610532 0.481301 389231533529275072.000000 57
-0.577982 0.366799 353802295179904512.000000 58
-0.512882 0.469380 -67879936656863808.000000 77
-0.621382 0.574733 -72014379221767256.000000 76
-0.610532 0.481301 389231533529275072.000000 57
-0.621382 0.574733 -72014379221767256.000000 76
-0.809017 0.587785 -112164493538625904.000000 55
-0.708183 0.493222 450664020086708224.000000 56
-0.876307 0.481754 -103836438509309648.000000 40
-0.929776 0.368125 1283995272483834368.000000 26
-0.794983 0.411712 -750992783971889920.000000 41
-0.445745 0.037763 1635114974795936256.000000 54
-0.441136 -0.097722 -162269559793942816.000000 50
-0.314527 -0.024174 -299421952889347200.000000 65
-0.838383 0.205163 -20173623226966466560.000000 17
-0.773283 0.059054 -67093323388881436672.000000 18
-0.708183 0.161636 9472279671219355648.000000 28
-0.643082 0.264217 -906424190909848192.000000 43
-0.719033 0.337964 -2031601153651951104.000000 42
-0.708183 0.161636 9472279671219355648.000000 28
-0.968583 0.248690 -13084966296272789504.000000 16
-0.992115 0.125333 101021219570477121536.000000 8
-0.838383 0.205163 -20173623226966466560.000000 17
-0.515073 -0.029496 -6833271725766769664.000000 39
-0.576964 0.099699 -4139016956834846720.000000 44
-0.658594 0.038247 26152975374258835456.000000 29
-0.441136 -0.097722 -162269559793942816.000000 50
-0.515073 -0.029496 -6833271725766769664.000000 39
-0.584401 -0.096754 6888678399792009216.000000 35
-0.445745 0.037763 1635114974795936256.000000 54
-0.576964 0.099699 -4139016956834846720.000000 44
-0.515073 -0.029496 -6833271725766769664.000000 39
-0.794983 0.411712 -750992783971889920.000000 41
-0.708183 0.493222 450664020086708224.000000 56
-0.876307 0.481754 -103836438509309648.000000 40
-0.447782 0.571962 16768263987389782.000000 97
-0.534582 0.656244 8227021175095346.000000 96
-0.621382 0.574733 -72014379221767256.000000 76
-0.389865 0.411315 61217696672826664.000000 95
-0.447782 0.571962 16768263987389782.000000 97
-0.512882 0.469380 -67879936656863808.000000 77
-0.479568 0.320346 -184331766105638752.000000 75
-0.389865 0.411315 61217696672826664.000000 95
-0.512882 0.469380 -67879936656863808.000000 77
-0.250954 0.479057 -12804984535713762.000000 114
-0.235061 0.604864 4003700315785632.000000 132
-0.349368 0.525509 -12323869706300424.000000 113
-0.382682 0.674543 -1923454441249340.250000 115
-0.534582 0.656244 8227021175095346.000000 96
-0.447782 0.571962 16768263987389782.000000 97
-0.728969 0.684547 55506260255972160.000000 74
-0.809017 0.587785 -112164493538625904.000000 55
-0.621382 0.574733 -72014379221767256.000000 76
-0.447782 0.737755 -1300671541189022.000000 112
-0.382682 0.674543 -1923454441249340.250000 115
-0.317582 0.777124 486620395803213.500000 131
-0.534582 0.656244 8227021175095346.000000 96
-0.447782 0.737755 -1300671541189022.000000 112
-0.535827 0.844328 -413816364933740.000000 111
-0.534582 0.656244 8227021175095346.000000 96
-0.382682 0.674543 -1923454441249340.250000 115
-0.447782 0.737755 -1300671541189022.000000 112
-0.728969 0.684547 55506260255972160.000000 74
-0.631775 0.670396 4426078313030910.000000 92
-0.637424 0.770513 -11045154174717880.000000 94
-0.621382 0.574733 -72014379221767256.000000 76
-0.512882 0.469380 -67879936656863808.000000 77
-0.447782 0.571962 16768263987389782.000000 97
-0.631775 0.670396 4426078313030910.000000 92
-0.534582 0.656244 8227021175095346.000000 96
-0.637424 0.770513 -11045154174717880.000000 94
-0.621382 0.574733 -72014379221767256.000000 76
-0.631775 0.670396 4426078313030910.000000 92
-0.728969 0.684547 55506260255972160.000000 74
-0.621382 0.574733 -72014379221767256.000000 76
-0.534582 0.656244 8227021175095346.000000 96
-0.631775 0.670396 4426078313030910.000000 92
0.794983 0.411712 -43135033722.553802 236
0.929776 0.368125 -42962016944.824257 237
0.876307 0.481754 93433560728.953995 242
0.708183 0.493222 -130216636490.771027 238
0.794983 0.411712 -43135033722.553802 236
0.876307 0.481754 93433560728.953995 242
0.610532 0.481301 222947426628.594147 223
0.577982 0.366799 -379271905847.979614 208
0.719033 0.337964 139389895886.560425 222
0.349368 0.525509 7005482302377.582031 189
0.512882 0.469380 -1464439064716.789307 207
0.447782 0.571962 -2072404806630.333252 205
0.349368 0.525509 7005482302377.582031 189
0.422415 0.360024 1665982741231.837158 190
0.512882 0.469380 -1464439064716.789307 207
0.445745 0.037763 -2077453502367.392334 170
0.314527 -0.024174 -45693905992109.070312 157
0.441136 -0.097722 18881908047682.367188 175
0.643082 0.264217 -717696341521.703369 206
0.522968 0.251959 1888781227816.803223 191
0.571666 0.141635 2869879830546.310547 188
0.794983 0.245918 149361387423.561920 220
0.719033 0.337964 139389895886.560425 222
0.643082 0.264217 -717696341521.703369 206
0.870933 0.153872 70066376346.588593 219
0.794983 0.245918 149361387423.561920 220
0.708183 0.161636 -502064011455.274536 204
0.870933 0.153872 70066376346.588593 219
0.968583 0.248690 -63009578747.781982 230
0.794983 0.245918 149361387423.561920 220
0.577982 0.366799 -379271905847.979614 208
0.422415 0.360024 1665982741231.837158 190
0.522968 0.251959 1888781227816.803223 191
0.040329 0.180264 -985303899691211.875000 129
0.167922 0.223510 374091215310423.625000 147
0.060580 0.300829 -242035828743409.625000 136
0.794983 0.245918 149361387423.561920 220
0.643082 0.264217 -717696341521.703369 206
0.708183 0.161636 -502064011455.274536 204
0.708183 0.493222 -130216636490.771027 238
0.719033 0.337964 139389895886.560425 222
0.794983 0.411712 -43135033722.553802 236
0.577982 0.366799 -379271905847.979614 208
0.643082 0.264217 -717696341521.703369 206
0.719033 0.337964 139389895886.560425 222
0.915249 0.040903 -10681236471.634144 228
0.773283 0.059054 36277001956.586227 215
0.838383 -0.043527 -121371144408.923721 225
1.000000 -0.000000 82511504615.517242 240
0.915249 0.040903 -10681236471.634144 228
0.838383 -0.043527 -121371144408.923721 225
0.992115 0.125333 -21329269577.174522 233
0.968583 0.248690 -63009578747.781982 230
0.870933 0.153872 70066376346.588593 219
0.794983 0.245918 149361387423.561920 220
0.929776 0.368125 -42962016944.824257 237
0.794983 0.411712 -43135033722.553802 236
0.062791 0.998027 -2063367571391.006104 198
0.023973 0.872212 -646313682382.405884 184
0.187381 0.982287 -2861740021762.955566 199
0.425779 0.904827 476159907329.611755 216
0.309017 0.951057 -4458619666435.695312 214
0.360982 0.819266 1946991283916.651611 203
0.309017 0.951057 -4458619666435.695312 214
0.203275 0.856480 11591331311909.029297 200
0.360982 0.819266 1946991283916.651611 203
0.382682 0.674543 5703093942216.632812 202
0.447782 0.737755 -1387589233103.670654 218
0.360982 0.819266 1946991283916.651611 203
0.512882 0.469380 -1464439064716.789307 207
0.621382 0.574733 607602554202.545898 221
0.447782 0.571962 -2072404806630.333252 205
0.719033 0.337964 139389895886.560425 222
0.708183 0.493222 -130216636490.771027 238
0.610532 0.481301 222947426628.594147 223
0.809017 0.587785 -143450451326.637817 235
0.728969 0.684547 -196163524231.684845 234
0.621382 0.574733 607602554202.545898 221
0.621382 0.574733 607602554202.545898 221
0.534582 0.656244 -424541828094.598755 217
0.447782 0.571962 -2072404806630.333252 205
0.809017 0.587785 -143450451326.637817 235
0.621382 0.574733 607602554202.545898 221
0.708183 0.493222 -130216636490.771027 238
0.631775 0.670396 -8624350576.967880 229
0.534582 0.656244 -424541828094.598755 217
0.621382 0.574733 607602554202.545898 221
0.728969 0.684547 -196163524231.684845 234
0.631775 0.670396 -8624350576.967880 229
0.621382 0.574733 607602554202.545898 221
0.728969 0.684547 -196163524231.684845 234
0.637424 0.770513 62111666054.445587 231
0.631775 0.670396 -8624350576.967880 229
0.447782 0.737755 -1387589233103.670654 218
0.425779 0.904827 476159907329.611755 216
0.360982 0.819266 1946991283916.651611 203
0.794983 0.245918 149361387423.561920 220
0.794983 0.411712 -43135033722.553802 236
0.719033 0.337964 139389895886.560425 222
0.610532 0.481301 222947426628.594147 223
0.621382 0.574733 607602554202.545898 221
0.512882 0.469380 -1464439064716.789307 207
0.577982 0.366799 -379271905847.979614 208
0.610532 0.481301 222947426628.594147 223
0.512882 0.469380 -1464439064716.789307 207
0.708183 0.493222 -130216636490.771027 238
0.621382 0.574733 607602554202.545898 221
0.610532 0.481301 222947426628.594147 223
0.637424 0.770513 62111666054.445587 231
0.534582 0.656244 -424541828094.598755 217
0.631775 0.670396 -8624350576.967880 229
0.637424 0.770513 62111666054.445587 231
0.535827 0.844328 496096435391.357239 232
0.534582 0.656244 -424541828094.598755 217
0.235061 0.604864 -15405623032725.394531 186
0.219168 0.730672 -20307223053726.757812 187
0.072414 0.628453 167397149720739.781250 169
0.447782 0.737755 -1387589233103.670654 218
0.535827 0.844328 496096435391.357239 232
0.425779 0.904827 476159907329.611755 216
0.534582 0.656244 -424541828094.598755 217
0.447782 0.737755 -1387589233103.670654 218
0.382682 0.674543 5703093942216.632812 202
0.534582 0.656244 -424541828094.598755 217
0.535827 0.844328 496096435391.357239 232
0.447782 0.737755 -1387589233103.670654 218
-0.135539 0.372907 73271129868772.250000 116
-0.250954 0.479057 -12804984535713762.000000 114
-0.266847 0.353249 22198244143989508.000000 98
0.060580 0.300829 -242035828743409.625000 136
-0.004231 0.392564 -773790440301848.125000 135
-0.042554 0.274619 3013256134383641.000000 117
0.040329 0.180264 -985303899691211.875000 129
0.060580 0.300829 -242035828743409.625000 136
-0.042554 0.274619 3013256134383641.000000 117
0.163714 0.327039 -61632386510555.703125 153
0.123361 0.435810 176273887162344.250000 154
0.060580 0.300829 -242035828743409.625000 136
-0.080876 0.156675 -1617143664739260.750000 110
0.020079 0.059698 4660017224205864.000000 118
0.040329 0.180264 -985303899691211.875000 129
0.266847 0.353249 -17959628906357.792969 172
0.250954 0.479057 -24770816287360.050781 171
0.123361 0.435810 176273887162344.250000 154
-0.108431 0.494783 1747256329905074.250000 133
-0.250954 0.479057 -12804984535713762.000000 114
-0.135539 0.372907 73271129868772.250000 116
-0.004231 0.392564 -773790440301848.125000 135
-0.108431 0.494783 1747256329905074.250000 133
-0.135539 0.372907 73271129868772.250000 116
0.034091 0.510509 -68212939415228.734375 151
0.072414 0.628453 167397149720739.781250 169
-0.081324 0.616659 -905648913040213.500000 152
0.034091 0.510509 -68212939415228.734375 151
0.123361 0.435810 176273887162344.250000 154
0.134576 0.557687 -45911071934843.148438 168
0.381154 0.273894 403947837251.008057 173
0.266847 0.353249 -17959628906357.792969 172
0.282741 0.227442 27705191243503.421875 155
0.413450 0.155828 -14057726738291.636719 174
0.445745 0.037763 -2077453502367.392334 170
0.571666 0.141635 2869879830546.310547 188
0.282741 0.227442 27705191243503.421875 155
0.413450 0.155828 -14057726738291.636719 174
0.381154 0.273894 403947837251.008057 173
0.298634 0.101634 57884810836005.210938 156
0.445745 0.037763 -2077453502367.392334 170
0.413450 0.155828 -14057726738291.636719 174
0.577982 0.366799 -379271905847.979614 208
0.512882 0.469380 -1464439064716.789307 207
0.422415 0.360024 1665982741231.837158 190
0.134576 0.557687 -45911071934843.148438 168
0.235061 0.604864 -15405623032725.394531 186
0.072414 0.628453 167397149720739.781250 169
0.034091 0.510509 -68212939415228.734375 151
0.134576 0.557687 -45911071934843.148438 168
0.072414 0.628453 167397149720739.781250 169
0.123361 0.435810 176273887162344.250000 154
0.250954 0.479057 -24770816287360.050781 171
0.134576 0.557687 -45911071934843.148438 168
0.422415 0.360024 1665982741231.837158 190
0.349368 0.525509 7005482302377.582031 189
0.266847 0.353249 -17959628906357.792969 172
0.349368 0.525509 7005482302377.582031 189
0.235061 0.604864 -15405623032725.394531 186
0.250954 0.479057 -24770816287360.050781 171
0.266847 0.353249 -17959628906357.792969 172
0.349368 0.525509 7005482302377.582031 189
0.250954 0.479057 -24770816287360.050781 171
0.447782 0.571962 -2072404806630.333252 205
0.382682 0.674543 5703093942216.632812 202
0.349368 0.525509 7005482302377.582031 189
0.023973 0.872212 -646313682382.405884 184
0.062791 0.998027 -2063367571391.006104 198
-0.062791 0.998027 12642866338086.292969 182
-0.089651 0.864346 -71006274438870.734375 166
0.023973 0.872212 -646313682382.405884 184
-0.062791 0.998027 12642866338086.292969 182
-0.187381 0.982287 66529480822207.757812 165
-0.089651 0.864346 -71006274438870.734375 166
-0.062791 0.998027 12642866338086.292969 182
-0.203275 0.856480 -13708771293476.843750 149
-0.109200 0.735914 257830980233991.062500 150
-0.089651 0.864346 -71006274438870.734375 166
0.000768 0.741156 112473707767103.203125 167
0.110736 0.746398 -48355200535065.187500 183
0.023973 0.872212 -646313682382.405884 184
0.219168 0.730672 -20307223053726.757812 187
0.110736 0.746398 -48355200535065.187500 183
0.072414 0.628453 167397149720739.781250 169
0.203275 0.856480 11591331311909.029297 200
0.187381 0.982287 -2861740021762.955566 199
0.023973 0.872212 -646313682382.405884 184
0.187381 0.982287 -2861740021762.955566 199
0.203275 0.856480 11591331311909.029297 200
0.309017 0.951057 -4458619666435.695312 214
-0.235061 0.604864 4003700315785632.000000 132
-0.250954 0.479057 -12804984535713762.000000 114
-0.108431 0.494783 1747256329905074.250000 133
-0.109200 0.735914 257830980233991.062500 150
-0.203275 0.856480 -13708771293476.843750 149
-0.219168 0.730672 -447406320648871.250000 134
0.072414 0.628453 167397149720739.781250 169
0.000768 0.741156 112473707767103.203125 167
-0.081324 0.616659 -905648913040213.500000 152
0.000768 0.741156 112473707767103.203125 167
0.023973 0.872212 -646313682382.405884 184
-0.089651 0.864346 -71006274438870.734375 166
-0.219168 0.730672 -447406320648871.250000 134
-0.317582 0.777124 486620395803213.500000 131
-0.382682 0.674543 -1923454441249340.250000 115
-0.108431 0.494783 1747256329905074.250000 133
-0.081324 0.616659 -905648913040213.500000 152
-0.235061 0.604864 4003700315785632.000000 132
-0.203275 0.856480 -13708771293476.843750 149
-0.317582 0.777124 486620395803213.500000 131
-0.219168 0.730672 -447406320648871.250000 134
0.809017 0.587785 -143450451326.637817 235
0.708183 0.493222 -130216636490.771027 238
0.876307 0.481754 93433560728.953995 242
0.469331 -0.217723 -21272139246904.066406 178
0.443723 -0.339315 -43711310712070.109375 177
0.569181 -0.223917 9090840511552.457031 195
0.992115 -0.125333 63747849956.586617 243
0.903483 -0.146108 -166707616611.938995 239
0.968583 -0.248690 -6161528088.002224 241
0.992115 -0.125333 63747849956.586617 243
1.000000 -0.000000 82511504615.517242 240
0.903483 -0.146108 -166707616611.938995 239
-0.616669 -0.529062 -7624035449500424192.000000 25
-0.518255 -0.575515 1284805984784340480.000000 36
-0.486789 -0.444362 351133154882184192.000000 38
-0.728969 -0.684547 -2165935087861161984.000000 14
-0.658410 -0.623625 -289086801981772544.000000 24
-0.735953 -0.529892 9932881409777287168.000000 15
-0.433694 -0.622226 -157541017895881856.000000 37
-0.409886 -0.779019 59772179560323040.000000 45
-0.349134 -0.668938 52315429918364064.000000 51
-0.637424 -0.770513 465545043636735360.000000 19
-0.534148 -0.701322 -199987508692836224.000000 31
-0.658410 -0.623625 -289086801981772544.000000 24
-0.637424 -0.770513 465545043636735360.000000 19
-0.535827 -0.844328 -21648151752773336.000000 30
-0.534148 -0.701322 -199987508692836224.000000 31
0.664439 -0.453191 -1618924258683.789551 197
0.736206 -0.299972 -3110320391821.213867 212
0.592925 -0.376490 9256494669060.208984 194
0.736206 -0.299972 -3110320391821.213867 212
0.792049 -0.172045 715866948788.943115 224
0.680615 -0.197981 -1366155657339.065430 209
0.929776 -0.368125 -366163670380.937988 226
0.847640 -0.274036 320356793176.770020 227
0.791796 -0.401964 851748928478.760864 213
0.929776 -0.368125 -366163670380.937988 226
0.968583 -0.248690 -6161528088.002224 241
0.847640 -0.274036 320356793176.770020 227
0.715365 -0.101593 141315291326.836029 210
0.584401 -0.096754 -449411983338.048950 192
0.680615 -0.197981 -1366155657339.065430 209
0.773283 0.059054 36277001956.586227 215
0.715365 -0.101593 141315291326.836029 210
0.838383 -0.043527 -121371144408.923721 225
0.662567 0.006795 212454617356.768616 201
0.708183 0.161636 -502064011455.274536 204
0.571666 0.141635 2869879830546.310547 188
-0.592925 -0.376490 6994584299546218496.000000 33
-0.486789 -0.444362 351133154882184192.000000 38
-0.443723 -0.339315 -3214223613607012864.000000 48
-0.791796 -0.401964 -82916362395301609472.000000 10
-0.664439 -0.453191 37564936833086881792.000000 20
-0.680489 -0.312940 -77809683161271271424.000000 21
-0.616669 -0.529062 -7624035449500424192.000000 25
-0.486789 -0.444362 351133154882184192.000000 38
-0.592925 -0.376490 6994584299546218496.000000 33
-0.584401 -0.096754 6888678399792009216.000000 35
-0.569181 -0.223917 9070660740141367296.000000 34
-0.469331 -0.217723 -2179292575364500736.000000 49
-0.680489 -0.312940 -77809683161271271424.000000 21
-0.847640 -0.274036 388728773213585866752.000000 11
-0.791796 -0.401964 -82916362395301609472.000000 10
-0.035536 -0.096906 933211537817386.500000 104
-0.119199 0.038730 -24024894859349392.000000 100
-0.157522 -0.079215 2079440249440801.500000 85
-0.195844 -0.197159 -177906255372866144.000000 84
-0.064278 -0.185365 23826849390440396.000000 103
-0.157522 -0.079215 2079440249440801.500000 85
0.196515 -0.037934 201991472066097.406250 140
0.314527 -0.024174 -45693905992109.070312 157
0.298634 0.101634 57884810836005.210938 156
0.125317 0.034143 -1017249871437325.250000 128
0.196515 -0.037934 201991472066097.406250 140
0.172130 0.119981 -490470249947873.437500 137
-0.035536 -0.096906 933211537817386.500000 104
0.078503 -0.051694 -470766339869076.750000 122
0.020079 0.059698 4660017224205864.000000 118
-0.035536 -0.096906 933211537817386.500000 104
0.067288 -0.173570 -2104774893852721.750000 121
0.078503 -0.051694 -470766339869076.750000 122
0.198854 -0.161776 171108646810422.906250 141
0.330420 -0.149981 -40484979208155.656250 160
0.196515 -0.037934 201991472066097.406250 140
0.078503 -0.051694 -470766339869076.750000 122
0.198854 -0.161776 171108646810422.906250 141
0.196515 -0.037934 201991472066097.406250 140
-0.001975 -0.299378 -11981771894113738.000000 107
0.114121 -0.291515 2061140940829425.500000 124
0.067288 -0.173570 -2104774893852721.750000 121
-0.065162 -0.389016 -8266148209253031.000000 106
-0.001975 -0.299378 -11981771894113738.000000 107
-0.118071 -0.307241 62533806982579176.000000 89
-0.145550 -0.426758 17478676284573952.000000 87
-0.065162 -0.389016 -8266148209253031.000000 106
-0.118071 -0.307241 62533806982579176.000000 89
-0.012254 -0.470791 1088402767314522.500000 105
0.108328 -0.414177 2534072589828966.500000 123
-0.065162 -0.389016 -8266148209253031.000000 106
-0.065162 -0.389016 -8266148209253031.000000 106
0.108328 -0.414177 2534072589828966.500000 123
-0.001975 -0.299378 -11981771894113738.000000 107
0.441136 -0.097722 18881908047682.367188 175
0.314527 -0.024174 -45693905992109.070312 157
0.330420 -0.149981 -40484979208155.656250 160
-0.035536 -0.096906 933211537817386.500000 104
0.020079 0.059698 4660017224205864.000000 118
-0.119199 0.038730 -24024894859349392.000000 100
0.522968 0.251959 1888781227816.803223 191
0.643082 0.264217 -717696341521.703369 206
0.577982 0.366799 -379271905847.979614 208
0.381154 0.273894 403947837251.008057 173
0.522968 0.251959 1888781227816.803223 191
0.422415 0.360024 1665982741231.837158 190
0.266847 0.353249 -17959628906357.792969 172
0.381154 0.273894 403947837251.008057 173
0.422415 0.360024 1665982741231.837158 190
0.282741 0.227442 27705191243503.421875 155
0.298634 0.101634 57884810836005.210938 156
0.413450 0.155828 -14057726738291.636719 174
0.584401 -0.096754 -449411983338.048950 192
0.441136 -0.097722 18881908047682.367188 175
0.469331 -0.217723 -21272139246904.066406 178
0.381154 0.273894 403947837251.008057 173
0.413450 0.155828 -14057726738291.636719 174
0.522968 0.251959 1888781227816.803223 191
0.298634 0.101634 57884810836005.210938 156
0.314527 -0.024174 -45693905992109.070312 157
0.445745 0.037763 -2077453502367.392334 170
0.571666 0.141635 2869879830546.310547 188
0.708183 0.161636 -502064011455.274536 204
0.643082 0.264217 -717696341521.703369 206
0.413450 0.155828 -14057726738291.636719 174
0.571666 0.141635 2869879830546.310547 188
0.522968 0.251959 1888781227816.803223 191
0.662567 0.006795 212454617356.768616 201
0.715365 -0.101593 141315291326.836029 210
0.773283 0.059054 36277001956.586227 215
0.708183 0.161636 -502064011455.274536 204
0.662567 0.006795 212454617356.768616 201
0.773283 0.059054 36277001956.586227 215
0.543905 0.017440 -4106641208881.435059 185
0.584401 -0.096754 -449411983338.048950 192
0.662567 0.006795 212454617356.768616 201
0.445745 0.037763 -2077453502367.392334 170
0.543905 0.017440 -4106641208881.435059 185
0.571666 0.141635 2869879830546.310547 188
0.445745 0.037763 -2077453502367.392334 170
0.441136 -0.097722 18881908047682.367188 175
0.543905 0.017440 -4106641208881.435059 185
0.794983 0.245918 149361387423.561920 220
0.968583 0.248690 -63009578747.781982 230
0.929776 0.368125 -42962016944.824257 237
0.773283 0.059054 36277001956.586227 215
0.870933 0.153872 70066376346.588593 219
0.708183 0.161636 -502064011455.274536 204
0.773283 0.059054 36277001956.586227 215
0.915249 0.040903 -10681236471.634144 228
0.870933 0.153872 70066376346.588593 219
0.838383 -0.043527 -121371144408.923721 225
0.903483 -0.146108 -166707616611.938995 239
1.000000 -0.000000 82511504615.517242 240
0.584401 -0.096754 -449411983338.048950 192
0.569181 -0.223917 9090840511552.457031 195
0.680615 -0.197981 -1366155657339.065430 209
0.662567 0.006795 212454617356.768616 201
0.584401 -0.096754 -449411983338.048950 192
0.715365 -0.101593 141315291326.836029 210
0.543905 0.017440 -4106641208881.435059 185
0.441136 -0.097722 18881908047682.367188 175
0.584401 -0.096754 -449411983338.048950 192
0.662567 0.006795 212454617356.768616 201
0.571666 0.141635 2869879830546.310547 188
0.543905 0.017440 -4106641208881.435059 185
0.330420 -0.149981 -40484979208155.656250 160
0.346313 -0.275789 176372457233687.281250 161
0.469331 -0.217723 -21272139246904.066406 178
0.664439 -0.453191 -1618924258683.789551 197
0.592925 -0.376490 9256494669060.208984 194
0.616669 -0.529062 2689834337476.551758 181
0.735953 -0.529892 -131311505848.582306 196
0.664439 -0.453191 -1618924258683.789551 197
0.616669 -0.529062 2689834337476.551758 181
0.735953 -0.529892 -131311505848.582306 196
0.791796 -0.401964 851748928478.760864 213
0.664439 -0.453191 -1618924258683.789551 197
0.838383 -0.043527 -121371144408.923721 225
0.715365 -0.101593 141315291326.836029 210
0.792049 -0.172045 715866948788.943115 224
0.443723 -0.339315 -43711310712070.109375 177
0.346313 -0.275789 176372457233687.281250 161
0.362206 -0.401597 152425876297352.937500 159
0.584401 -0.096754 -449411983338.048950 192
0.469331 -0.217723 -21272139246904.066406 178
0.569181 -0.223917 9090840511552.457031 195
0.441136 -0.097722 18881908047682.367188 175
0.330420 -0.149981 -40484979208155.656250 160
0.469331 -0.217723 -21272139246904.066406 178
0.915249 0.040903 -10681236471.634144 228
0.992115 0.125333 -21329269577.174522 233
0.870933 0.153872 70066376346.588593 219
0.219168 0.730672 -20307223053726.757812 187
0.360982 0.819266 1946991283916.651611 203
0.203275 0.856480 11591331311909.029297 200
0.110736 0.746398 -48355200535065.187500 183
0.219168 0.730672 -20307223053726.757812 187
0.203275 0.856480 11591331311909.029297 200
0.235061 0.604864 -15405623032725.394531 186
0.382682 0.674543 5703093942216.632812 202
0.219168 0.730672 -20307223053726.757812 187
0.123361 0.435810 176273887162344.250000 154
-0.004231 0.392564 -773790440301848.125000 135
0.060580 0.300829 -242035828743409.625000 136
-0.081324 0.616659 -905648913040213.500000 152
-0.108431 0.494783 1747256329905074.250000 133
0.034091 0.510509 -68212939415228.734375 151
0.000768 0.741156 112473707767103.203125 167
-0.109200 0.735914 257830980233991.062500 150
-0.081324 0.616659 -905648913040213.500000 152
0.110736 0.746398 -48355200535065.187500 183
0.000768 0.741156 112473707767103.203125 167
0.072414 0.628453 167397149720739.781250 169
0.110736 0.746398 -48355200535065.187500 183
0.203275 0.856480 11591331311909.029297 200
0.023973 0.872212 -646313682382.405884 184
-0.219168 0.730672 -447406320648871.250000 134
-0.235061 0.604864 4003700315785632.000000 132
-0.081324 0.616659 -905648913040213.500000 152
0.123361 0.435810 176273887162344.250000 154
0.163714 0.327039 -61632386510555.703125 153
0.266847 0.353249 -17959628906357.792969 172
0.235061 0.604864 -15405623032725.394531 186
0.134576 0.557687 -45911071934843.148438 168
0.250954 0.479057 -24770816287360.050781 171
0.034091 0.510509 -68212939415228.734375 151
-0.004231 0.392564 -773790440301848.125000 135
0.123361 0.435810 176273887162344.250000 154
0.382682 0.674543 5703093942216.632812 202
0.360982 0.819266 1946991283916.651611 203
0.219168 0.730672 -20307223053726.757812 187
0.349368 0.525509 7005482302377.582031 189
0.382682 0.674543 5703093942216.632812 202
0.235061 0.604864 -15405623032725.394531 186
0.447782 0.571962 -2072404806630.333252 205
0.534582 0.656244 -424541828094.598755 217
0.382682 0.674543 5703093942216.632812 202
-0.876307 0.481754 -103836438509309648.000000 40
-0.708183 0.493222 450664020086708224.000000 56
-0.809017 0.587785 -112164493538625904.000000 55
-0.389865 0.411315 61217696672826664.000000 95
-0.250954 0.479057 -12804984535713762.000000 114
-0.349368 0.525509 -12323869706300424.000000 113
-0.162647 0.251030 -13985884414659788.000000 99
-0.135539 0.372907 73271129868772.250000 116
-0.266847 0.353249 22198244143989508.000000 98
-0.298634 0.101634 -361214883731631936.000000 73
-0.189755 0.129154 44768794526463016.000000 93
-0.282741 0.227442 15619378502960776.000000 79
-0.042554 0.274619 3013256134383641.000000 117
-0.135539 0.372907 73271129868772.250000 116
-0.162647 0.251030 -13985884414659788.000000 99
-0.108431 0.494783 1747256329905074.250000 133
-0.004231 0.392564 -773790440301848.125000 135
0.034091 0.510509 -68212939415228.734375 151
-0.282741 0.227442 15619378502960776.000000 79
-0.162647 0.251030 -13985884414659788.000000 99
-0.266847 0.353249 22198244143989508.000000 98
-0.042554 0.274619 3013256134383641.000000 117
-0.004231 0.392564 -773790440301848.125000 135
-0.135539 0.372907 73271129868772.250000 116
0.167922 0.223510 374091215310423.625000 147
0.172130 0.119981 -490470249947873.437500 137
0.282741 0.227442 27705191243503.421875 155
0.060580 0.300829 -242035828743409.625000 136
0.167922 0.223510 374091215310423.625000 147
0.163714 0.327039 -61632386510555.703125 153
0.040329 0.180264 -985303899691211.875000 129
0.172130 0.119981 -490470249947873.437500 137
0.167922 0.223510 374091215310423.625000 147
-0.080876 0.156675 -1617143664739260.750000 110
0.040329 0.180264 -985303899691211.875000 129
-0.042554 0.274619 3013256134383641.000000 117
0.020079 0.059698 4660017224205864.000000 118
0.172130 0.119981 -490470249947873.437500 137
0.040329 0.180264 -985303899691211.875000 129
0.282741 0.227442 27705191243503.421875 155
0.266847 0.353249 -17959628906357.792969 172
0.163714 0.327039 -61632386510555.703125 153
-0.534582 0.656244 8227021175095346.000000 96
-0.535827 0.844328 -413816364933740.000000 111
-0.637424 0.770513 -11045154174717880.000000 94
0.847640 -0.274036 320356793176.770020 227
0.903483 -0.146108 -166707616611.938995 239
0.792049 -0.172045 715866948788.943115 224
0.968583 -0.248690 -6161528088.002224 241
0.903483 -0.146108 -166707616611.938995 239
0.847640 -0.274036 320356793176.770020 227
0.791796 -0.401964 851748928478.760864 213
0.735953 -0.529892 -131311505848.582306 196
0.876307 -0.481754 -213379210215.739319 211
0.929776 -0.368125 -366163670380.937988 226
0.791796 -0.401964 851748928478.760864 213
0.876307 -0.481754 -213379210215.739319 211
0.592925 -0.376490 9256494669060.208984 194
0.569181 -0.223917 9090840511552.457031 195
0.443723 -0.339315 -43711310712070.109375 177
0.616669 -0.529062 2689834337476.551758 181
0.592925 -0.376490 9256494669060.208984 194
0.486789 -0.444362 -20558063411154.589844 176
0.736206 -0.299972 -3110320391821.213867 212
0.569181 -0.223917 9090840511552.457031 195
0.592925 -0.376490 9256494669060.208984 194
0.847640 -0.274036 320356793176.770020 227
0.736206 -0.299972 -3110320391821.213867 212
0.791796 -0.401964 851748928478.760864 213
0.680615 -0.197981 -1366155657339.065430 209
0.569181 -0.223917 9090840511552.457031 195
0.736206 -0.299972 -3110320391821.213867 212
0.378100 -0.527404 9800672449350.632812 158
0.486789 -0.444362 -20558063411154.589844 176
0.362206 -0.401597 152425876297352.937500 159
0.518255 -0.575515 2789494978948.586914 164
0.393993 -0.653212 -6507054603299.880859 146
0.515708 -0.711863 -1252701786047.390625 162
0.486789 -0.444362 -20558063411154.589844 176
0.518255 -0.575515 2789494978948.586914 164
0.616669 -0.529062 2689834337476.551758 181
0.378100 -0.527404 9800672449350.632812 158
0.393993 -0.653212 -6507054603299.880859 146
0.518255 -0.575515 2789494978948.586914 164
0.658410 -0.623625 -833488957032.705322 179
0.728969 -0.684547 63685879224.849976 180
0.735953 -0.529892 -131311505848.582306 196
0.196515 -0.037934 201991472066097.406250 140
0.330420 -0.149981 -40484979208155.656250 160
0.314527 -0.024174 -45693905992109.070312 157
-0.195844 -0.197159 -177906255372866144.000000 84
-0.118071 -0.307241 62533806982579176.000000 89
-0.064278 -0.185365 23826849390440396.000000 103
-0.118071 -0.307241 62533806982579176.000000 89
-0.234167 -0.315104 -179720984227375072.000000 70
-0.145550 -0.426758 17478676284573952.000000 87
0.210774 -0.256132 -239839803594864.250000 142
0.346313 -0.275789 176372457233687.281250 161
0.330420 -0.149981 -40484979208155.656250 160
0.210774 -0.256132 -239839803594864.250000 142
0.235267 -0.407887 -703481360568852.125000 143
0.346313 -0.275789 176372457233687.281250 161
0.067288 -0.173570 -2104774893852721.750000 121
0.114121 -0.291515 2061140940829425.500000 124
0.198854 -0.161776 171108646810422.906250 141
0.108328 -0.414177 2534072589828966.500000 123
0.114121 -0.291515 2061140940829425.500000 124
-0.001975 -0.299378 -11981771894113738.000000 107
0.247982 -0.508533 -290224559727997.687500 139
0.362206 -0.401597 152425876297352.937500 159
0.235267 -0.407887 -703481360568852.125000 143
0.443723 -0.339315 -43711310712070.109375 177
0.486789 -0.444362 -20558063411154.589844 176
0.592925 -0.376490 9256494669060.208984 194
0.346313 -0.275789 176372457233687.281250 161
0.443723 -0.339315 -43711310712070.109375 177
0.469331 -0.217723 -21272139246904.066406 178
0.362206 -0.401597 152425876297352.937500 159
0.486789 -0.444362 -20558063411154.589844 176
0.443723 -0.339315 -43711310712070.109375 177
0.518255 -0.575515 2789494978948.586914 164
0.658410 -0.623625 -833488957032.705322 179
0.616669 -0.529062 2689834337476.551758 181
0.735953 -0.529892 -131311505848.582306 196
0.809017 -0.587785 102897029427.576660 193
0.876307 -0.481754 -213379210215.739319 211
0.616669 -0.529062 2689834337476.551758 181
0.658410 -0.623625 -833488957032.705322 179
0.735953 -0.529892 -131311505848.582306 196
0.791796 -0.401964 851748928478.760864 213
0.736206 -0.299972 -3110320391821.213867 212
0.664439 -0.453191 -1618924258683.789551 197
0.486789 -0.444362 -20558063411154.589844 176
0.378100 -0.527404 9800672449350.632812 158
0.518255 -0.575515 2789494978948.586914 164
0.728969 -0.684547 63685879224.849976 180
0.809017 -0.587785 102897029427.576660 193
0.735953 -0.529892 -131311505848.582306 196
0.847640 -0.274036 320356793176.770020 227
0.792049 -0.172045 715866948788.943115 224
0.736206 -0.299972 -3110320391821.213867 212
0.838383 -0.043527 -121371144408.923721 225
0.792049 -0.172045 715866948788.943115 224
0.903483 -0.146108 -166707616611.938995 239
0.715365 -0.101593 141315291326.836029 210
0.680615 -0.197981 -1366155657339.065430 209
0.792049 -0.172045 715866948788.943115 224
1.000000 -0.000000 82511504615.517242 240
0.992115 0.125333 -21329269577.174522 233
0.915249 0.040903 -10681236471.634144 228
0.295977 -0.844070 7572792124501.189453 125
0.177179 -0.862891 49834544553980.781250 109
0.309017 -0.951057 -13949027346291.572266 108
0.425779 -0.904827 -5083375094062.265625 126
0.295977 -0.844070 7572792124501.189453 125
0.309017 -0.951057 -13949027346291.572266 108
0.282937 -0.737084 -86394637260634.640625 127
0.177179 -0.862891 49834544553980.781250 109
0.295977 -0.844070 7572792124501.189453 125
0.062791 -0.998027 -190975075820400.406250 72
0.060826 -0.904827 117093290315663.343750 91
-0.062791 -0.998027 553469522941349.500000 71
-0.272489 -0.433048 16583284183701142.000000 67
-0.234167 -0.315104 -179720984227375072.000000 70
-0.362206 -0.401597 361322891546065856.000000 53
-0.349134 -0.668938 52315429918364064.000000 51
-0.166657 -0.668938 -13428786174568640.000000 68
-0.219573 -0.550993 40076934261316168.000000 69
-0.005837 -0.810471 -620876248236189.625000 101
-0.060826 -0.904827 -471129636985702.875000 82
0.060826 -0.904827 117093290315663.343750 91
0.177179 -0.862891 49834544553980.781250 109
-0.005837 -0.810471 -620876248236189.625000 101
0.060826 -0.904827 117093290315663.343750 91
-0.072500 -0.716116 1289628170647531.000000 83
-0.156928 -0.826197 4269296223393517.000000 81
-0.005837 -0.810471 -620876248236189.625000 101
-0.272489 -0.433048 16583284183701142.000000 67
-0.219573 -0.550993 40076934261316168.000000 69
-0.145550 -0.426758 17478676284573952.000000 87
-0.321429 -0.833823 -7070569599555047.000000 46
-0.409886 -0.779019 59772179560323040.000000 45
-0.425779 -0.904827 -14571865297076046.000000 32
-0.232973 -0.888627 4070897487068483.000000 62
-0.321429 -0.833823 -7070569599555047.000000 46
-0.309017 -0.951057 4520741437072924.000000 47
-0.232973 -0.888627 4070897487068483.000000 62
-0.253031 -0.747568 -17852888958815764.000000 61
-0.321429 -0.833823 -7070569599555047.000000 46
-0.166657 -0.668938 -13428786174568640.000000 68
-0.253031 -0.747568 -17852888958815764.000000 61
-0.156928 -0.826197 4269296223393517.000000 81
-0.349134 -0.668938 52315429918364064.000000 51
-0.409886 -0.779019 59772179560323040.000000 45
-0.253031 -0.747568 -17852888958815764.000000 61
0.187381 -0.982287 -25276950368662.406250 90
0.060826 -0.904827 117093290315663.343750 91
0.062791 -0.998027 -190975075820400.406250 72
0.235267 -0.407887 -703481360568852.125000 143
0.362206 -0.401597 152425876297352.937500 159
0.346313 -0.275789 176372457233687.281250 161
0.298781 -0.621760 115108720707088.015625 138
0.378100 -0.527404 9800672449350.632812 158
0.247982 -0.508533 -290224559727997.687500 139
0.518255 -0.575515 2789494978948.586914 164
0.515708 -0.711863 -1252701786047.390625 162
0.658410 -0.623625 -833488957032.705322 179
0.298781 -0.621760 115108720707088.015625 138
0.393993 -0.653212 -6507054603299.880859 146
0.378100 -0.527404 9800672449350.632812 158
0.141155 -0.577727 -561066274853783.250000 120
0.164458 -0.730094 319757467956611.812500 119
0.298781 -0.621760 115108720707088.015625 138
0.108328 -0.414177 2534072589828966.500000 123
0.141155 -0.577727 -561066274853783.250000 120
0.247982 -0.508533 -290224559727997.687500 139
0.034327 -0.646921 -624947264763790.500000 102
0.164458 -0.730094 319757467956611.812500 119
0.141155 -0.577727 -561066274853783.250000 120
0.108328 -0.414177 2534072589828966.500000 123
-0.012254 -0.470791 1088402767314522.500000 105
0.141155 -0.577727 -561066274853783.250000 120
-0.072500 -0.716116 1289628170647531.000000 83
-0.005837 -0.810471 -620876248236189.625000 101
0.034327 -0.646921 -624947264763790.500000 102
0.282937 -0.737084 -86394637260634.640625 127
0.393993 -0.653212 -6507054603299.880859 146
0.298781 -0.621760 115108720707088.015625 138
-0.005837 -0.810471 -620876248236189.625000 101
0.177179 -0.862891 49834544553980.781250 109
0.164458 -0.730094 319757467956611.812500 119
0.187381 -0.982287 -25276950368662.406250 90
0.177179 -0.862891 49834544553980.781250 109
0.060826 -0.904827 117093290315663.343750 91
0.187381 -0.982287 -25276950368662.406250 90
0.309017 -0.951057 -13949027346291.572266 108
0.177179 -0.862891 49834544553980.781250 109
0.409886 -0.779019 15540349551566.816406 144
0.393993 -0.653212 -6507054603299.880859 146
0.282937 -0.737084 -86394637260634.640625 127
0.515708 -0.711863 -1252701786047.390625 162
0.637424 -0.770513 1422136967090.920166 163
0.658410 -0.623625 -833488957032.705322 179
0.409886 -0.779019 15540349551566.816406 144
0.515708 -0.711863 -1252701786047.390625 162
0.393993 -0.653212 -6507054603299.880859 146
0.409886 -0.779019 15540349551566.816406 144
0.535827 -0.844328 -4177307947384.394531 145
0.515708 -0.711863 -1252701786047.390625 162
0.425779 -0.904827 -5083375094062.265625 126
0.409886 -0.779019 15540349551566.816406 144
0.295977 -0.844070 7572792124501.189453 125
-0.065162 -0.389016 -8266148209253031.000000 106
-0.145550 -0.426758 17478676284573952.000000 87
-0.115913 -0.510892 -6150998747714454.000000 88
-0.272489 -0.433048 16583284183701142.000000 67
-0.145550 -0.426758 17478676284573952.000000 87
-0.234167 -0.315104 -179720984227375072.000000 70
-0.219573 -0.550993 40076934261316168.000000 69
-0.378100 -0.527404 -271802493324129024.000000 52
-0.349134 -0.668938 52315429918364064.000000 51
-0.072500 -0.716116 1289628170647531.000000 83
-0.042377 -0.593453 4114239889830242.000000 86
-0.166657 -0.668938 -13428786174568640.000000 68
-0.272489 -0.433048 16583284183701142.000000 67
-0.378100 -0.527404 -271802493324129024.000000 52
-0.219573 -0.550993 40076934261316168.000000 69
0.535827 -0.844328 -4177307947384.394531 145
0.409886 -0.779019 15540349551566.816406 144
0.425779 -0.904827 -5083375094062.265625 126
0.535827 -0.844328 -4177307947384.394531 145
0.637424 -0.770513 1422136967090.920166 163
0.515708 -0.711863 -1252701786047.390625 162
0.409886 -0.779019 15540349551566.816406 144
0.282937 -0.737084 -86394637260634.640625 127
0.295977 -0.844070 7572792124501.189453 125
0.637424 -0.770513 1422136967090.920166 163
0.728969 -0.684547 63685879224.849976 180
0.658410 -0.623625 -833488957032.705322 179
-0.309017 0.951057 -247506359568537.375000 148
-0.203275 0.856480 -13708771293476.843750 149
-0.187381 0.982287 66529480822207.757812 165
-0.109200 0.735914 257830980233991.062500 150
-0.219168 0.730672 -447406320648871.250000 134
-0.081324 0.616659 -905648913040213.500000 152
-0.187381 0.982287 66529480822207.757812 165
-0.203275 0.856480 -13708771293476.843750 149
-0.089651 0.864346 -71006274438870.734375 166
-0.219168 0.730672 -447406320648871.250000 134
-0.382682 0.674543 -1923454441249340.250000 115
-0.235061 0.604864 4003700315785632.000000 132
-0.089651 0.864346 -71006274438870.734375 166
-0.109200 0.735914 257830980233991.062500 150
0.000768 0.741156 112473707767103.203125 167
-0.253031 -0.747568 -17852888958815764.000000 61
-0.166657 -0.668938 -13428786174568640.000000 68
-0.349134 -0.668938 52315429918364064.000000 51
-0.060826 -0.904827 -471129636985702.875000 82
-0.156928 -0.826197 4269296223393517.000000 81
-0.187381 -0.982287 -2407497578849537.000000 63
-0.060826 -0.904827 -471129636985702.875000 82
-0.005837 -0.810471 -620876248236189.625000 101
-0.156928 -0.826197 4269296223393517.000000 81
-0.232973 -0.888627 4070897487068483.000000 62
-0.156928 -0.826197 4269296223393517.000000 81
-0.253031 -0.747568 -17852888958815764.000000 61
-0.187381 -0.982287 -2407497578849537.000000 63
-0.232973 -0.888627 4070897487068483.000000 62
-0.309017 -0.951057 4520741437072924.000000 47
-0.187381 -0.982287 -2407497578849537.000000 63
-0.156928 -0.826197 4269296223393517.000000 81
-0.232973 -0.888627 4070897487068483.000000 62
-0.062791 -0.998027 553469522941349.500000 71
-0.060826 -0.904827 -471129636985702.875000 82
-0.187381 -0.982287 -2407497578849537.000000 63
-0.042377 -0.593453 4114239889830242.000000 86
-0.072500 -0.716116 1289628170647531.000000 83
0.034327 -0.646921 -624947264763790.500000 102
-0.012254 -0.470791 1088402767314522.500000 105
-0.042377 -0.593453 4114239889830242.000000 86
0.034327 -0.646921 -624947264763790.500000 102
-0.115913 -0.510892 -6150998747714454.000000 88
-0.166657 -0.668938 -13428786174568640.000000 68
-0.042377 -0.593453 4114239889830242.000000 86
-0.518255 -0.575515 1284805984784340480.000000 36
-0.616669 -0.529062 -7624035449500424192.000000 25
-0.658410 -0.623625 -289086801981772544.000000 24
-0.433694 -0.622226 -157541017895881856.000000 37
-0.518255 -0.575515 1284805984784340480.000000 36
-0.534148 -0.701322 -199987508692836224.000000 31
-0.409886 -0.779019 59772179560323040.000000 45
-0.433694 -0.622226 -157541017895881856.000000 37
-0.534148 -0.701322 -199987508692836224.000000 31
-0.349134 -0.668938 52315429918364064.000000 51
-0.378100 -0.527404 -271802493324129024.000000 52
-0.433694 -0.622226 -157541017895881856.000000 37
-0.378100 -0.527404 -271802493324129024.000000 52
-0.486789 -0.444362 351133154882184192.000000 38
-0.518255 -0.575515 1284805984784340480.000000 36
0.060826 -0.904827 117093290315663.343750 91
-0.060826 -0.904827 -471129636985702.875000 82
-0.062791 -0.998027 553469522941349.500000 71
-0.534148 -0.701322 -199987508692836224.000000 31
-0.535827 -0.844328 -21648151752773336.000000 30
-0.409886 -0.779019 59772179560323040.000000 45
-0.486789 -0.444362 351133154882184192.000000 38
-0.378100 -0.527404 -271802493324129024.000000 52
-0.362206 -0.401597 361322891546065856.000000 53
-0.728969 -0.684547 -2165935087861161984.000000 14
-0.637424 -0.770513 465545043636735360.000000 19
-0.658410 -0.623625 -289086801981772544.000000 24
-0.321429 -0.833823 -7070569599555047.000000 46
-0.253031 -0.747568 -17852888958815764.000000 61
-0.409886 -0.779019 59772179560323040.000000 45
-0.346313 -0.275789 768312177038843776.000000 64
-0.362206 -0.401597 361322891546065856.000000 53
-0.234167 -0.315104 -179720984227375072.000000 70
-0.195844 -0.197159 -177906255372866144.000000 84
-0.346313 -0.275789 768312177038843776.000000 64
-0.234167 -0.315104 -179720984227375072.000000 70
-0.658594 0.038247 26152975374258835456.000000 29
-0.584401 -0.096754 6888678399792009216.000000 35
-0.515073 -0.029496 -6833271725766769664.000000 39
-0.330420 -0.149981 310662382394092928.000000 66
-0.441136 -0.097722 -162269559793942816.000000 50
-0.469331 -0.217723 -2179292575364500736.000000 49
-0.330420 -0.149981 310662382394092928.000000 66
-0.314527 -0.024174 -299421952889347200.000000 65
-0.441136 -0.097722 -162269559793942816.000000 50
-0.321429 -0.833823 -7070569599555047.000000 46
-0.425779 -0.904827 -14571865297076046.000000 32
-0.309017 -0.951057 4520741437072924.000000 47
-0.378100 -0.527404 -271802493324129024.000000 52
-0.518255 -0.575515 1284805984784340480.000000 36
-0.433694 -0.622226 -157541017895881856.000000 37
-0.535827 -0.844328 -21648151752773336.000000 30
-0.425779 -0.904827 -14571865297076046.000000 32
-0.409886 -0.779019 59772179560323040.000000 45
0.298634 0.101634 57884810836005.210938 156
0.172130 0.119981 -490470249947873.437500 137
0.196515 -0.037934 201991472066097.406250 140
-0.216863 0.007278 132293721501856608.000000 80
-0.157522 -0.079215 2079440249440801.500000 85
-0.119199 0.038730 -24024894859349392.000000 100
0.198854 -0.161776 171108646810422.906250 141
0.210774 -0.256132 -239839803594864.250000 142
0.330420 -0.149981 -40484979208155.656250 160
-0.118071 -0.307241 62533806982579176.000000 89
-0.195844 -0.197159 -177906255372866144.000000 84
-0.234167 -0.315104 -179720984227375072.000000 70
0.114121 -0.291515 2061140940829425.500000 124
0.235267 -0.407887 -703481360568852.125000 143
0.210774 -0.256132 -239839803594864.250000 142
0.114121 -0.291515 2061140940829425.500000 124
0.108328 -0.414177 2534072589828966.500000 123
0.235267 -0.407887 -703481360568852.125000 143
0.198854 -0.161776 171108646810422.906250 141
0.114121 -0.291515 2061140940829425.500000 124
0.210774 -0.256132 -239839803594864.250000 142
0.067288 -0.173570 -2104774893852721.750000 121
-0.064278 -0.185365 23826849390440396.000000 103
-0.001975 -0.299378 -11981771894113738.000000 107
-0.012254 -0.470791 1088402767314522.500000 105
0.034327 -0.646921 -624947264763790.500000 102
0.141155 -0.577727 -561066274853783.250000 120
-0.064278 -0.185365 23826849390440396.000000 103
-0.035536 -0.096906 933211537817386.500000 104
-0.157522 -0.079215 2079440249440801.500000 85
-0.001975 -0.299378 -11981771894113738.000000 107
-0.064278 -0.185365 23826849390440396.000000 103
-0.118071 -0.307241 62533806982579176.000000 89
0.067288 -0.173570 -2104774893852721.750000 121
-0.035536 -0.096906 933211537817386.500000 104
-0.064278 -0.185365 23826849390440396.000000 103
-0.330420 -0.149981 310662382394092928.000000 66
-0.195844 -0.197159 -177906255372866144.000000 84
-0.157522 -0.079215 2079440249440801.500000 85
-0.330420 -0.149981 310662382394092928.000000 66
-0.346313 -0.275789 768312177038843776.000000 64
-0.195844 -0.197159 -177906255372866144.000000 84
-0.658594 0.038247 26152975374258835456.000000 29
-0.576964 0.099699 -4139016956834846720.000000 44
-0.708183 0.161636 9472279671219355648.000000 28
-0.838383 -0.043527 435099634631950860288.000000 12
-0.715365 -0.101593 -80665016766034739200.000000 23
-0.773283 0.059054 -67093323388881436672.000000 18
-0.584401 -0.096754 6888678399792009216.000000 35
-0.469331 -0.217723 -2179292575364500736.000000 49
-0.441136 -0.097722 -162269559793942816.000000 50
-0.715365 -0.101593 -80665016766034739200.000000 23
-0.584401 -0.096754 6888678399792009216.000000 35
-0.658594 0.038247 26152975374258835456.000000 29
-0.773283 0.059054 -67093323388881436672.000000 18
-0.715365 -0.101593 -80665016766034739200.000000 23
-0.658594 0.038247 26152975374258835456.000000 29
-0.680615 -0.197981 10300312221697667072.000000 22
-0.569181 -0.223917 9070660740141367296.000000 34
-0.584401 -0.096754 6888678399792009216.000000 35
-0.792049 -0.172045 93469313424900194304.000000 13
-0.680615 -0.197981 10300312221697667072.000000 22
-0.715365 -0.101593 -80665016766034739200.000000 23
-0.792049 -0.172045 93469313424900194304.000000 13
-0.847640 -0.274036 388728773213585866752.000000 11
-0.680489 -0.312940 -77809683161271271424.000000 21
-0.715365 -0.101593 -80665016766034739200.000000 23
-0.680615 -0.197981 10300312221697667072.000000 22
-0.584401 -0.096754 6888678399792009216.000000 35
-0.838383 -0.043527 435099634631950860288.000000 12
-0.792049 -0.172045 93469313424900194304.000000 13
-0.715365 -0.101593 -80665016766034739200.000000 23
-0.314527 -0.024174 -299421952889347200.000000 65
-0.298634 0.101634 -361214883731631936.000000 73
-0.445745 0.037763 1635114974795936256.000000 54
-0.680489 -0.312940 -77809683161271271424.000000 21
-0.592925 -0.376490 6994584299546218496.000000 33
-0.569181 -0.223917 9070660740141367296.000000 34
-0.569181 -0.223917 9070660740141367296.000000 34
-0.592925 -0.376490 6994584299546218496.000000 33
-0.443723 -0.339315 -3214223613607012864.000000 48
-0.658410 -0.623625 -289086801981772544.000000 24
-0.616669 -0.529062 -7624035449500424192.000000 25
-0.735953 -0.529892 9932881409777287168.000000 15
-0.658410 -0.623625 -289086801981772544.000000 24
-0.534148 -0.701322 -199987508692836224.000000 31
-0.518255 -0.575515 1284805984784340480.000000 36
-0.443723 -0.339315 -3214223613607012864.000000 48
-0.469331 -0.217723 -2179292575364500736.000000 49
-0.569181 -0.223917 9070660740141367296.000000 34
-0.362206 -0.401597 361322891546065856.000000 53
-0.443723 -0.339315 -3214223613607012864.000000 48
-0.486789 -0.444362 351133154882184192.000000 38
-0.362206 -0.401597 361322891546065856.000000 53
-0.346313 -0.275789 768312177038843776.000000 64
-0.443723 -0.339315 -3214223613607012864.000000 48
0.247982 -0.508533 -290224559727997.687500 139
0.141155 -0.577727 -561066274853783.250000 120
0.298781 -0.621760 115108720707088.015625 138
-0.156928 -0.826197 4269296223393517.000000 81
-0.072500 -0.716116 1289628170647531.000000 83
-0.166657 -0.668938 -13428786174568640.000000 68
0.164458 -0.730094 319757467956611.812500 119
0.177179 -0.862891 49834544553980.781250 109
0.282937 -0.737084 -86394637260634.640625 127
0.298781 -0.621760 115108720707088.015625 138
0.164458 -0.730094 319757467956611.812500 119
0.282937 -0.737084 -86394637260634.640625 127
0.034327 -0.646921 -624947264763790.500000 102
-0.005837 -0.810471 -620876248236189.625000 101
0.164458 -0.730094 319757467956611.812500 119
0.108328 -0.414177 2534072589828966.500000 123
0.247982 -0.508533 -290224559727997.687500 139
0.235267 -0.407887 -703481360568852.125000 143
-0.115913 -0.510892 -6150998747714454.000000 88
-0.012254 -0.470791 1088402767314522.500000 105
-0.065162 -0.389016 -8266148209253031.000000 106
-0.219573 -0.550993 40076934261316168.000000 69
-0.115913 -0.510892 -6150998747714454.000000 88
-0.145550 -0.426758 17478676284573952.000000 87
-0.219573 -0.550993 40076934261316168.000000 69
-0.166657 -0.668938 -13428786174568640.000000 68
-0.115913 -0.510892 -6150998747714454.000000 88
-0.115913 -0.510892 -6150998747714454.000000 88
-0.042377 -0.593453 4114239889830242.000000 86
-0.012254 -0.470791 1088402767314522.500000 105
0.378100 -0.527404 9800672449350.632812 158
0.362206 -0.401597 152425876297352.937500 159
0.247982 -0.508533 -290224559727997.687500 139
