-0.903483 -0.146108 -8673805943211522306497103726357851930624.000000 5
-0.992115 -0.125333 76922911984046527484525628213376046858240.000000 1
-0.968583 -0.248690 -8815572520254128522131723869255628750848.000000 2
-0.929776 -0.368125 701726543345455068932529810586631929856.000000 3
-0.847640 -0.274036 2506488545858227534704604739073474560000.000000 11
-0.968583 -0.248690 -8815572520254128522131723869255628750848.000000 2
-0.838383 -0.043527 2805483734832442317006408188992807763968.000000 12
-1.000000 -0.000000 -6658214860636240246922131188577292255232.000000 4
-0.903483 -0.146108 -8673805943211522306497103726357851930624.000000 5
-0.791796 -0.401964 -534637327949640488097595204577626423296.000000 10
-0.876307 -0.481754 56620920477314090504036204978404065280.000000 6
-0.735953 -0.529892 64046335636944203932413861825634893824.000000 15
-0.664439 -0.453191 242215370680282325674924170496564002816.000000 20
-0.592925 -0.376490 45100457280067537233049839459870179328.000000 33
-0.680489 -0.312940 -501709914571788413102253377556647510016.000000 21
-0.616669 -0.529062 -49159102294931504734141784881918640128.000000 25
-0.664439 -0.453191 242215370680282325674924170496564002816.000000 20
-0.735953 -0.529892 64046335636944203932413861825634893824.000000 15
-0.616669 -0.529062 -49159102294931504734141784881918640128.000000 25
-0.592925 -0.376490 45100457280067537233049839459870179328.000000 33
-0.664439 -0.453191 242215370680282325674924170496564002816.000000 20
-0.847640 -0.274036 2506488545858227534704604739073474560000.000000 11
-0.929776 -0.368125 701726543345455068932529810586631929856.000000 3
-0.791796 -0.401964 -534637327949640488097595204577626423296.000000 10
-0.577982 0.366799 2281285722782167961153430220676530176.000000 58
-0.479568 0.320346 -1188554828504404361864849714879397888.000000 75
-0.512882 0.469380 -437683792525767138968194231425826816.000000 77
-0.381154 0.273894 -1246028943154276786670169360642867200.000000 78
-0.528266 0.210023 5252983400342622139080265920214466560.000000 59
-0.413450 0.155828 2572958830213901876791777650643304448.000000 60
-0.389865 0.411315 394726261824604802272031993283739648.000000 95
-0.479568 0.320346 -1188554828504404361864849714879397888.000000 75
-0.381154 0.273894 -1246028943154276786670169360642867200.000000 78
-0.250954 0.479057 -82565401072133815725168400724393984.000000 114
-0.389865 0.411315 394726261824604802272031993283739648.000000 95
-0.266847 0.353249 143132303341237682078845119439568896.000000 98
-0.349368 0.525509 -79463215455160014709904363812290560.000000 113
-0.447782 0.571962 108120274377596715775233113397919744.000000 97
-0.389865 0.411315 394726261824604802272031993283739648.000000 95
-0.577982 0.366799 2281285722782167961153430220676530176.000000 58
-0.528266 0.210023 5252983400342622139080265920214466560.000000 59
-0.479568 0.320346 -1188554828504404361864849714879397888.000000 75
-0.080876 0.156675 -10427198478691118508771716068540416.000000 110
-0.042554 0.274619 19429207475773447003628804652400640.000000 117
-0.162647 0.251030 -90179738431095743215381348228268032.000000 99
-0.189755 0.129154 288665204185452566520311357919723520.000000 93
-0.080876 0.156675 -10427198478691118508771716068540416.000000 110
-0.162647 0.251030 -90179738431095743215381348228268032.000000 99
-0.282741 0.227442 100712362986273671854252715877072896.000000 79
-0.189755 0.129154 288665204185452566520311357919723520.000000 93
-0.162647 0.251030 -90179738431095743215381348228268032.000000 99
-0.298634 0.101634 -2329081434291947679742170421375533056.000000 73
-0.216863 0.007278 853018146539848757622747407759441920.000000 80
-0.189755 0.129154 288665204185452566520311357919723520.000000 93
0.198854 -0.161776 1103293331702971706412844042944512.000000 141
0.078503 -0.051694 -3035459477060937131785206439608320.000000 122
0.067288 -0.173570 -13571401261190317936383698346704896.000000 121
0.125317 0.034143 -6559136669907569428387934213505024.000000 128
0.020079 0.059698 30047376476442011306352713941385216.000000 118
0.078503 -0.051694 -3035459477060937131785206439608320.000000 122
0.196515 -0.037934 1302423041415909203176825718571008.000000 140
0.125317 0.034143 -6559136669907569428387934213505024.000000 128
0.078503 -0.051694 -3035459477060937131785206439608320.000000 122
0.172130 0.119981 -3162508536261873221979157978677248.000000 137
0.020079 0.059698 30047376476442011306352713941385216.000000 118
0.125317 0.034143 -6559136669907569428387934213505024.000000 128
0.282741 0.227442 178640608305307542723668874362880.000000 155
0.172130 0.119981 -3162508536261873221979157978677248.000000 137
0.298634 0.101634 373236110463830377581197928693760.000000 156
0.282741 0.227442 178640608305307542723668874362880.000000 155
0.163714 0.327039 -397400145004801251703233349419008.000000 153
0.167922 0.223510 2412106874750350854774754191081472.000000 147
-0.080876 0.156675 -10427198478691118508771716068540416.000000 110
-0.119199 0.038730 -154910384643230064827717186305916928.000000 100
0.020079 0.059698 30047376476442011306352713941385216.000000 118
-0.838383 -0.043527 2805483734832442317006408188992807763968.000000 12
-0.915249 0.040903 480993803382772878975153738214730104832.000000 9
-1.000000 -0.000000 -6658214860636240246922131188577292255232.000000 4
-0.903483 -0.146108 -8673805943211522306497103726357851930624.000000 5
-1.000000 -0.000000 -6658214860636240246922131188577292255232.000000 4
-0.992115 -0.125333 76922911984046527484525628213376046858240.000000 1
-0.362206 -0.401597 2329777859070343163976762357503229952.000000 53
-0.378100 -0.527404 -1752558295648249242398889623777443840.000000 52
-0.272489 -0.433048 106927541060410940310915109424726016.000000 67
-0.847640 -0.274036 2506488545858227534704604739073474560000.000000 11
-0.903483 -0.146108 -8673805943211522306497103726357851930624.000000 5
-0.968583 -0.248690 -8815572520254128522131723869255628750848.000000 2
-0.847640 -0.274036 2506488545858227534704604739073474560000.000000 11
-0.792049 -0.172045 602681817329793705772723214918589874176.000000 13
-0.903483 -0.146108 -8673805943211522306497103726357851930624.000000 5
-0.876307 -0.481754 56620920477314090504036204978404065280.000000 6
-0.791796 -0.401964 -534637327949640488097595204577626423296.000000 10
-0.929776 -0.368125 701726543345455068932529810586631929856.000000 3
-0.664439 -0.453191 242215370680282325674924170496564002816.000000 20
-0.791796 -0.401964 -534637327949640488097595204577626423296.000000 10
-0.735953 -0.529892 64046335636944203932413861825634893824.000000 15
-0.680615 -0.197981 66415496823188055562698414826612326400.000000 22
-0.680489 -0.312940 -501709914571788413102253377556647510016.000000 21
-0.569181 -0.223917 58486813467852800658649352204594446336.000000 34
-0.680615 -0.197981 66415496823188055562698414826612326400.000000 22
-0.792049 -0.172045 602681817329793705772723214918589874176.000000 13
-0.680489 -0.312940 -501709914571788413102253377556647510016.000000 21
-0.515073 -0.029496 -44060328155746361552724989407949488128.000000 39
-0.441136 -0.097722 -1046299685003000550740865022089494528.000000 50
-0.445745 0.037763 10543075887092693251623036420362338304.000000 54
-0.330420 -0.149981 2003123403144599627226349494884892672.000000 66
-0.469331 -0.217723 -14051884642003885323470727313893621760.000000 49
-0.346313 -0.275789 4954008563531660879475241176973443072.000000 64
-0.838383 -0.043527 2805483734832442317006408188992807763968.000000 12
-0.903483 -0.146108 -8673805943211522306497103726357851930624.000000 5
-0.792049 -0.172045 602681817329793705772723214918589874176.000000 13
-0.735953 -0.529892 64046335636944203932413861825634893824.000000 15
-0.809017 -0.587785 -42640577051083911140755697458019827712.000000 7
-0.728969 -0.684547 -13965756750950722254358208965056135168.000000 14
-0.346313 -0.275789 4954008563531660879475241176973443072.000000 64
-0.469331 -0.217723 -14051884642003885323470727313893621760.000000 49
-0.443723 -0.339315 -20725027902440473047158746522568359936.000000 48
-0.876307 -0.481754 56620920477314090504036204978404065280.000000 6
-0.809017 -0.587785 -42640577051083911140755697458019827712.000000 7
-0.735953 -0.529892 64046335636944203932413861825634893824.000000 15
-0.309017 0.951057 -1595898986733212362733603069624320.000000 148
-0.317582 0.777124 3137685019244983707372429554745344.000000 131
-0.203275 0.856480 -88392937679481971256987167490048.000000 149
-0.915249 0.040903 480993803382772878975153738214730104832.000000 9
-0.992115 0.125333 651375836290114698419767258268569698304.000000 8
-1.000000 -0.000000 -6658214860636240246922131188577292255232.000000 4
-0.773283 0.059054 -432611780156014872962639110037863137280.000000 18
-0.915249 0.040903 480993803382772878975153738214730104832.000000 9
-0.838383 -0.043527 2805483734832442317006408188992807763968.000000 12
-0.773283 0.059054 -432611780156014872962639110037863137280.000000 18
-0.838383 0.205163 -130077727791629420192260456944521707520.000000 17
-0.915249 0.040903 480993803382772878975153738214730104832.000000 9
-0.317582 0.777124 3137685019244983707372429554745344.000000 131
-0.309017 0.951057 -1595898986733212362733603069624320.000000 148
-0.425779 0.904827 2311580976637461081636012883443712.000000 130
-0.447782 0.737755 -8386614381443776550097499155595264.000000 112
-0.425779 0.904827 2311580976637461081636012883443712.000000 130
-0.535827 0.844328 -2668251105315542807567827906592768.000000 111
-0.992115 0.125333 651375836290114698419767258268569698304.000000 8
-0.915249 0.040903 480993803382772878975153738214730104832.000000 9
-0.838383 0.205163 -130077727791629420192260456944521707520.000000 17
-0.382682 0.674543 -12402263114242496432029088236961792.000000 115
-0.447782 0.571962 108120274377596715775233113397919744.000000 97
-0.349368 0.525509 -79463215455160014709904363812290560.000000 113
-0.425779 0.904827 2311580976637461081636012883443712.000000 130
-0.447782 0.737755 -8386614381443776550097499155595264.000000 112
-0.317582 0.777124 3137685019244983707372429554745344.000000 131
-0.382682 0.674543 -12402263114242496432029088236961792.000000 115
-0.349368 0.525509 -79463215455160014709904363812290560.000000 113
-0.235061 0.604864 25815503441140480959294407935262720.000000 132
-0.816683 0.308437 27000683849784059157646124524052152320.000000 27
-0.968583 0.248690 -84370698555232306388635904091032125440.000000 16
-0.838383 0.205163 -130077727791629420192260456944521707520.000000 17
-0.816683 0.308437 27000683849784059157646124524052152320.000000 27
-0.929776 0.368125 8279087284461326031967499619659677696.000000 26
-0.968583 0.248690 -84370698555232306388635904091032125440.000000 16
-0.708183 0.161636 61076416604828920011672087991441948672.000000 28
-0.816683 0.308437 27000683849784059157646124524052152320.000000 27
-0.838383 0.205163 -130077727791629420192260456944521707520.000000 17
-0.794983 0.411712 -4842334657881038309385340265043066880.000000 41
-0.929776 0.368125 8279087284461326031967499619659677696.000000 26
-0.816683 0.308437 27000683849784059157646124524052152320.000000 27
-0.314527 -0.024174 -1930646113719222646318458448119857152.000000 65
-0.330420 -0.149981 2003123403144599627226349494884892672.000000 66
-0.157522 -0.079215 13408045727955550846934564906991616.000000 85
-0.080876 0.156675 -10427198478691118508771716068540416.000000 110
-0.189755 0.129154 288665204185452566520311357919723520.000000 93
-0.119199 0.038730 -154910384643230064827717186305916928.000000 100
-0.576964 0.099699 -26688013103983296671690403103784304640.000000 44
-0.528266 0.210023 5252983400342622139080265920214466560.000000 59
-0.643082 0.264217 -5844542541634873206370113449229287424.000000 43
-0.773283 0.059054 -432611780156014872962639110037863137280.000000 18
-0.658594 0.038247 168632058475575319447251688917743697920.000000 29
-0.708183 0.161636 61076416604828920011672087991441948672.000000 28
-0.445745 0.037763 10543075887092693251623036420362338304.000000 54
-0.413450 0.155828 2572958830213901876791777650643304448.000000 60
-0.576964 0.099699 -26688013103983296671690403103784304640.000000 44
-0.216863 0.007278 853018146539848757622747407759441920.000000 80
-0.298634 0.101634 -2329081434291947679742170421375533056.000000 73
-0.314527 -0.024174 -1930646113719222646318458448119857152.000000 65
-0.157522 -0.079215 13408045727955550846934564906991616.000000 85
-0.216863 0.007278 853018146539848757622747407759441920.000000 80
-0.314527 -0.024174 -1930646113719222646318458448119857152.000000 65
-0.119199 0.038730 -154910384643230064827717186305916928.000000 100
-0.189755 0.129154 288665204185452566520311357919723520.000000 93
-0.216863 0.007278 853018146539848757622747407759441920.000000 80
-0.576964 0.099699 -26688013103983296671690403103784304640.000000 44
-0.643082 0.264217 -5844542541634873206370113449229287424.000000 43
-0.708183 0.161636 61076416604828920011672087991441948672.000000 28
-0.413450 0.155828 2572958830213901876791777650643304448.000000 60
-0.528266 0.210023 5252983400342622139080265920214466560.000000 59
-0.576964 0.099699 -26688013103983296671690403103784304640.000000 44
-0.298634 0.101634 -2329081434291947679742170421375533056.000000 73
-0.413450 0.155828 2572958830213901876791777650643304448.000000 60
-0.445745 0.037763 10543075887092693251623036420362338304.000000 54
-0.298634 0.101634 -2329081434291947679742170421375533056.000000 73
-0.282741 0.227442 100712362986273671854252715877072896.000000 79
-0.413450 0.155828 2572958830213901876791777650643304448.000000 60
-0.381154 0.273894 -1246028943154276786670169360642867200.000000 78
-0.266847 0.353249 143132303341237682078845119439568896.000000 98
-0.389865 0.411315 394726261824604802272031993283739648.000000 95
-0.381154 0.273894 -1246028943154276786670169360642867200.000000 78
-0.282741 0.227442 100712362986273671854252715877072896.000000 79
-0.266847 0.353249 143132303341237682078845119439568896.000000 98
-0.528266 0.210023 5252983400342622139080265920214466560.000000 59
-0.381154 0.273894 -1246028943154276786670169360642867200.000000 78
-0.479568 0.320346 -1188554828504404361864849714879397888.000000 75
-0.413450 0.155828 2572958830213901876791777650643304448.000000 60
-0.282741 0.227442 100712362986273671854252715877072896.000000 79
-0.381154 0.273894 -1246028943154276786670169360642867200.000000 78
-0.577982 0.366799 2281285722782167961153430220676530176.000000 58
-0.643082 0.264217 -5844542541634873206370113449229287424.000000 43
-0.528266 0.210023 5252983400342622139080265920214466560.000000 59
-0.577982 0.366799 2281285722782167961153430220676530176.000000 58
-0.610532 0.481301 2509730299644987698253297104132767744.000000 57
-0.719033 0.337964 -13099583494384373074125832119195271168.000000 42
-0.621382 0.574733 -464342310357544265668698072753897472.000000 76
-0.708183 0.493222 2905841507536436501040471079290667008.000000 56
-0.610532 0.481301 2509730299644987698253297104132767744.000000 57
-0.719033 0.337964 -13099583494384373074125832119195271168.000000 42
-0.816683 0.308437 27000683849784059157646124524052152320.000000 27
-0.708183 0.161636 61076416604828920011672087991441948672.000000 28
-0.577982 0.366799 2281285722782167961153430220676530176.000000 58
-0.719033 0.337964 -13099583494384373074125832119195271168.000000 42
-0.643082 0.264217 -5844542541634873206370113449229287424.000000 43
-0.794983 0.411712 -4842334657881038309385340265043066880.000000 41
-0.816683 0.308437 27000683849784059157646124524052152320.000000 27
-0.719033 0.337964 -13099583494384373074125832119195271168.000000 42
-0.708183 0.493222 2905841507536436501040471079290667008.000000 56
-0.794983 0.411712 -4842334657881038309385340265043066880.000000 41
-0.719033 0.337964 -13099583494384373074125832119195271168.000000 42
-0.610532 0.481301 2509730299644987698253297104132767744.000000 57
-0.708183 0.493222 2905841507536436501040471079290667008.000000 56
-0.719033 0.337964 -13099583494384373074125832119195271168.000000 42
-0.512882 0.469380 -437683792525767138968194231425826816.000000 77
-0.610532 0.481301 2509730299644987698253297104132767744.000000 57
-0.577982 0.366799 2281285722782167961153430220676530176.000000 58
-0.512882 0.469380 -437683792525767138968194231425826816.000000 77
-0.621382 0.574733 -464342310357544265668698072753897472.000000 76
-0.610532 0.481301 2509730299644987698253297104132767744.000000 57
-0.621382 0.574733 -464342310357544265668698072753897472.000000 76
-0.809017 0.587785 -723226675459096057107087048195440640.000000 55
-0.708183 0.493222 2905841507536436501040471079290667008.000000 56
-0.876307 0.481754 -669528117547644545982292596747141120.000000 40
-0.929776 0.368125 8279087284461326031967499619659677696.000000 26
-0.794983 0.411712 -4842334657881038309385340265043066880.000000 41
-0.445745 0.037763 10543075887092693251623036420362338304.000000 54
-0.441136 -0.097722 -1046299685003000550740865022089494528.000000 50
-0.314527 -0.024174 -1930646113719222646318458448119857152.000000 65
-0.838383 0.205163 -130077727791629420192260456944521707520.000000 17
-0.773283 0.059054 -432611780156014872962639110037863137280.000000 18
-0.708183 0.161636 61076416604828920011672087991441948672.000000 28
-0.643082 0.264217 -5844542541634873206370113449229287424.000000 43
-0.719033 0.337964 -13099583494384373074125832119195271168.000000 42
-0.708183 0.161636 61076416604828920011672087991441948672.000000 28
-0.968583 0.248690 -84370698555232306388635904091032125440.000000 16
-0.992115 0.125333 651375836290114698419767258268569698304.000000 8
-0.838383 0.205163 -130077727791629420192260456944521707520.000000 17
-0.515073 -0.029496 -44060328155746361552724989407949488128.000000 39
-0.576964 0.099699 -26688013103983296671690403103784304640.000000 44
-0.658594 0.038247 168632058475575319447251688917743697920.000000 29
-0.441136 -0.097722 -1046299685003000550740865022089494528.000000 50
-0.515073 -0.029496 -44060328155746361552724989407949488128.000000 39
-0.584401 -0.096754 44417585460525469922236898971328970752.000000 35
-0.445745 0.037763 10543075887092693251623036420362338304.000000 54
-0.576964 0.099699 -26688013103983296671690403103784304640.000000 44
-0.515073 -0.029496 -44060328155746361552724989407949488128.000000 39
-0.794983 0.411712 -4842334657881038309385340265043066880.000000 41
-0.708183 0.493222 2905841507536436501040471079290667008.000000 56
-0.876307 0.481754 -669528117547644545982292596747141120.000000 40
-0.447782 0.571962 108120274377596715775233113397919744.000000 97
-0.534582 0.656244 53047100608061904383960687912681472.000000 96
-0.621382 0.574733 -464342310357544265668698072753897472.000000 76
-0.389865 0.411315 394726261824604802272031993283739648.000000 95
-0.447782 0.571962 108120274377596715775233113397919744.000000 97
-0.512882 0.469380 -437683792525767138968194231425826816.000000 77
-0.479568 0.320346 -1188554828504404361864849714879397888.000000 75
-0.389865 0.411315 394726261824604802272031993283739648.000000 95
-0.512882 0.469380 -437683792525767138968194231425826816.000000 77
-0.250954 0.479057 -82565401072133815725168400724393984.000000 114
-0.235061 0.604864 25815503441140480959294407935262720.000000 132
-0.349368 0.525509 -79463215455160014709904363812290560.000000 113
-0.382682 0.674543 -12402263114242496432029088236961792.000000 115
-0.534582 0.656244 53047100608061904383960687912681472.000000 96
-0.447782 0.571962 108120274377596715775233113397919744.000000 97
-0.728969 0.684547 357899427935008122091110088396767232.000000 74
-0.809017 0.587785 -723226675459096057107087048195440640.000000 55
-0.621382 0.574733 -464342310357544265668698072753897472.000000 76
-0.447782 0.737755 -8386614381443776550097499155595264.000000 112
-0.382682 0.674543 -12402263114242496432029088236961792.000000 115
-0.317582 0.777124 3137685019244983707372429554745344.000000 131
-0.534582 0.656244 53047100608061904383960687912681472.000000 96
-0.447782 0.737755 -8386614381443776550097499155595264.000000 112
-0.535827 0.844328 -2668251105315542807567827906592768.000000 111
-0.534582 0.656244 53047100608061904383960687912681472.000000 96
-0.382682 0.674543 -12402263114242496432029088236961792.000000 115
-0.447782 0.737755 -8386614381443776550097499155595264.000000 112
-0.728969 0.684547 357899427935008122091110088396767232.000000 74
-0.631775 0.670396 28538959189902788509950017854767104.000000 92
-0.637424 0.770513 -71218171470310337995948283985395712.000000 94
-0.621382 0.574733 -464342310357544265668698072753897472.000000 76
-0.512882 0.469380 -437683792525767138968194231425826816.000000 77
-0.447782 0.571962 108120274377596715775233113397919744.000000 97
-0.631775 0.670396 28538959189902788509950017854767104.000000 92
-0.534582 0.656244 53047100608061904383960687912681472.000000 96
-0.637424 0.770513 -71218171470310337995948283985395712.000000 94
-0.621382 0.574733 -464342310357544265668698072753897472.000000 76
-0.631775 0.670396 28538959189902788509950017854767104.000000 92
-0.728969 0.684547 357899427935008122091110088396767232.000000 74
-0.621382 0.574733 -464342310357544265668698072753897472.000000 76
-0.534582 0.656244 53047100608061904383960687912681472.000000 96
-0.631775 0.670396 28538959189902788509950017854767104.000000 92
0.794983 0.411712 -278130859873041671046014435328.000000 236
0.929776 0.368125 -277015263081651657507268984832.000000 237
0.876307 0.481754 602451287127122641928604090368.000000 242
0.708183 0.493222 -839625287180914407845843173376.000000 238
0.794983 0.411712 -278130859873041671046014435328.000000 236
0.876307 0.481754 602451287127122641928604090368.000000 242
0.610532 0.481301 1437545172055243725097930850304.000000 223
0.577982 0.366799 -2445511506432241052201991012352.000000 208
0.719033 0.337964 898773647648523467580439003136.000000 222
0.349368 0.525509 45170726632763575987449456754688.000000 189
0.512882 0.469380 -9442572803337270146153444278272.000000 207
0.447782 0.571962 -13362681818635439381304081121280.000000 205
0.349368 0.525509 45170726632763575987449456754688.000000 189
0.422415 0.360024 10742108498871000817931617566720.000000 190
0.512882 0.469380 -9442572803337270146153444278272.000000 207
0.445745 0.037763 -13395235359585594402554173718528.000000 170
0.314527 -0.024174 -294630240612051491804395966824448.000000 157
0.441136 -0.097722 121748863234928103832534520954880.000000 175
0.643082 0.264217 -4627642159232196969296373481472.000000 206
0.522968 0.251959 12178693318778347293536340148224.000000 191
0.571666 0.141635 18504729824308383395191931797504.000000 188
0.794983 0.245918 963068937951200107980256182272.000000 220
0.719033 0.337964 898773647648523467580439003136.000000 222
0.643082 0.264217 -4627642159232196969296373481472.000000 206
0.870933 0.153872 451781761123909597635295576064.000000 219
0.794983 0.245918 963068937951200107980256182272.000000 220
0.708183 0.161636 -3237264079008714052690388189184.000000 204
0.870933 0.153872 451781761123909597635295576064.000000 219
0.968583 0.248690 -406280158026512193342316478464.000000 230
0.794983 0.245918 963068937951200107980256182272.000000 220
0.577982 0.366799 -2445511506432241052201991012352.000000 208
0.422415 0.360024 10742108498871000817931617566720.000000 190
0.522968 0.251959 12178693318778347293536340148224.000000 191
0.040329 0.180264 -6353151886208662833524448952320000.000000 129
0.167922 0.223510 2412106874750350854774754191081472.000000 147
0.060580 0.300829 -1560625490666561106516883030409216.000000 136
0.794983 0.245918 963068937951200107980256182272.000000 220
0.643082 0.264217 -4627642159232196969296373481472.000000 206
0.708183 0.161636 -3237264079008714052690388189184.000000 204
0.708183 0.493222 -839625287180914407845843173376.000000 238
0.719033 0.337964 898773647648523467580439003136.000000 222
0.794983 0.411712 -278130859873041671046014435328.000000 236
0.577982 0.366799 -2445511506432241052201991012352.000000 208
0.643082 0.264217 -4627642159232196969296373481472.000000 206
0.719033 0.337964 898773647648523467580439003136.000000 222
0.915249 0.040903 -68871662498332584856791285760.000000 228
0.773283 0.059054 233910881177044397955951362048.000000 215
0.838383 -0.043527 -782590341189542295722554032128.000000 225
1.000000 -0.000000 532026841004354719444373602304.000000 240
0.915249 0.040903 -68871662498332584856791285760.000000 228
0.838383 -0.043527 -782590341189542295722554032128.000000 225
0.992115 0.125333 -137529232644006140889721208832.000000 233
0.968583 0.248690 -406280158026512193342316478464.000000 230
0.870933 0.153872 451781761123909597635295576064.000000 219
0.794983 0.245918 963068937951200107980256182272.000000 220
0.929776 0.368125 -277015263081651657507268984832.000000 237
0.794983 0.411712 -278130859873041671046014435328.000000 236
0.062791 0.998027 -13304410529820083915681737736192.000000 198
0.023973 0.872212 -4167373123762674899538115821568.000000 184
0.187381 0.982287 -18452245061447463112903755825152.000000 199
0.425779 0.904827 3070236720199825416986019495936.000000 216
0.309017 0.951057 -28748782941567689299568720084992.000000 214
0.360982 0.819266 12554026581770489092067370729472.000000 203
0.309017 0.951057 -28748782941567689299568720084992.000000 214
0.203275 0.856480 74739873059470706424874054713344.000000 200
0.360982 0.819266 12554026581770489092067370729472.000000 203
0.382682 0.674543 36773042355329281173591181754368.000000 202
0.447782 0.737755 -8947051926151653310386078220288.000000 218
0.360982 0.819266 12554026581770489092067370729472.000000 203
0.512882 0.469380 -9442572803337270146153444278272.000000 207
0.621382 0.574733 3917767213247657529016405983232.000000 221
0.447782 0.571962 -13362681818635439381304081121280.000000 205
0.719033 0.337964 898773647648523467580439003136.000000 222
0.708183 0.493222 -839625287180914407845843173376.000000 238
0.610532 0.481301 1437545172055243725097930850304.000000 223
0.809017 0.587785 -924955747875274474683692482560.000000 235
0.728969 0.684547 -1264844952271507521191211433984.000000 234
0.621382 0.574733 3917767213247657529016405983232.000000 221
0.621382 0.574733 3917767213247657529016405983232.000000 221
0.534582 0.656244 -2737407937572084412130915254272.000000 217
0.447782 0.571962 -13362681818635439381304081121280.000000 205
0.809017 0.587785 -924955747875274474683692482560.000000 235
0.621382 0.574733 3917767213247657529016405983232.000000 221
0.708183 0.493222 -839625287180914407845843173376.000000 238
0.631775 0.670396 -55609045243324638840242569216.000000 229
0.534582 0.656244 -2737407937572084412130915254272.000000 217
0.621382 0.574733 3917767213247657529016405983232.000000 221
0.728969 0.684547 -1264844952271507521191211433984.000000 234
0.631775 0.670396 -55609045243324638840242569216.000000 229
0.621382 0.574733 3917767213247657529016405983232.000000 221
0.728969 0.684547 -1264844952271507521191211433984.000000 234
0.637424 0.770513 400490496863988904051018301440.000000 231
0.631775 0.670396 -55609045243324638840242569216.000000 229
0.447782 0.737755 -8947051926151653310386078220288.000000 218
0.425779 0.904827 3070236720199825416986019495936.000000 216
0.360982 0.819266 12554026581770489092067370729472.000000 203
0.794983 0.245918 963068937951200107980256182272.000000 220
0.794983 0.411712 -278130859873041671046014435328.000000 236
0.719033 0.337964 898773647648523467580439003136.000000 222
0.610532 0.481301 1437545172055243725097930850304.000000 223
0.621382 0.574733 3917767213247657529016405983232.000000 221
0.512882 0.469380 -9442572803337270146153444278272.000000 207
0.577982 0.366799 -2445511506432241052201991012352.000000 208
0.610532 0.481301 1437545172055243725097930850304.000000 223
0.512882 0.469380 -9442572803337270146153444278272.000000 207
0.708183 0.493222 -839625287180914407845843173376.000000 238
0.621382 0.574733 3917767213247657529016405983232.000000 221
0.610532 0.481301 1437545172055243725097930850304.000000 223
0.637424 0.770513 400490496863988904051018301440.000000 231
0.534582 0.656244 -2737407937572084412130915254272.000000 217
0.631775 0.670396 -55609045243324638840242569216.000000 229
0.637424 0.770513 400490496863988904051018301440.000000 231
0.535827 0.844328 3198785679459629420432882401280.000000 232
0.534582 0.656244 -2737407937572084412130915254272.000000 217
0.235061 0.604864 -99334086731266605395980685672448.000000 186
0.219168 0.730672 -130939167588678761704649591357440.000000 187
0.072414 0.628453 1079361928667447623396864213123072.000000 169
0.447782 0.737755 -8947051926151653310386078220288.000000 218
0.535827 0.844328 3198785679459629420432882401280.000000 232
0.425779 0.904827 3070236720199825416986019495936.000000 216
0.534582 0.656244 -2737407937572084412130915254272.000000 217
0.447782 0.737755 -8947051926151653310386078220288.000000 218
0.382682 0.674543 36773042355329281173591181754368.000000 202
0.534582 0.656244 -2737407937572084412130915254272.000000 217
0.535827 0.844328 3198785679459629420432882401280.000000 232
0.447782 0.737755 -8947051926151653310386078220288.000000 218
-0.135539 0.372907 472445726720785087902577560911872.000000 116
-0.250954 0.479057 -82565401072133815725168400724393984.000000 114
-0.266847 0.353249 143132303341237682078845119439568896.000000 98
0.060580 0.300829 -1560625490666561106516883030409216.000000 136
-0.004231 0.392564 -4989331917669829300283296637255680.000000 135
-0.042554 0.274619 19429207475773447003628804652400640.000000 117
0.040329 0.180264 -6353151886208662833524448952320000.000000 129
0.060580 0.300829 -1560625490666561106516883030409216.000000 136
-0.042554 0.274619 19429207475773447003628804652400640.000000 117
0.163714 0.327039 -397400145004801251703233349419008.000000 153
0.123361 0.435810 1136598341959005556247293438459904.000000 154
0.060580 0.300829 -1560625490666561106516883030409216.000000 136
-0.080876 0.156675 -10427198478691118508771716068540416.000000 110
0.020079 0.059698 30047376476442011306352713941385216.000000 118
0.040329 0.180264 -6353151886208662833524448952320000.000000 129
0.266847 0.353249 -115802089383587982973705625010176.000000 172
0.250954 0.479057 -159720019649058426552501546254336.000000 171
0.123361 0.435810 1136598341959005556247293438459904.000000 154
-0.108431 0.494783 11266153368016975422199910744719360.000000 133
-0.250954 0.479057 -82565401072133815725168400724393984.000000 114
-0.135539 0.372907 472445726720785087902577560911872.000000 116
-0.004231 0.392564 -4989331917669829300283296637255680.000000 135
-0.108431 0.494783 11266153368016975422199910744719360.000000 133
-0.135539 0.372907 472445726720785087902577560911872.000000 116
0.034091 0.510509 -439830964685630943775079236894720.000000 151
0.072414 0.628453 1079361928667447623396864213123072.000000 169
-0.081324 0.616659 -5839543618905216213163600217374720.000000 152
0.034091 0.510509 -439830964685630943775079236894720.000000 151
0.123361 0.435810 1136598341959005556247293438459904.000000 154
0.134576 0.557687 -296030507290313907417699783278592.000000 168
0.381154 0.273894 2604619716780218249859047620608.000000 173
0.266847 0.353249 -115802089383587982973705625010176.000000 172
0.282741 0.227442 178640608305307542723668874362880.000000 155
0.413450 0.155828 -90642971342321823098775602724864.000000 174
0.445745 0.037763 -13395235359585594402554173718528.000000 170
0.571666 0.141635 18504729824308383395191931797504.000000 188
0.282741 0.227442 178640608305307542723668874362880.000000 155
0.413450 0.155828 -90642971342321823098775602724864.000000 174
0.381154 0.273894 2604619716780218249859047620608.000000 173
0.298634 0.101634 373236110463830377581197928693760.000000 156
0.445745 0.037763 -13395235359585594402554173718528.000000 170
0.413450 0.155828 -90642971342321823098775602724864.000000 174
0.577982 0.366799 -2445511506432241052201991012352.000000 208
0.512882 0.469380 -9442572803337270146153444278272.000000 207
0.422415 0.360024 10742108498871000817931617566720.000000 190
0.134576 0.557687 -296030507290313907417699783278592.000000 168
0.235061 0.604864 -99334086731266605395980685672448.000000 186
0.072414 0.628453 1079361928667447623396864213123072.000000 169
0.034091 0.510509 -439830964685630943775079236894720.000000 151
0.134576 0.557687 -296030507290313907417699783278592.000000 168
0.072414 0.628453 1079361928667447623396864213123072.000000 169
0.123361 0.435810 1136598341959005556247293438459904.000000 154
0.250954 0.479057 -159720019649058426552501546254336.000000 171
0.134576 0.557687 -296030507290313907417699783278592.000000 168
0.422415 0.360024 10742108498871000817931617566720.000000 190
0.349368 0.525509 45170726632763575987449456754688.000000 189
0.266847 0.353249 -115802089383587982973705625010176.000000 172
0.349368 0.525509 45170726632763575987449456754688.000000 189
0.235061 0.604864 -99334086731266605395980685672448.000000 186
0.250954 0.479057 -159720019649058426552501546254336.000000 171
0.266847 0.353249 -115802089383587982973705625010176.000000 172
0.349368 0.525509 45170726632763575987449456754688.000000 189
0.250954 0.479057 -159720019649058426552501546254336.000000 171
0.447782 0.571962 -13362681818635439381304081121280.000000 205
0.382682 0.674543 36773042355329281173591181754368.000000 202
0.349368 0.525509 45170726632763575987449456754688.000000 189
0.023973 0.872212 -4167373123762674899538115821568.000000 184
0.062791 0.998027 -13304410529820083915681737736192.000000 198
-0.062791 0.998027 81520077356914073927982929412096.000000 182
-0.089651 0.864346 -457842140404942954456595050790912.000000 166
0.023973 0.872212 -4167373123762674899538115821568.000000 184
-0.062791 0.998027 81520077356914073927982929412096.000000 182
-0.187381 0.982287 428976173449180008612704529940480.000000 165
-0.089651 0.864346 -457842140404942954456595050790912.000000 166
-0.062791 0.998027 81520077356914073927982929412096.000000 182
-0.203275 0.856480 -88392937679481971256987167490048.000000 149
-0.109200 0.735914 1662471222239100854884772412915712.000000 150
-0.089651 0.864346 -457842140404942954456595050790912.000000 166
0.000768 0.741156 725220461294619310086137717981184.000000 167
0.110736 0.746398 -311790031059073210901572083515392.000000 183
0.023973 0.872212 -4167373123762674899538115821568.000000 184
0.219168 0.730672 -130939167588678761704649591357440.000000 187
0.110736 0.746398 -311790031059073210901572083515392.000000 183
0.072414 0.628453 1079361928667447623396864213123072.000000 169
0.203275 0.856480 74739873059470706424874054713344.000000 200
0.187381 0.982287 -18452245061447463112903755825152.000000 199
0.023973 0.872212 -4167373123762674899538115821568.000000 184
0.187381 0.982287 -18452245061447463112903755825152.000000 199
0.203275 0.856480 74739873059470706424874054713344.000000 200
0.309017 0.951057 -28748782941567689299568720084992.000000 214
-0.235061 0.604864 25815503441140480959294407935262720.000000 132
-0.250954 0.479057 -82565401072133815725168400724393984.000000 114
-0.108431 0.494783 11266153368016975422199910744719360.000000 133
-0.109200 0.735914 1662471222239100854884772412915712.000000 150
-0.203275 0.856480 -88392937679481971256987167490048.000000 149
-0.219168 0.730672 -2884836151387256450835159950819328.000000 134
0.072414 0.628453 1079361928667447623396864213123072.000000 169
0.000768 0.741156 725220461294619310086137717981184.000000 167
-0.081324 0.616659 -5839543618905216213163600217374720.000000 152
0.000768 0.741156 725220461294619310086137717981184.000000 167
0.023973 0.872212 -4167373123762674899538115821568.000000 184
-0.089651 0.864346 -457842140404942954456595050790912.000000 166
-0.219168 0.730672 -2884836151387256450835159950819328.000000 134
-0.317582 0.777124 3137685019244983707372429554745344.000000 131
-0.382682 0.674543 -12402263114242496432029088236961792.000000 115
-0.108431 0.494783 11266153368016975422199910744719360.000000 133
-0.081324 0.616659 -5839543618905216213163600217374720.000000 152
-0.235061 0.604864 25815503441140480959294407935262720.000000 132
-0.203275 0.856480 -88392937679481971256987167490048.000000 149
-0.317582 0.777124 3137685019244983707372429554745344.000000 131
-0.219168 0.730672 -2884836151387256450835159950819328.000000 134
0.809017 0.587785 -924955747875274474683692482560.000000 235
0.708183 0.493222 -839625287180914407845843173376.000000 238
0.876307 0.481754 602451287127122641928604090368.000000 242
0.469331 -0.217723 -137160861357110326359493261131776.000000 178
0.443723 -0.339315 -281846642630843195306393148063744.000000 177
0.569181 -0.223917 58616930838584682699481751224320.000000 195
0.992115 -0.125333 411040465099507513896839675904.000000 243
0.903483 -0.146108 -1074915880528272855276799918080.000000 239
0.968583 -0.248690 -39728984942094049291832131584.000000 241
0.992115 -0.125333 411040465099507513896839675904.000000 243
1.000000 -0.000000 532026841004354719444373602304.000000 240
0.903483 -0.146108 -1074915880528272855276799918080.000000 239
-0.616669 -0.529062 -49159102294931504734141784881918640128.000000 25
-0.518255 -0.575515 8284314685248773406440533094983270400.000000 36
-0.486789 -0.444362 2264075343606438100505970069729181696.000000 38
-0.728969 -0.684547 -13965756750950722254358208965056135168.000000 14
-0.658410 -0.623625 -1864005980148971285791951350950526976.000000 24
-0.735953 -0.529892 64046335636944203932413861825634893824.000000 15
-0.433694 -0.622226 -1015810467525930167482617126298058752.000000 37
-0.409886 -0.779019 385405696085722567302376606541021184.000000 45
-0.349134 -0.668938 337325237794991967003653078089990144.000000 51
-0.637424 -0.770513 3001793023475020170989142653265772544.000000 19
-0.534148 -0.701322 -1289501663870653622460008929677017088.000000 31
-0.658410 -0.623625 -1864005980148971285791951350950526976.000000 24
-0.637424 -0.770513 3001793023475020170989142653265772544.000000 19
-0.535827 -0.844328 -139585356542448293929566249028681728.000000 30
-0.534148 -0.701322 -1289501663870653622460008929677017088.000000 31
0.664439 -0.453191 -10438679590034561543107774513152.000000 197
0.736206 -0.299972 -20055069172269874794370269446144.000000 212
0.592925 -0.376490 59685054108531420672927094276096.000000 194
0.736206 -0.299972 -20055069172269874794370269446144.000000 212
0.792049 -0.172045 4615846397640406942167901143040.000000 224
0.680615 -0.197981 -8808850136492444714027249041408.000000 209
0.929776 -0.368125 -2360990770330640389464641241088.000000 226
0.847640 -0.274036 2065632101392556291199229493248.000000 227
0.791796 -0.401964 5492001313742451227257856851968.000000 213
0.929776 -0.368125 -2360990770330640389464641241088.000000 226
0.968583 -0.248690 -39728984942094049291832131584.000000 241
0.847640 -0.274036 2065632101392556291199229493248.000000 227
0.715365 -0.101593 911188426151100127593214509056.000000 210
0.584401 -0.096754 -2897768485974549068043400511488.000000 192
0.680615 -0.197981 -8808850136492444714027249041408.000000 209
0.773283 0.059054 233910881177044397955951362048.000000 215
0.715365 -0.101593 911188426151100127593214509056.000000 210
0.838383 -0.043527 -782590341189542295722554032128.000000 225
0.662567 0.006795 1369888471377544544570170146816.000000 201
0.708183 0.161636 -3237264079008714052690388189184.000000 204
0.571666 0.141635 18504729824308383395191931797504.000000 188
-0.592925 -0.376490 45100457280067537233049839459870179328.000000 33
-0.486789 -0.444362 2264075343606438100505970069729181696.000000 38
-0.443723 -0.339315 -20725027902440473047158746522568359936.000000 48
-0.791796 -0.401964 -534637327949640488097595204577626423296.000000 10
-0.664439 -0.453191 242215370680282325674924170496564002816.000000 20
-0.680489 -0.312940 -501709914571788413102253377556647510016.000000 21
-0.616669 -0.529062 -49159102294931504734141784881918640128.000000 25
-0.486789 -0.444362 2264075343606438100505970069729181696.000000 38
-0.592925 -0.376490 45100457280067537233049839459870179328.000000 33
-0.584401 -0.096754 44417585460525469922236898971328970752.000000 35
-0.569181 -0.223917 58486813467852800658649352204594446336.000000 34
-0.469331 -0.217723 -14051884642003885323470727313893621760.000000 49
-0.680489 -0.312940 -501709914571788413102253377556647510016.000000 21
-0.847640 -0.274036 2506488545858227534704604739073474560000.000000 11
-0.791796 -0.401964 -534637327949640488097595204577626423296.000000 10
-0.035536 -0.096906 6017264971319336580176795460960256.000000 104
-0.119199 0.038730 -154910384643230064827717186305916928.000000 100
-0.157522 -0.079215 13408045727955550846934564906991616.000000 85
-0.195844 -0.197159 -1147123706954433470659526246988251136.000000 84
-0.064278 -0.185365 153633405079109102377291133900292096.000000 103
-0.157522 -0.079215 13408045727955550846934564906991616.000000 85
0.196515 -0.037934 1302423041415909203176825718571008.000000 140
0.314527 -0.024174 -294630240612051491804395966824448.000000 157
0.298634 0.101634 373236110463830377581197928693760.000000 156
0.125317 0.034143 -6559136669907569428387934213505024.000000 128
0.196515 -0.037934 1302423041415909203176825718571008.000000 140
0.172130 0.119981 -3162508536261873221979157978677248.000000 137
-0.035536 -0.096906 6017264971319336580176795460960256.000000 104
0.078503 -0.051694 -3035459477060937131785206439608320.000000 122
0.020079 0.059698 30047376476442011306352713941385216.000000 118
-0.035536 -0.096906 6017264971319336580176795460960256.000000 104
0.067288 -0.173570 -13571401261190317936383698346704896.000000 121
0.078503 -0.051694 -3035459477060937131785206439608320.000000 122
0.198854 -0.161776 1103293331702971706412844042944512.000000 141
0.330420 -0.149981 -261043544128898520350316726059008.000000 160
0.196515 -0.037934 1302423041415909203176825718571008.000000 140
0.078503 -0.051694 -3035459477060937131785206439608320.000000 122
0.198854 -0.161776 1103293331702971706412844042944512.000000 141
0.196515 -0.037934 1302423041415909203176825718571008.000000 140
-0.001975 -0.299378 -77257399197411753690687836260401152.000000 107
0.114121 -0.291515 13290053414054429360874485046050816.000000 124
0.067288 -0.173570 -13571401261190317936383698346704896.000000 121
-0.065162 -0.389016 -53299388243317032091303429269356544.000000 106
-0.001975 -0.299378 -77257399197411753690687836260401152.000000 107
-0.118071 -0.307241 403212424012213637490459802305822720.000000 89
-0.145550 -0.426758 112700949666973079279012742021775360.000000 87
-0.065162 -0.389016 -53299388243317032091303429269356544.000000 106
-0.118071 -0.307241 403212424012213637490459802305822720.000000 89
-0.012254 -0.470791 7017924212302443097668783618129920.000000 105
0.108328 -0.414177 16339474611748700339851193953026048.000000 123
-0.065162 -0.389016 -53299388243317032091303429269356544.000000 106
-0.065162 -0.389016 -53299388243317032091303429269356544.000000 106
0.108328 -0.414177 16339474611748700339851193953026048.000000 123
-0.001975 -0.299378 -77257399197411753690687836260401152.000000 107
0.441136 -0.097722 121748863234928103832534520954880.000000 175
0.314527 -0.024174 -294630240612051491804395966824448.000000 157
0.330420 -0.149981 -261043544128898520350316726059008.000000 160
-0.035536 -0.096906 6017264971319336580176795460960256.000000 104
0.020079 0.059698 30047376476442011306352713941385216.000000 118
-0.119199 0.038730 -154910384643230064827717186305916928.000000 100
0.522968 0.251959 12178693318778347293536340148224.000000 191
0.643082 0.264217 -4627642159232196969296373481472.000000 206
0.577982 0.366799 -2445511506432241052201991012352.000000 208
0.381154 0.273894 2604619716780218249859047620608.000000 173
0.522968 0.251959 12178693318778347293536340148224.000000 191
0.422415 0.360024 10742108498871000817931617566720.000000 190
0.266847 0.353249 -115802089383587982973705625010176.000000 172
0.381154 0.273894 2604619716780218249859047620608.000000 173
0.422415 0.360024 10742108498871000817931617566720.000000 190
0.282741 0.227442 178640608305307542723668874362880.000000 155
0.298634 0.101634 373236110463830377581197928693760.000000 156
0.413450 0.155828 -90642971342321823098775602724864.000000 174
0.584401 -0.096754 -2897768485974549068043400511488.000000 192
0.441136 -0.097722 121748863234928103832534520954880.000000 175
0.469331 -0.217723 -137160861357110326359493261131776.000000 178
0.381154 0.273894 2604619716780218249859047620608.000000 173
0.413450 0.155828 -90642971342321823098775602724864.000000 174
0.522968 0.251959 12178693318778347293536340148224.000000 191
0.298634 0.101634 373236110463830377581197928693760.000000 156
0.314527 -0.024174 -294630240612051491804395966824448.000000 157
0.445745 0.037763 -13395235359585594402554173718528.000000 170
0.571666 0.141635 18504729824308383395191931797504.000000 188
0.708183 0.161636 -3237264079008714052690388189184.000000 204
0.643082 0.264217 -4627642159232196969296373481472.000000 206
0.413450 0.155828 -90642971342321823098775602724864.000000 174
0.571666 0.141635 18504729824308383395191931797504.000000 188
0.522968 0.251959 12178693318778347293536340148224.000000 191
0.662567 0.006795 1369888471377544544570170146816.000000 201
0.715365 -0.101593 911188426151100127593214509056.000000 210
0.773283 0.059054 233910881177044397955951362048.000000 215
0.708183 0.161636 -3237264079008714052690388189184.000000 204
0.662567 0.006795 1369888471377544544570170146816.000000 201
0.773283 0.059054 233910881177044397955951362048.000000 215
0.543905 0.017440 -26479257161539940465064628191232.000000 185
0.584401 -0.096754 -2897768485974549068043400511488.000000 192
0.662567 0.006795 1369888471377544544570170146816.000000 201
0.445745 0.037763 -13395235359585594402554173718528.000000 170
0.543905 0.017440 -26479257161539940465064628191232.000000 185
0.571666 0.141635 18504729824308383395191931797504.000000 188
0.445745 0.037763 -13395235359585594402554173718528.000000 170
0.441136 -0.097722 121748863234928103832534520954880.000000 175
0.543905 0.017440 -26479257161539940465064628191232.000000 185
0.794983 0.245918 963068937951200107980256182272.000000 220
0.968583 0.248690 -406280158026512193342316478464.000000 230
0.929776 0.368125 -277015263081651657507268984832.000000 237
0.773283 0.059054 233910881177044397955951362048.000000 215
0.870933 0.153872 451781761123909597635295576064.000000 219
0.708183 0.161636 -3237264079008714052690388189184.000000 204
0.773283 0.059054 233910881177044397955951362048.000000 215
0.915249 0.040903 -68871662498332584856791285760.000000 228
0.870933 0.153872 451781761123909597635295576064.000000 219
0.838383 -0.043527 -782590341189542295722554032128.000000 225
0.903483 -0.146108 -1074915880528272855276799918080.000000 239
1.000000 -0.000000 532026841004354719444373602304.000000 240
0.584401 -0.096754 -2897768485974549068043400511488.000000 192
0.569181 -0.223917 58616930838584682699481751224320.000000 195
0.680615 -0.197981 -8808850136492444714027249041408.000000 209
0.662567 0.006795 1369888471377544544570170146816.000000 201
0.584401 -0.096754 -2897768485974549068043400511488.000000 192
0.715365 -0.101593 911188426151100127593214509056.000000 210
0.543905 0.017440 -26479257161539940465064628191232.000000 185
0.441136 -0.097722 121748863234928103832534520954880.000000 175
0.584401 -0.096754 -2897768485974549068043400511488.000000 192
0.662567 0.006795 1369888471377544544570170146816.000000 201
0.571666 0.141635 18504729824308383395191931797504.000000 188
0.543905 0.017440 -26479257161539940465064628191232.000000 185
0.330420 -0.149981 -261043544128898520350316726059008.000000 160
0.346313 -0.275789 1137233913009596008243557803491328.000000 161
0.469331 -0.217723 -137160861357110326359493261131776.000000 178
0.664439 -0.453191 -10438679590034561543107774513152.000000 197
0.592925 -0.376490 59685054108531420672927094276096.000000 194
0.616669 -0.529062 17343812503006800981155062480896.000000 181
0.735953 -0.529892 -846684907392928934128584228864.000000 196
0.664439 -0.453191 -10438679590034561543107774513152.000000 197
0.616669 -0.529062 17343812503006800981155062480896.000000 181
0.735953 -0.529892 -846684907392928934128584228864.000000 196
0.791796 -0.401964 5492001313742451227257856851968.000000 213
0.664439 -0.453191 -10438679590034561543107774513152.000000 197
0.838383 -0.043527 -782590341189542295722554032128.000000 225
0.715365 -0.101593 911188426151100127593214509056.000000 210
0.792049 -0.172045 4615846397640406942167901143040.000000 224
0.443723 -0.339315 -281846642630843195306393148063744.000000 177
0.346313 -0.275789 1137233913009596008243557803491328.000000 161
0.362206 -0.401597 982828489574654345871074049130496.000000 159
0.584401 -0.096754 -2897768485974549068043400511488.000000 192
0.469331 -0.217723 -137160861357110326359493261131776.000000 178
0.569181 -0.223917 58616930838584682699481751224320.000000 195
0.441136 -0.097722 121748863234928103832534520954880.000000 175
0.330420 -0.149981 -261043544128898520350316726059008.000000 160
0.469331 -0.217723 -137160861357110326359493261131776.000000 178
0.915249 0.040903 -68871662498332584856791285760.000000 228
0.992115 0.125333 -137529232644006140889721208832.000000 233
0.870933 0.153872 451781761123909597635295576064.000000 219
0.219168 0.730672 -130939167588678761704649591357440.000000 187
0.360982 0.819266 12554026581770489092067370729472.000000 203
0.203275 0.856480 74739873059470706424874054713344.000000 200
0.110736 0.746398 -311790031059073210901572083515392.000000 183
0.219168 0.730672 -130939167588678761704649591357440.000000 187
0.203275 0.856480 74739873059470706424874054713344.000000 200
0.235061 0.604864 -99334086731266605395980685672448.000000 186
0.382682 0.674543 36773042355329281173591181754368.000000 202
0.219168 0.730672 -130939167588678761704649591357440.000000 187
0.123361 0.435810 1136598341959005556247293438459904.000000 154
-0.004231 0.392564 -4989331917669829300283296637255680.000000 135
0.060580 0.300829 -1560625490666561106516883030409216.000000 136
-0.081324 0.616659 -5839543618905216213163600217374720.000000 152
-0.108431 0.494783 11266153368016975422199910744719360.000000 133
0.034091 0.510509 -439830964685630943775079236894720.000000 151
0.000768 0.741156 725220461294619310086137717981184.000000 167
-0.109200 0.735914 1662471222239100854884772412915712.000000 150
-0.081324 0.616659 -5839543618905216213163600217374720.000000 152
0.110736 0.746398 -311790031059073210901572083515392.000000 183
0.000768 0.741156 725220461294619310086137717981184.000000 167
0.072414 0.628453 1079361928667447623396864213123072.000000 169
0.110736 0.746398 -311790031059073210901572083515392.000000 183
0.203275 0.856480 74739873059470706424874054713344.000000 200
0.023973 0.872212 -4167373123762674899538115821568.000000 184
-0.219168 0.730672 -2884836151387256450835159950819328.000000 134
-0.235061 0.604864 25815503441140480959294407935262720.000000 132
-0.081324 0.616659 -5839543618905216213163600217374720.000000 152
0.123361 0.435810 1136598341959005556247293438459904.000000 154
0.163714 0.327039 -397400145004801251703233349419008.000000 153
0.266847 0.353249 -115802089383587982973705625010176.000000 172
0.235061 0.604864 -99334086731266605395980685672448.000000 186
0.134576 0.557687 -296030507290313907417699783278592.000000 168
0.250954 0.479057 -159720019649058426552501546254336.000000 171
0.034091 0.510509 -439830964685630943775079236894720.000000 151
-0.004231 0.392564 -4989331917669829300283296637255680.000000 135
0.123361 0.435810 1136598341959005556247293438459904.000000 154
0.382682 0.674543 36773042355329281173591181754368.000000 202
0.360982 0.819266 12554026581770489092067370729472.000000 203
0.219168 0.730672 -130939167588678761704649591357440.000000 187
0.349368 0.525509 45170726632763575987449456754688.000000 189
0.382682 0.674543 36773042355329281173591181754368.000000 202
0.235061 0.604864 -99334086731266605395980685672448.000000 186
0.447782 0.571962 -13362681818635439381304081121280.000000 205
0.534582 0.656244 -2737407937572084412130915254272.000000 217
0.382682 0.674543 36773042355329281173591181754368.000000 202
-0.876307 0.481754 -669528117547644545982292596747141120.000000 40
-0.708183 0.493222 2905841507536436501040471079290667008.000000 56
-0.809017 0.587785 -723226675459096057107087048195440640.000000 55
-0.389865 0.411315 394726261824604802272031993283739648.000000 95
-0.250954 0.479057 -82565401072133815725168400724393984.000000 114
-0.349368 0.525509 -79463215455160014709904363812290560.000000 113
-0.162647 0.251030 -90179738431095743215381348228268032.000000 99
-0.135539 0.372907 472445726720785087902577560911872.000000 116
-0.266847 0.353249 143132303341237682078845119439568896.000000 98
-0.298634 0.101634 -2329081434291947679742170421375533056.000000 73
-0.189755 0.129154 288665204185452566520311357919723520.000000 93
-0.282741 0.227442 100712362986273671854252715877072896.000000 79
-0.042554 0.274619 19429207475773447003628804652400640.000000 117
-0.135539 0.372907 472445726720785087902577560911872.000000 116
-0.162647 0.251030 -90179738431095743215381348228268032.000000 99
-0.108431 0.494783 11266153368016975422199910744719360.000000 133
-0.004231 0.392564 -4989331917669829300283296637255680.000000 135
0.034091 0.510509 -439830964685630943775079236894720.000000 151
-0.282741 0.227442 100712362986273671854252715877072896.000000 79
-0.162647 0.251030 -90179738431095743215381348228268032.000000 99
-0.266847 0.353249 143132303341237682078845119439568896.000000 98
-0.042554 0.274619 19429207475773447003628804652400640.000000 117
-0.004231 0.392564 -4989331917669829300283296637255680.000000 135
-0.135539 0.372907 472445726720785087902577560911872.000000 116
0.167922 0.223510 2412106874750350854774754191081472.000000 147
0.172130 0.119981 -3162508536261873221979157978677248.000000 137
0.282741 0.227442 178640608305307542723668874362880.000000 155
0.060580 0.300829 -1560625490666561106516883030409216.000000 136
0.167922 0.223510 2412106874750350854774754191081472.000000 147
0.163714 0.327039 -397400145004801251703233349419008.000000 153
0.040329 0.180264 -6353151886208662833524448952320000.000000 129
0.172130 0.119981 -3162508536261873221979157978677248.000000 137
0.167922 0.223510 2412106874750350854774754191081472.000000 147
-0.080876 0.156675 -10427198478691118508771716068540416.000000 110
0.040329 0.180264 -6353151886208662833524448952320000.000000 129
-0.042554 0.274619 19429207475773447003628804652400640.000000 117
0.020079 0.059698 30047376476442011306352713941385216.000000 118
0.172130 0.119981 -3162508536261873221979157978677248.000000 137
0.040329 0.180264 -6353151886208662833524448952320000.000000 129
0.282741 0.227442 178640608305307542723668874362880.000000 155
0.266847 0.353249 -115802089383587982973705625010176.000000 172
0.163714 0.327039 -397400145004801251703233349419008.000000 153
-0.534582 0.656244 53047100608061904383960687912681472.000000 96
-0.535827 0.844328 -2668251105315542807567827906592768.000000 111
-0.637424 0.770513 -71218171470310337995948283985395712.000000 94
0.847640 -0.274036 2065632101392556291199229493248.000000 227
0.903483 -0.146108 -1074915880528272855276799918080.000000 239
0.792049 -0.172045 4615846397640406942167901143040.000000 224
0.968583 -0.248690 -39728984942094049291832131584.000000 241
0.903483 -0.146108 -1074915880528272855276799918080.000000 239
0.847640 -0.274036 2065632101392556291199229493248.000000 227
0.791796 -0.401964 5492001313742451227257856851968.000000 213
0.735953 -0.529892 -846684907392928934128584228864.000000 196
0.876307 -0.481754 -1375850163878051943920693149696.000000 211
0.929776 -0.368125 -2360990770330640389464641241088.000000 226
0.791796 -0.401964 5492001313742451227257856851968.000000 213
0.876307 -0.481754 -1375850163878051943920693149696.000000 211
0.592925 -0.376490 59685054108531420672927094276096.000000 194
0.569181 -0.223917 58616930838584682699481751224320.000000 195
0.443723 -0.339315 -281846642630843195306393148063744.000000 177
0.616669 -0.529062 17343812503006800981155062480896.000000 181
0.592925 -0.376490 59685054108531420672927094276096.000000 194
0.486789 -0.444362 -132556563896996066173916660367360.000000 176
0.736206 -0.299972 -20055069172269874794370269446144.000000 212
0.569181 -0.223917 58616930838584682699481751224320.000000 195
0.592925 -0.376490 59685054108531420672927094276096.000000 194
0.847640 -0.274036 2065632101392556291199229493248.000000 227
0.736206 -0.299972 -20055069172269874794370269446144.000000 212
0.791796 -0.401964 5492001313742451227257856851968.000000 213
0.680615 -0.197981 -8808850136492444714027249041408.000000 209
0.569181 -0.223917 58616930838584682699481751224320.000000 195
0.736206 -0.299972 -20055069172269874794370269446144.000000 212
0.378100 -0.527404 63193864022272810108678240731136.000000 158
0.486789 -0.444362 -132556563896996066173916660367360.000000 176
0.362206 -0.401597 982828489574654345871074049130496.000000 159
0.518255 -0.575515 17986415452763626203565512458240.000000 164
0.393993 -0.653212 -41956909172465526003064509562880.000000 146
0.515708 -0.711863 -8077309667991272924662588243968.000000 162
0.486789 -0.444362 -132556563896996066173916660367360.000000 176
0.518255 -0.575515 17986415452763626203565512458240.000000 164
0.616669 -0.529062 17343812503006800981155062480896.000000 181
0.378100 -0.527404 63193864022272810108678240731136.000000 158
0.393993 -0.653212 -41956909172465526003064509562880.000000 146
0.518255 -0.575515 17986415452763626203565512458240.000000 164
0.658410 -0.623625 -5374262642385833649544370323456.000000 179
0.728969 -0.684547 410640883334593292620313657344.000000 180
0.735953 -0.529892 -846684907392928934128584228864.000000 196
0.196515 -0.037934 1302423041415909203176825718571008.000000 140
0.330420 -0.149981 -261043544128898520350316726059008.000000 160
0.314527 -0.024174 -294630240612051491804395966824448.000000 157
-0.195844 -0.197159 -1147123706954433470659526246988251136.000000 84
-0.118071 -0.307241 403212424012213637490459802305822720.000000 89
-0.064278 -0.185365 153633405079109102377291133900292096.000000 103
-0.118071 -0.307241 403212424012213637490459802305822720.000000 89
-0.234167 -0.315104 -1158824917158304534812649293489373184.000000 70
-0.145550 -0.426758 112700949666973079279012742021775360.000000 87
0.210774 -0.256132 -1546465715881323573754201708167168.000000 142
0.346313 -0.275789 1137233913009596008243557803491328.000000 161
0.330420 -0.149981 -261043544128898520350316726059008.000000 160
0.210774 -0.256132 -1546465715881323573754201708167168.000000 142
0.235267 -0.407887 -4535985226701421937240094978080768.000000 143
0.346313 -0.275789 1137233913009596008243557803491328.000000 161
0.067288 -0.173570 -13571401261190317936383698346704896.000000 121
0.114121 -0.291515 13290053414054429360874485046050816.000000 124
0.198854 -0.161776 1103293331702971706412844042944512.000000 141
0.108328 -0.414177 16339474611748700339851193953026048.000000 123
0.114121 -0.291515 13290053414054429360874485046050816.000000 124
-0.001975 -0.299378 -77257399197411753690687836260401152.000000 107
0.247982 -0.508533 -1871342140874362249996025418743808.000000 139
0.362206 -0.401597 982828489574654345871074049130496.000000 159
0.235267 -0.407887 -4535985226701421937240094978080768.000000 143
0.443723 -0.339315 -281846642630843195306393148063744.000000 177
0.486789 -0.444362 -132556563896996066173916660367360.000000 176
0.592925 -0.376490 59685054108531420672927094276096.000000 194
0.346313 -0.275789 1137233913009596008243557803491328.000000 161
0.443723 -0.339315 -281846642630843195306393148063744.000000 177
0.469331 -0.217723 -137160861357110326359493261131776.000000 178
0.362206 -0.401597 982828489574654345871074049130496.000000 159
0.486789 -0.444362 -132556563896996066173916660367360.000000 176
0.443723 -0.339315 -281846642630843195306393148063744.000000 177
0.518255 -0.575515 17986415452763626203565512458240.000000 164
0.658410 -0.623625 -5374262642385833649544370323456.000000 179
0.616669 -0.529062 17343812503006800981155062480896.000000 181
0.735953 -0.529892 -846684907392928934128584228864.000000 196
0.809017 -0.587785 663470891364527641189297422336.000000 193
0.876307 -0.481754 -1375850163878051943920693149696.000000 211
0.616669 -0.529062 17343812503006800981155062480896.000000 181
0.658410 -0.623625 -5374262642385833649544370323456.000000 179
0.735953 -0.529892 -846684907392928934128584228864.000000 196
0.791796 -0.401964 5492001313742451227257856851968.000000 213
0.736206 -0.299972 -20055069172269874794370269446144.000000 212
0.664439 -0.453191 -10438679590034561543107774513152.000000 197
0.486789 -0.444362 -132556563896996066173916660367360.000000 176
0.378100 -0.527404 63193864022272810108678240731136.000000 158
0.518255 -0.575515 17986415452763626203565512458240.000000 164
0.728969 -0.684547 410640883334593292620313657344.000000 180
0.809017 -0.587785 663470891364527641189297422336.000000 193
0.735953 -0.529892 -846684907392928934128584228864.000000 196
0.847640 -0.274036 2065632101392556291199229493248.000000 227
0.792049 -0.172045 4615846397640406942167901143040.000000 224
0.736206 -0.299972 -20055069172269874794370269446144.000000 212
0.838383 -0.043527 -782590341189542295722554032128.000000 225
0.792049 -0.172045 4615846397640406942167901143040.000000 224
0.903483 -0.146108 -1074915880528272855276799918080.000000 239
0.715365 -0.101593 911188426151100127593214509056.000000 210
0.680615 -0.197981 -8808850136492444714027249041408.000000 209
0.792049 -0.172045 4615846397640406942167901143040.000000 224
1.000000 -0.000000 532026841004354719444373602304.000000 240
0.992115 0.125333 -137529232644006140889721208832.000000 233
0.915249 0.040903 -68871662498332584856791285760.000000 228
0.295977 -0.844070 48828689894272490922759195459584.000000 125
0.177179 -0.862891 321328709681035632636109195837440.000000 109
0.309017 -0.951057 -89942087333300102632562558500864.000000 108
0.425779 -0.904827 -32777150356625021747078356795392.000000 126
0.295977 -0.844070 48828689894272490922759195459584.000000 125
0.309017 -0.951057 -89942087333300102632562558500864.000000 108
0.282937 -0.737084 -557064934831507594954560122126336.000000 127
0.177179 -0.862891 321328709681035632636109195837440.000000 109
0.295977 -0.844070 48828689894272490922759195459584.000000 125
0.062791 -0.998027 -1231390298513438126167086182957056.000000 72
0.060826 -0.904827 755007118579829814224262524829696.000000 91
-0.062791 -0.998027 3568722243701476856054395948761088.000000 71
-0.272489 -0.433048 106927541060410940310915109424726016.000000 67
-0.234167 -0.315104 -1158824917158304534812649293489373184.000000 70
-0.362206 -0.401597 2329777859070343163976762357503229952.000000 53
-0.349134 -0.668938 337325237794991967003653078089990144.000000 51
-0.166657 -0.668938 -86587618542046332727408121949978624.000000 68
-0.219573 -0.550993 258412506613985184154316534360047616.000000 69
-0.005837 -0.810471 -4003354811464853566193320033517568.000000 101
-0.060826 -0.904827 -3037801984547663119665351433912320.000000 82
0.060826 -0.904827 755007118579829814224262524829696.000000 91
0.177179 -0.862891 321328709681035632636109195837440.000000 109
-0.005837 -0.810471 -4003354811464853566193320033517568.000000 101
0.060826 -0.904827 755007118579829814224262524829696.000000 91
-0.072500 -0.716116 8315407710681816163972982717284352.000000 83
-0.156928 -0.826197 27528042224268379754337291814830080.000000 81
-0.005837 -0.810471 -4003354811464853566193320033517568.000000 101
-0.272489 -0.433048 106927541060410940310915109424726016.000000 67
-0.219573 -0.550993 258412506613985184154316534360047616.000000 69
-0.145550 -0.426758 112700949666973079279012742021775360.000000 87
-0.321429 -0.833823 -45590403734381281832340724385841152.000000 46
-0.409886 -0.779019 385405696085722567302376606541021184.000000 45
-0.425779 -0.904827 -93958091028270814232328109922713600.000000 32
-0.232973 -0.888627 26248784823277875319540549815369728.000000 62
-0.321429 -0.833823 -45590403734381281832340724385841152.000000 46
-0.309017 -0.951057 29149338591882609570400706068742144.000000 47
-0.232973 -0.888627 26248784823277875319540549815369728.000000 62
-0.253031 -0.747568 -115113839698107116880914948787535872.000000 61
-0.321429 -0.833823 -45590403734381281832340724385841152.000000 46
-0.166657 -0.668938 -86587618542046332727408121949978624.000000 68
-0.253031 -0.747568 -115113839698107116880914948787535872.000000 61
-0.156928 -0.826197 27528042224268379754337291814830080.000000 81
-0.349134 -0.668938 337325237794991967003653078089990144.000000 51
-0.409886 -0.779019 385405696085722567302376606541021184.000000 45
-0.253031 -0.747568 -115113839698107116880914948787535872.000000 61
0.187381 -0.982287 -162983527176332835630692893196288.000000 90
0.060826 -0.904827 755007118579829814224262524829696.000000 91
0.062791 -0.998027 -1231390298513438126167086182957056.000000 72
0.235267 -0.407887 -4535985226701421937240094978080768.000000 143
0.362206 -0.401597 982828489574654345871074049130496.000000 159
0.346313 -0.275789 1137233913009596008243557803491328.000000 161
0.298781 -0.621760 742210790303869603472160864600064.000000 138
0.378100 -0.527404 63193864022272810108678240731136.000000 158
0.247982 -0.508533 -1871342140874362249996025418743808.000000 139
0.518255 -0.575515 17986415452763626203565512458240.000000 164
0.515708 -0.711863 -8077309667991272924662588243968.000000 162
0.658410 -0.623625 -5374262642385833649544370323456.000000 179
0.298781 -0.621760 742210790303869603472160864600064.000000 138
0.393993 -0.653212 -41956909172465526003064509562880.000000 146
0.378100 -0.527404 63193864022272810108678240731136.000000 158
0.141155 -0.577727 -3617705424176728614439065539837952.000000 120
0.164458 -0.730094 2061767705694147119354893324779520.000000 119
0.298781 -0.621760 742210790303869603472160864600064.000000 138
0.108328 -0.414177 16339474611748700339851193953026048.000000 123
0.141155 -0.577727 -3617705424176728614439065539837952.000000 120
0.247982 -0.508533 -1871342140874362249996025418743808.000000 139
0.034327 -0.646921 -4029604363850897255954407208517632.000000 102
0.164458 -0.730094 2061767705694147119354893324779520.000000 119
0.141155 -0.577727 -3617705424176728614439065539837952.000000 120
0.108328 -0.414177 16339474611748700339851193953026048.000000 123
-0.012254 -0.470791 7017924212302443097668783618129920.000000 105
0.141155 -0.577727 -3617705424176728614439065539837952.000000 120
-0.072500 -0.716116 8315407710681816163972982717284352.000000 83
-0.005837 -0.810471 -4003354811464853566193320033517568.000000 101
0.034327 -0.646921 -4029604363850897255954407208517632.000000 102
0.282937 -0.737084 -557064934831507594954560122126336.000000 127
0.393993 -0.653212 -41956909172465526003064509562880.000000 146
0.298781 -0.621760 742210790303869603472160864600064.000000 138
-0.005837 -0.810471 -4003354811464853566193320033517568.000000 101
0.177179 -0.862891 321328709681035632636109195837440.000000 109
0.164458 -0.730094 2061767705694147119354893324779520.000000 119
0.187381 -0.982287 -162983527176332835630692893196288.000000 90
0.177179 -0.862891 321328709681035632636109195837440.000000 109
0.060826 -0.904827 755007118579829814224262524829696.000000 91
0.187381 -0.982287 -162983527176332835630692893196288.000000 90
0.309017 -0.951057 -89942087333300102632562558500864.000000 108
0.177179 -0.862891 321328709681035632636109195837440.000000 109
0.409886 -0.779019 100202791338609862612580455940096.000000 144
0.393993 -0.653212 -41956909172465526003064509562880.000000 146
0.282937 -0.737084 -557064934831507594954560122126336.000000 127
0.515708 -0.711863 -8077309667991272924662588243968.000000 162
0.637424 -0.770513 9169812641310210436444366831616.000000 163
0.658410 -0.623625 -5374262642385833649544370323456.000000 179
0.409886 -0.779019 100202791338609862612580455940096.000000 144
0.515708 -0.711863 -8077309667991272924662588243968.000000 162
0.393993 -0.653212 -41956909172465526003064509562880.000000 146
0.409886 -0.779019 100202791338609862612580455940096.000000 144
0.535827 -0.844328 -26934910004432883968912243294208.000000 145
0.515708 -0.711863 -8077309667991272924662588243968.000000 162
0.425779 -0.904827 -32777150356625021747078356795392.000000 126
0.409886 -0.779019 100202791338609862612580455940096.000000 144
0.295977 -0.844070 48828689894272490922759195459584.000000 125
-0.065162 -0.389016 -53299388243317032091303429269356544.000000 106
-0.145550 -0.426758 112700949666973079279012742021775360.000000 87
-0.115913 -0.510892 -39661092692676858647839712657539072.000000 88
-0.272489 -0.433048 106927541060410940310915109424726016.000000 67
-0.145550 -0.426758 112700949666973079279012742021775360.000000 87
-0.234167 -0.315104 -1158824917158304534812649293489373184.000000 70
-0.219573 -0.550993 258412506613985184154316534360047616.000000 69
-0.378100 -0.527404 -1752558295648249242398889623777443840.000000 52
-0.349134 -0.668938 337325237794991967003653078089990144.000000 51
-0.072500 -0.716116 8315407710681816163972982717284352.000000 83
-0.042377 -0.593453 26528252780265506283002132942553088.000000 86
-0.166657 -0.668938 -86587618542046332727408121949978624.000000 68
-0.272489 -0.433048 106927541060410940310915109424726016.000000 67
-0.378100 -0.527404 -1752558295648249242398889623777443840.000000 52
-0.219573 -0.550993 258412506613985184154316534360047616.000000 69
0.535827 -0.844328 -26934910004432883968912243294208.000000 145
0.409886 -0.779019 100202791338609862612580455940096.000000 144
0.425779 -0.904827 -32777150356625021747078356795392.000000 126
0.535827 -0.844328 -26934910004432883968912243294208.000000 145
0.637424 -0.770513 9169812641310210436444366831616.000000 163
0.515708 -0.711863 -8077309667991272924662588243968.000000 162
0.409886 -0.779019 100202791338609862612580455940096.000000 144
0.282937 -0.737084 -557064934831507594954560122126336.000000 127
0.295977 -0.844070 48828689894272490922759195459584.000000 125
0.637424 -0.770513 9169812641310210436444366831616.000000 163
0.728969 -0.684547 410640883334593292620313657344.000000 180
0.658410 -0.623625 -5374262642385833649544370323456.000000 179
-0.309017 0.951057 -1595898986733212362733603069624320.000000 148
-0.203275 0.856480 -88392937679481971256987167490048.000000 149
-0.187381 0.982287 428976173449180008612704529940480.000000 165
-0.109200 0.735914 1662471222239100854884772412915712.000000 150
-0.219168 0.730672 -2884836151387256450835159950819328.000000 134
-0.081324 0.616659 -5839543618905216213163600217374720.000000 152
-0.187381 0.982287 428976173449180008612704529940480.000000 165
-0.203275 0.856480 -88392937679481971256987167490048.000000 149
-0.089651 0.864346 -457842140404942954456595050790912.000000 166
-0.219168 0.730672 -2884836151387256450835159950819328.000000 134
-0.382682 0.674543 -12402263114242496432029088236961792.000000 115
-0.235061 0.604864 25815503441140480959294407935262720.000000 132
-0.089651 0.864346 -457842140404942954456595050790912.000000 166
-0.109200 0.735914 1662471222239100854884772412915712.000000 150
0.000768 0.741156 725220461294619310086137717981184.000000 167
-0.253031 -0.747568 -115113839698107116880914948787535872.000000 61
-0.166657 -0.668938 -86587618542046332727408121949978624.000000 68
-0.349134 -0.668938 337325237794991967003653078089990144.000000 51
-0.060826 -0.904827 -3037801984547663119665351433912320.000000 82
-0.156928 -0.826197 27528042224268379754337291814830080.000000 81
-0.187381 -0.982287 -15523330201884025884817631586811904.000000 63
-0.060826 -0.904827 -3037801984547663119665351433912320.000000 82
-0.005837 -0.810471 -4003354811464853566193320033517568.000000 101
-0.156928 -0.826197 27528042224268379754337291814830080.000000 81
-0.232973 -0.888627 26248784823277875319540549815369728.000000 62
-0.156928 -0.826197 27528042224268379754337291814830080.000000 81
-0.253031 -0.747568 -115113839698107116880914948787535872.000000 61
-0.187381 -0.982287 -15523330201884025884817631586811904.000000 63
-0.232973 -0.888627 26248784823277875319540549815369728.000000 62
-0.309017 -0.951057 29149338591882609570400706068742144.000000 47
-0.187381 -0.982287 -15523330201884025884817631586811904.000000 63
-0.156928 -0.826197 27528042224268379754337291814830080.000000 81
-0.232973 -0.888627 26248784823277875319540549815369728.000000 62
-0.062791 -0.998027 3568722243701476856054395948761088.000000 71
-0.060826 -0.904827 -3037801984547663119665351433912320.000000 82
-0.187381 -0.982287 -15523330201884025884817631586811904.000000 63
-0.042377 -0.593453 26528252780265506283002132942553088.000000 86
-0.072500 -0.716116 8315407710681816163972982717284352.000000 83
0.034327 -0.646921 -4029604363850897255954407208517632.000000 102
-0.012254 -0.470791 7017924212302443097668783618129920.000000 105
-0.042377 -0.593453 26528252780265506283002132942553088.000000 86
0.034327 -0.646921 -4029604363850897255954407208517632.000000 102
-0.115913 -0.510892 -39661092692676858647839712657539072.000000 88
-0.166657 -0.668938 -86587618542046332727408121949978624.000000 68
-0.042377 -0.593453 26528252780265506283002132942553088.000000 86
-0.518255 -0.575515 8284314685248773406440533094983270400.000000 36
-0.616669 -0.529062 -49159102294931504734141784881918640128.000000 25
-0.658410 -0.623625 -1864005980148971285791951350950526976.000000 24
-0.433694 -0.622226 -1015810467525930167482617126298058752.000000 37
-0.518255 -0.575515 8284314685248773406440533094983270400.000000 36
-0.534148 -0.701322 -1289501663870653622460008929677017088.000000 31
-0.409886 -0.779019 385405696085722567302376606541021184.000000 45
-0.433694 -0.622226 -1015810467525930167482617126298058752.000000 37
-0.534148 -0.701322 -1289501663870653622460008929677017088.000000 31
-0.349134 -0.668938 337325237794991967003653078089990144.000000 51
-0.378100 -0.527404 -1752558295648249242398889623777443840.000000 52
-0.433694 -0.622226 -1015810467525930167482617126298058752.000000 37
-0.378100 -0.527404 -1752558295648249242398889623777443840.000000 52
-0.486789 -0.444362 2264075343606438100505970069729181696.000000 38
-0.518255 -0.575515 8284314685248773406440533094983270400.000000 36
0.060826 -0.904827 755007118579829814224262524829696.000000 91
-0.060826 -0.904827 -3037801984547663119665351433912320.000000 82
-0.062791 -0.998027 3568722243701476856054395948761088.000000 71
-0.534148 -0.701322 -1289501663870653622460008929677017088.000000 31
-0.535827 -0.844328 -139585356542448293929566249028681728.000000 30
-0.409886 -0.779019 385405696085722567302376606541021184.000000 45
-0.486789 -0.444362 2264075343606438100505970069729181696.000000 38
-0.378100 -0.527404 -1752558295648249242398889623777443840.000000 52
-0.362206 -0.401597 2329777859070343163976762357503229952.000000 53
-0.728969 -0.684547 -13965756750950722254358208965056135168.000000 14
-0.637424 -0.770513 3001793023475020170989142653265772544.000000 19
-0.658410 -0.623625 -1864005980148971285791951350950526976.000000 24
-0.321429 -0.833823 -45590403734381281832340724385841152.000000 46
-0.253031 -0.747568 -115113839698107116880914948787535872.000000 61
-0.409886 -0.779019 385405696085722567302376606541021184.000000 45
-0.346313 -0.275789 4954008563531660879475241176973443072.000000 64
-0.362206 -0.401597 2329777859070343163976762357503229952.000000 53
-0.234167 -0.315104 -1158824917158304534812649293489373184.000000 70
-0.195844 -0.197159 -1147123706954433470659526246988251136.000000 84
-0.346313 -0.275789 4954008563531660879475241176973443072.000000 64
-0.234167 -0.315104 -1158824917158304534812649293489373184.000000 70
-0.658594 0.038247 168632058475575319447251688917743697920.000000 29
-0.584401 -0.096754 44417585460525469922236898971328970752.000000 35
-0.515073 -0.029496 -44060328155746361552724989407949488128.000000 39
-0.330420 -0.149981 2003123403144599627226349494884892672.000000 66
-0.441136 -0.097722 -1046299685003000550740865022089494528.000000 50
-0.469331 -0.217723 -14051884642003885323470727313893621760.000000 49
-0.330420 -0.149981 2003123403144599627226349494884892672.000000 66
-0.314527 -0.024174 -1930646113719222646318458448119857152.000000 65
-0.441136 -0.097722 -1046299685003000550740865022089494528.000000 50
-0.321429 -0.833823 -45590403734381281832340724385841152.000000 46
-0.425779 -0.904827 -93958091028270814232328109922713600.000000 32
-0.309017 -0.951057 29149338591882609570400706068742144.000000 47
-0.378100 -0.527404 -1752558295648249242398889623777443840.000000 52
-0.518255 -0.575515 8284314685248773406440533094983270400.000000 36
-0.433694 -0.622226 -1015810467525930167482617126298058752.000000 37
-0.535827 -0.844328 -139585356542448293929566249028681728.000000 30
-0.425779 -0.904827 -93958091028270814232328109922713600.000000 32
-0.409886 -0.779019 385405696085722567302376606541021184.000000 45
0.298634 0.101634 373236110463830377581197928693760.000000 156
0.172130 0.119981 -3162508536261873221979157978677248.000000 137
0.196515 -0.037934 1302423041415909203176825718571008.000000 140
-0.216863 0.007278 853018146539848757622747407759441920.000000 80
-0.157522 -0.079215 13408045727955550846934564906991616.000000 85
-0.119199 0.038730 -154910384643230064827717186305916928.000000 100
0.198854 -0.161776 1103293331702971706412844042944512.000000 141
0.210774 -0.256132 -1546465715881323573754201708167168.000000 142
0.330420 -0.149981 -261043544128898520350316726059008.000000 160
-0.118071 -0.307241 403212424012213637490459802305822720.000000 89
-0.195844 -0.197159 -1147123706954433470659526246988251136.000000 84
-0.234167 -0.315104 -1158824917158304534812649293489373184.000000 70
0.114121 -0.291515 13290053414054429360874485046050816.000000 124
0.235267 -0.407887 -4535985226701421937240094978080768.000000 143
0.210774 -0.256132 -1546465715881323573754201708167168.000000 142
0.114121 -0.291515 13290053414054429360874485046050816.000000 124
0.108328 -0.414177 16339474611748700339851193953026048.000000 123
0.235267 -0.407887 -4535985226701421937240094978080768.000000 143
0.198854 -0.161776 1103293331702971706412844042944512.000000 141
0.114121 -0.291515 13290053414054429360874485046050816.000000 124
0.210774 -0.256132 -1546465715881323573754201708167168.000000 142
0.067288 -0.173570 -13571401261190317936383698346704896.000000 121
-0.064278 -0.185365 153633405079109102377291133900292096.000000 103
-0.001975 -0.299378 -77257399197411753690687836260401152.000000 107
-0.012254 -0.470791 7017924212302443097668783618129920.000000 105
0.034327 -0.646921 -4029604363850897255954407208517632.000000 102
0.141155 -0.577727 -3617705424176728614439065539837952.000000 120
-0.064278 -0.185365 153633405079109102377291133900292096.000000 103
-0.035536 -0.096906 6017264971319336580176795460960256.000000 104
-0.157522 -0.079215 13408045727955550846934564906991616.000000 85
-0.001975 -0.299378 -77257399197411753690687836260401152.000000 107
-0.064278 -0.185365 153633405079109102377291133900292096.000000 103
-0.118071 -0.307241 403212424012213637490459802305822720.000000 89
0.067288 -0.173570 -13571401261190317936383698346704896.000000 121
-0.035536 -0.096906 6017264971319336580176795460960256.000000 104
-0.064278 -0.185365 153633405079109102377291133900292096.000000 103
-0.330420 -0.149981 2003123403144599627226349494884892672.000000 66
-0.195844 -0.197159 -1147123706954433470659526246988251136.000000 84
-0.157522 -0.079215 13408045727955550846934564906991616.000000 85
-0.330420 -0.149981 2003123403144599627226349494884892672.000000 66
-0.346313 -0.275789 4954008563531660879475241176973443072.000000 64
-0.195844 -0.197159 -1147123706954433470659526246988251136.000000 84
-0.658594 0.038247 168632058475575319447251688917743697920.000000 29
-0.576964 0.099699 -26688013103983296671690403103784304640.000000 44
-0.708183 0.161636 61076416604828920011672087991441948672.000000 28
-0.838383 -0.043527 2805483734832442317006408188992807763968.000000 12
-0.715365 -0.101593 -520120851626379708078707098573019807744.000000 23
-0.773283 0.059054 -432611780156014872962639110037863137280.000000 18
-0.584401 -0.096754 44417585460525469922236898971328970752.000000 35
-0.469331 -0.217723 -14051884642003885323470727313893621760.000000 49
-0.441136 -0.097722 -1046299685003000550740865022089494528.000000 50
-0.715365 -0.101593 -520120851626379708078707098573019807744.000000 23
-0.584401 -0.096754 44417585460525469922236898971328970752.000000 35
-0.658594 0.038247 168632058475575319447251688917743697920.000000 29
-0.773283 0.059054 -432611780156014872962639110037863137280.000000 18
-0.715365 -0.101593 -520120851626379708078707098573019807744.000000 23
-0.658594 0.038247 168632058475575319447251688917743697920.000000 29
-0.680615 -0.197981 66415496823188055562698414826612326400.000000 22
-0.569181 -0.223917 58486813467852800658649352204594446336.000000 34
-0.584401 -0.096754 44417585460525469922236898971328970752.000000 35
-0.792049 -0.172045 602681817329793705772723214918589874176.000000 13
-0.680615 -0.197981 66415496823188055562698414826612326400.000000 22
-0.715365 -0.101593 -520120851626379708078707098573019807744.000000 23
-0.792049 -0.172045 602681817329793705772723214918589874176.000000 13
-0.847640 -0.274036 2506488545858227534704604739073474560000.000000 11
-0.680489 -0.312940 -501709914571788413102253377556647510016.000000 21
-0.715365 -0.101593 -520120851626379708078707098573019807744.000000 23
-0.680615 -0.197981 66415496823188055562698414826612326400.000000 22
-0.584401 -0.096754 44417585460525469922236898971328970752.000000 35
-0.838383 -0.043527 2805483734832442317006408188992807763968.000000 12
-0.792049 -0.172045 602681817329793705772723214918589874176.000000 13
-0.715365 -0.101593 -520120851626379708078707098573019807744.000000 23
-0.314527 -0.024174 -1930646113719222646318458448119857152.000000 65
-0.298634 0.101634 -2329081434291947679742170421375533056.000000 73
-0.445745 0.037763 10543075887092693251623036420362338304.000000 54
-0.680489 -0.312940 -501709914571788413102253377556647510016.000000 21
-0.592925 -0.376490 45100457280067537233049839459870179328.000000 33
-0.569181 -0.223917 58486813467852800658649352204594446336.000000 34
-0.569181 -0.223917 58486813467852800658649352204594446336.000000 34
-0.592925 -0.376490 45100457280067537233049839459870179328.000000 33
-0.443723 -0.339315 -20725027902440473047158746522568359936.000000 48
-0.658410 -0.623625 -1864005980148971285791951350950526976.000000 24
-0.616669 -0.529062 -49159102294931504734141784881918640128.000000 25
-0.735953 -0.529892 64046335636944203932413861825634893824.000000 15
-0.658410 -0.623625 -1864005980148971285791951350950526976.000000 24
-0.534148 -0.701322 -1289501663870653622460008929677017088.000000 31
-0.518255 -0.575515 8284314685248773406440533094983270400.000000 36
-0.443723 -0.339315 -20725027902440473047158746522568359936.000000 48
-0.469331 -0.217723 -14051884642003885323470727313893621760.000000 49
-0.569181 -0.223917 58486813467852800658649352204594446336.000000 34
-0.362206 -0.401597 2329777859070343163976762357503229952.000000 53
-0.443723 -0.339315 -20725027902440473047158746522568359936.000000 48
-0.486789 -0.444362 2264075343606438100505970069729181696.000000 38
-0.362206 -0.401597 2329777859070343163976762357503229952.000000 53
-0.346313 -0.275789 4954008563531660879475241176973443072.000000 64
-0.443723 -0.339315 -20725027902440473047158746522568359936.000000 48
0.247982 -0.508533 -1871342140874362249996025418743808.000000 139
0.141155 -0.577727 -3617705424176728614439065539837952.000000 120
0.298781 -0.621760 742210790303869603472160864600064.000000 138
-0.156928 -0.826197 27528042224268379754337291814830080.000000 81
-0.072500 -0.716116 8315407710681816163972982717284352.000000 83
-0.166657 -0.668938 -86587618542046332727408121949978624.000000 68
0.164458 -0.730094 2061767705694147119354893324779520.000000 119
0.177179 -0.862891 321328709681035632636109195837440.000000 109
0.282937 -0.737084 -557064934831507594954560122126336.000000 127
0.298781 -0.621760 742210790303869603472160864600064.000000 138
0.164458 -0.730094 2061767705694147119354893324779520.000000 119
0.282937 -0.737084 -557064934831507594954560122126336.000000 127
0.034327 -0.646921 -4029604363850897255954407208517632.000000 102
-0.005837 -0.810471 -4003354811464853566193320033517568.000000 101
0.164458 -0.730094 2061767705694147119354893324779520.000000 119
0.108328 -0.414177 16339474611748700339851193953026048.000000 123
0.247982 -0.508533 -1871342140874362249996025418743808.000000 139
0.235267 -0.407887 -4535985226701421937240094978080768.000000 143
-0.115913 -0.510892 -39661092692676858647839712657539072.000000 88
-0.012254 -0.470791 7017924212302443097668783618129920.000000 105
-0.065162 -0.389016 -53299388243317032091303429269356544.000000 106
-0.219573 -0.550993 258412506613985184154316534360047616.000000 69
-0.115913 -0.510892 -39661092692676858647839712657539072.000000 88
-0.145550 -0.426758 112700949666973079279012742021775360.000000 87
-0.219573 -0.550993 258412506613985184154316534360047616.000000 69
-0.166657 -0.668938 -86587618542046332727408121949978624.000000 68
-0.115913 -0.510892 -39661092692676858647839712657539072.000000 88
-0.115913 -0.510892 -39661092692676858647839712657539072.000000 88
-0.042377 -0.593453 26528252780265506283002132942553088.000000 86
-0.012254 -0.470791 7017924212302443097668783618129920.000000 105
0.378100 -0.527404 63193864022272810108678240731136.000000 158
0.362206 -0.401597 982828489574654345871074049130496.000000 159
0.247982 -0.508533 -1871342140874362249996025418743808.000000 139
