-0.903483 -0.146108 -349122225005117574234787611729164043108220928.000000 5
-0.992115 -0.125333 3096160827388738963675406768470468286773985280.000000 1
-0.968583 -0.248690 -354828354832383315962681052663414695466631168.000000 2
-0.929776 -0.368125 28244617617904314835583151597706364544090112.000000 3
-0.847640 -0.274036 100886607771612941922290974313578024610562048.000000 11
-0.968583 -0.248690 -354828354832383315962681052663414695466631168.000000 2
-0.838383 -0.043527 112921217068146744224166095999762588145549312.000000 12
-1.000000 -0.000000 -267994327049331413741090414952091956203749376.000000 4
-0.903483 -0.146108 -349122225005117574234787611729164043108220928.000000 5
-0.791796 -0.401964 -21519247113275829482282153053755160240586752.000000 10
-0.876307 -0.481754 2279002074556290376014057174578133855109120.000000 6
-0.735953 -0.529892 2577876349481205060377326881451363111272448.000000 15
-0.664439 -0.453191 9749211556724048296426262006495689503145984.000000 20
-0.592925 -0.376490 1815301391044904147873817451931727078359040.000000 33
-0.680489 -0.312940 -20193912894663750432908294352840243556646912.000000 21
-0.616669 -0.529062 -1978662571520034271206048334095349322874880.000000 25
-0.664439 -0.453191 9749211556724048296426262006495689503145984.000000 20
-0.735953 -0.529892 2577876349481205060377326881451363111272448.000000 15
-0.616669 -0.529062 -1978662571520034271206048334095349322874880.000000 25
-0.592925 -0.376490 1815301391044904147873817451931727078359040.000000 33
-0.664439 -0.453191 9749211556724048296426262006495689503145984.000000 20
-0.847640 -0.274036 100886607771612941922290974313578024610562048.000000 11
-0.929776 -0.368125 28244617617904314835583151597706364544090112.000000 3
-0.791796 -0.401964 -21519247113275829482282153053755160240586752.000000 10
-0.577982 0.366799 91822154268214071153018969383514323025920.000000 58
-0.479568 0.320346 -47839542293748404681390068700521200353280.000000 75
-0.512882 0.469380 -17616850145796268161701368064358326730752.000000 77
-0.381154 0.273894 -50152885584817321971923450115822981218304.000000 78
-0.528266 0.210023 211433511961133315936856440447764172636160.000000 59
-0.413450 0.155828 103562048486209201819096353313869665402880.000000 60
-0.389865 0.411315 15887801928980518513891887442048613089280.000000 95
-0.479568 0.320346 -47839542293748404681390068700521200353280.000000 75
-0.381154 0.273894 -50152885584817321971923450115822981218304.000000 78
-0.250954 0.479057 -3323272012247778126237542465022407475200.000000 114
-0.389865 0.411315 15887801928980518513891887442048613089280.000000 95
-0.266847 0.353249 5761100552602209632899389404487910162432.000000 98
-0.349368 0.525509 -3198408491889174124455374937570284666880.000000 113
-0.447782 0.571962 4351860187558487382812445789787443429376.000000 97
-0.389865 0.411315 15887801928980518513891887442048613089280.000000 95
-0.577982 0.366799 91822154268214071153018969383514323025920.000000 58
-0.528266 0.210023 211433511961133315936856440447764172636160.000000 59
-0.479568 0.320346 -47839542293748404681390068700521200353280.000000 75
-0.080876 0.156675 -419696585015222979425393893157011193856.000000 110
-0.042554 0.274619 782029041050527907859026476822293381120.000000 117
-0.162647 0.251030 -3629750439146505955914901428149292105728.000000 99
-0.189755 0.129154 11618825579750923737673265901163780243456.000000 93
-0.080876 0.156675 -419696585015222979425393893157011193856.000000 110
-0.162647 0.251030 -3629750439146505955914901428149292105728.000000 99
-0.282741 0.227442 4053690442407143241876570392205545439232.000000 79
-0.189755 0.129154 11618825579750923737673265901163780243456.000000 93
-0.162647 0.251030 -3629750439146505955914901428149292105728.000000 99
-0.298634 0.101634 -93745940119228361105771214227488970375168.000000 73
-0.216863 0.007278 34334131434288025991796757167217030725632.000000 80
-0.189755 0.129154 11618825579750923737673265901163780243456.000000 93
0.198854 -0.161776 44407751951023663807486726055154155520.000000 141
0.078503 -0.051694 -122177781412528394553911772294047334400.000000 122
0.067288 -0.173570 -546251303725816365731062501483523080192.000000 121
0.125317 0.034143 -264006412329639583462815757380173692928.000000 128
0.020079 0.059698 1209412223388730362478889587499813830656.000000 118
0.078503 -0.051694 -122177781412528394553911772294047334400.000000 122
0.196515 -0.037934 52422758025030989567089407381446066176.000000 140
0.125317 0.034143 -264006412329639583462815757380173692928.000000 128
0.078503 -0.051694 -122177781412528394553911772294047334400.000000 122
0.172130 0.119981 -127291528540771126735825603728762732544.000000 137
0.020079 0.059698 1209412223388730362478889587499813830656.000000 118
0.125317 0.034143 -264006412329639583462815757380173692928.000000 128
0.282741 0.227442 7190316114534226227761507682599567360.000000 155
0.172130 0.119981 -127291528540771126735825603728762732544.000000 137
0.298634 0.101634 15022819531646312571758941139795705856.000000 156
0.282741 0.227442 7190316114534226227761507682599567360.000000 155
0.163714 0.327039 -15995426200423188135667707145504161792.000000 153
0.167922 0.223510 97087728798228139816664351107562078208.000000 147
-0.080876 0.156675 -419696585015222979425393893157011193856.000000 110
-0.119199 0.038730 -6235170410443672494448321039927145922560.000000 100
0.020079 0.059698 1209412223388730362478889587499813830656.000000 118
-0.838383 -0.043527 112921217068146744224166095999762588145549312.000000 12
-0.915249 0.040903 19360085751295047296938108726798820441063424.000000 9
-1.000000 -0.000000 -267994327049331413741090414952091956203749376.000000 4
-0.903483 -0.146108 -349122225005117574234787611729164043108220928.000000 5
-1.000000 -0.000000 -267994327049331413741090414952091956203749376.000000 4
-0.992115 -0.125333 3096160827388738963675406768470468286773985280.000000 1
-0.362206 -0.401597 93773971339868413969130182951026311561216.000000 53
-0.378100 -0.527404 -70540781709182491704434692243948184797184.000000 52
-0.272489 -0.433048 4303852460355461016124526547431376027648.000000 67
-0.847640 -0.274036 100886607771612941922290974313578024610562048.000000 11
-0.903483 -0.146108 -349122225005117574234787611729164043108220928.000000 5
-0.968583 -0.248690 -354828354832383315962681052663414695466631168.000000 2
-0.847640 -0.274036 100886607771612941922290974313578024610562048.000000 11
-0.792049 -0.172045 24258049858837411360473766219605932767182848.000000 13
-0.903483 -0.146108 -349122225005117574234787611729164043108220928.000000 5
-0.876307 -0.481754 2279002074556290376014057174578133855109120.000000 6
-0.791796 -0.401964 -21519247113275829482282153053755160240586752.000000 10
-0.929776 -0.368125 28244617617904314835583151597706364544090112.000000 3
-0.664439 -0.453191 9749211556724048296426262006495689503145984.000000 20
-0.791796 -0.401964 -21519247113275829482282153053755160240586752.000000 10
-0.735953 -0.529892 2577876349481205060377326881451363111272448.000000 15
-0.680615 -0.197981 2673235506713048616931063516549025240186880.000000 22
-0.680489 -0.312940 -20193912894663750432908294352840243556646912.000000 21
-0.569181 -0.223917 2354104597801941324845147202108182623158272.000000 34
-0.680615 -0.197981 2673235506713048616931063516549025240186880.000000 22
-0.792049 -0.172045 24258049858837411360473766219605932767182848.000000 13
-0.680489 -0.312940 -20193912894663750432908294352840243556646912.000000 21
-0.515073 -0.029496 -1773436009624898982840174389167048280244224.000000 39
-0.441136 -0.097722 -42113747580010286913863856899842214199296.000000 50
-0.445745 0.037763 424360671220730058271638187063508648067072.000000 54
-0.330420 -0.149981 80626071651164221267726052162363793080320.000000 66
-0.469331 -0.217723 -565590844878324670076266870129130372857856.000000 49
-0.346313 -0.275789 199399721842774181776016952552836070113280.000000 64
-0.838383 -0.043527 112921217068146744224166095999762588145549312.000000 12
-0.903483 -0.146108 -349122225005117574234787611729164043108220928.000000 5
-0.792049 -0.172045 24258049858837411360473766219605932767182848.000000 13
-0.735953 -0.529892 2577876349481205060377326881451363111272448.000000 15
-0.809017 -0.587785 -1716290776279999394606974735898671086305280.000000 7
-0.728969 -0.684547 -562124182013562352005473597569169807638528.000000 14
-0.346313 -0.275789 199399721842774181776016952552836070113280.000000 64
-0.469331 -0.217723 -565590844878324670076266870129130372857856.000000 49
-0.443723 -0.339315 -834186042662853824741216510429412357832704.000000 48
-0.876307 -0.481754 2279002074556290376014057174578133855109120.000000 6
-0.809017 -0.587785 -1716290776279999394606974735898671086305280.000000 7
-0.735953 -0.529892 2577876349481205060377326881451363111272448.000000 15
-0.309017 0.951057 -64235216787132709479959520982673129472.000000 148
-0.317582 0.777124 126292377585570575873059622548108476416.000000 131
-0.203275 0.856480 -3557831392521750715953905852408135680.000000 149
-0.915249 0.040903 19360085751295047296938108726798820441063424.000000 9
-0.992115 0.125333 26217992743791350836334162701696840029437952.000000 8
-1.000000 -0.000000 -267994327049331413741090414952091956203749376.000000 4
-0.773283 0.059054 -17412700749859224716782552371517561476481024.000000 18
-0.915249 0.040903 19360085751295047296938108726798820441063424.000000 9
-0.838383 -0.043527 112921217068146744224166095999762588145549312.000000 12
-0.773283 0.059054 -17412700749859224716782552371517561476481024.000000 18
-0.838383 0.205163 -5235651575277147824262170620178693173018624.000000 17
-0.915249 0.040903 19360085751295047296938108726798820441063424.000000 9
-0.317582 0.777124 126292377585570575873059622548108476416.000000 131
-0.309017 0.951057 -64235216787132709479959520982673129472.000000 148
-0.425779 0.904827 93041543599990558472434826856640806912.000000 130
-0.447782 0.737755 -337562713793603241534196887507576029184.000000 112
-0.425779 0.904827 93041543599990558472434826856640806912.000000 130
-0.535827 0.844328 -107397579431575247964272298778681147392.000000 111
-0.992115 0.125333 26217992743791350836334162701696840029437952.000000 8
-0.915249 0.040903 19360085751295047296938108726798820441063424.000000 9
-0.838383 0.205163 -5235651575277147824262170620178693173018624.000000 17
-0.382682 0.674543 -499193286302654597959345665802470686720.000000 115
-0.447782 0.571962 4351860187558487382812445789787443429376.000000 97
-0.349368 0.525509 -3198408491889174124455374937570284666880.000000 113
-0.425779 0.904827 93041543599990558472434826856640806912.000000 130
-0.447782 0.737755 -337562713793603241534196887507576029184.000000 112
-0.317582 0.777124 126292377585570575873059622548108476416.000000 131
-0.382682 0.674543 -499193286302654597959345665802470686720.000000 115
-0.349368 0.525509 -3198408491889174124455374937570284666880.000000 113
-0.235061 0.604864 1039078584419104816313112174425096060928.000000 132
-0.816683 0.308437 1086782305715975514641904601250370961801216.000000 27
-0.968583 0.248690 -3395935555589871518505789029919191296114688.000000 16
-0.838383 0.205163 -5235651575277147824262170620178693173018624.000000 17
-0.816683 0.308437 1086782305715975514641904601250370961801216.000000 27
-0.929776 0.368125 333234729101228446803518506648977836867584.000000 26
-0.968583 0.248690 -3395935555589871518505789029919191296114688.000000 16
-0.708183 0.161636 2458336582582385337246200661041568817348608.000000 28
-0.816683 0.308437 1086782305715975514641904601250370961801216.000000 27
-0.838383 0.205163 -5235651575277147824262170620178693173018624.000000 17
-0.794983 0.411712 -194904827367267602858016083628472483708928.000000 41
-0.929776 0.368125 333234729101228446803518506648977836867584.000000 26
-0.816683 0.308437 1086782305715975514641904601250370961801216.000000 27
-0.314527 -0.024174 -77708847918907084488666556072318554079232.000000 65
-0.330420 -0.149981 80626071651164221267726052162363793080320.000000 66
-0.157522 -0.079215 539676214589210074307599635582185111552.000000 85
-0.080876 0.156675 -419696585015222979425393893157011193856.000000 110
-0.189755 0.129154 11618825579750923737673265901163780243456.000000 93
-0.119199 0.038730 -6235170410443672494448321039927145922560.000000 100
-0.576964 0.099699 -1074197252835767798328160775808551644823552.000000 44
-0.528266 0.210023 211433511961133315936856440447764172636160.000000 59
-0.643082 0.264217 -235243872140070802774847540559933538828288.000000 43
-0.773283 0.059054 -17412700749859224716782552371517561476481024.000000 18
-0.658594 0.038247 6787470211765860656473145321790763840831488.000000 29
-0.708183 0.161636 2458336582582385337246200661041568817348608.000000 28
-0.445745 0.037763 424360671220730058271638187063508648067072.000000 54
-0.413450 0.155828 103562048486209201819096353313869665402880.000000 60
-0.576964 0.099699 -1074197252835767798328160775808551644823552.000000 44
-0.216863 0.007278 34334131434288025991796757167217030725632.000000 80
-0.298634 0.101634 -93745940119228361105771214227488970375168.000000 73
-0.314527 -0.024174 -77708847918907084488666556072318554079232.000000 65
-0.157522 -0.079215 539676214589210074307599635582185111552.000000 85
-0.216863 0.007278 34334131434288025991796757167217030725632.000000 80
-0.314527 -0.024174 -77708847918907084488666556072318554079232.000000 65
-0.119199 0.038730 -6235170410443672494448321039927145922560.000000 100
-0.189755 0.129154 11618825579750923737673265901163780243456.000000 93
-0.216863 0.007278 34334131434288025991796757167217030725632.000000 80
-0.576964 0.099699 -1074197252835767798328160775808551644823552.000000 44
-0.643082 0.264217 -235243872140070802774847540559933538828288.000000 43
-0.708183 0.161636 2458336582582385337246200661041568817348608.000000 28
-0.413450 0.155828 103562048486209201819096353313869665402880.000000 60
-0.528266 0.210023 211433511961133315936856440447764172636160.000000 59
-0.576964 0.099699 -1074197252835767798328160775808551644823552.000000 44
-0.298634 0.101634 -93745940119228361105771214227488970375168.000000 73
-0.413450 0.155828 103562048486209201819096353313869665402880.000000 60
-0.445745 0.037763 424360671220730058271638187063508648067072.000000 54
-0.298634 0.101634 -93745940119228361105771214227488970375168.000000 73
-0.282741 0.227442 4053690442407143241876570392205545439232.000000 79
-0.413450 0.155828 103562048486209201819096353313869665402880.000000 60
-0.381154 0.273894 -50152885584817321971923450115822981218304.000000 78
-0.266847 0.353249 5761100552602209632899389404487910162432.000000 98
-0.389865 0.411315 15887801928980518513891887442048613089280.000000 95
-0.381154 0.273894 -50152885584817321971923450115822981218304.000000 78
-0.282741 0.227442 4053690442407143241876570392205545439232.000000 79
-0.266847 0.353249 5761100552602209632899389404487910162432.000000 98
-0.528266 0.210023 211433511961133315936856440447764172636160.000000 59
-0.381154 0.273894 -50152885584817321971923450115822981218304.000000 78
-0.479568 0.320346 -47839542293748404681390068700521200353280.000000 75
-0.413450 0.155828 103562048486209201819096353313869665402880.000000 60
-0.282741 0.227442 4053690442407143241876570392205545439232.000000 79
-0.381154 0.273894 -50152885584817321971923450115822981218304.000000 78
-0.577982 0.366799 91822154268214071153018969383514323025920.000000 58
-0.643082 0.264217 -235243872140070802774847540559933538828288.000000 43
-0.528266 0.210023 211433511961133315936856440447764172636160.000000 59
-0.577982 0.366799 91822154268214071153018969383514323025920.000000 58
-0.610532 0.481301 101017088935517538682002414063438813724672.000000 57
-0.719033 0.337964 -527260555071454330916335931845092390731776.000000 42
-0.621382 0.574733 -18689860208703242750942504520103971782656.000000 76
-0.708183 0.493222 116960635188908044510592469508678651740160.000000 56
-0.610532 0.481301 101017088935517538682002414063438813724672.000000 57
-0.719033 0.337964 -527260555071454330916335931845092390731776.000000 42
-0.816683 0.308437 1086782305715975514641904601250370961801216.000000 27
-0.708183 0.161636 2458336582582385337246200661041568817348608.000000 28
-0.577982 0.366799 91822154268214071153018969383514323025920.000000 58
-0.719033 0.337964 -527260555071454330916335931845092390731776.000000 42
-0.643082 0.264217 -235243872140070802774847540559933538828288.000000 43
-0.794983 0.411712 -194904827367267602858016083628472483708928.000000 41
-0.816683 0.308437 1086782305715975514641904601250370961801216.000000 27
-0.719033 0.337964 -527260555071454330916335931845092390731776.000000 42
-0.708183 0.493222 116960635188908044510592469508678651740160.000000 56
-0.794983 0.411712 -194904827367267602858016083628472483708928.000000 41
-0.719033 0.337964 -527260555071454330916335931845092390731776.000000 42
-0.610532 0.481301 101017088935517538682002414063438813724672.000000 57
-0.708183 0.493222 116960635188908044510592469508678651740160.000000 56
-0.719033 0.337964 -527260555071454330916335931845092390731776.000000 42
-0.512882 0.469380 -17616850145796268161701368064358326730752.000000 77
-0.610532 0.481301 101017088935517538682002414063438813724672.000000 57
-0.577982 0.366799 91822154268214071153018969383514323025920.000000 58
-0.512882 0.469380 -17616850145796268161701368064358326730752.000000 77
-0.621382 0.574733 -18689860208703242750942504520103971782656.000000 76
-0.610532 0.481301 101017088935517538682002414063438813724672.000000 57
-0.621382 0.574733 -18689860208703242750942504520103971782656.000000 76
-0.809017 0.587785 -29110001742308504954355085356202880663552.000000 55
-0.708183 0.493222 116960635188908044510592469508678651740160.000000 56
-0.876307 0.481754 -26948625278464094878072569005128323956736.000000 40
-0.929776 0.368125 333234729101228446803518506648977836867584.000000 26
-0.794983 0.411712 -194904827367267602858016083628472483708928.000000 41
-0.445745 0.037763 424360671220730058271638187063508648067072.000000 54
-0.441136 -0.097722 -42113747580010286913863856899842214199296.000000 50
-0.314527 -0.024174 -77708847918907084488666556072318554079232.000000 65
-0.838383 0.205163 -5235651575277147824262170620178693173018624.000000 17
-0.773283 0.059054 -17412700749859224716782552371517561476481024.000000 18
-0.708183 0.161636 2458336582582385337246200661041568817348608.000000 28
-0.643082 0.264217 -235243872140070802774847540559933538828288.000000 43
-0.719033 0.337964 -527260555071454330916335931845092390731776.000000 42
-0.708183 0.161636 2458336582582385337246200661041568817348608.000000 28
-0.968583 0.248690 -3395935555589871518505789029919191296114688.000000 16
-0.992115 0.125333 26217992743791350836334162701696840029437952.000000 8
-0.838383 0.205163 -5235651575277147824262170620178693173018624.000000 17
-0.515073 -0.029496 -1773436009624898982840174389167048280244224.000000 39
-0.576964 0.099699 -1074197252835767798328160775808551644823552.000000 44
-0.658594 0.038247 6787470211765860656473145321790763840831488.000000 29
-0.441136 -0.097722 -42113747580010286913863856899842214199296.000000 50
-0.515073 -0.029496 -1773436009624898982840174389167048280244224.000000 39
-0.584401 -0.096754 1787815679398518208649200826744293904351232.000000 35
-0.445745 0.037763 424360671220730058271638187063508648067072.000000 54
-0.576964 0.099699 -1074197252835767798328160775808551644823552.000000 44
-0.515073 -0.029496 -1773436009624898982840174389167048280244224.000000 39
-0.794983 0.411712 -194904827367267602858016083628472483708928.000000 41
-0.708183 0.493222 116960635188908044510592469508678651740160.000000 56
-0.876307 0.481754 -26948625278464094878072569005128323956736.000000 40
-0.447782 0.571962 4351860187558487382812445789787443429376.000000 97
-0.534582 0.656244 2135155192035550983947582079910943916032.000000 96
-0.621382 0.574733 -18689860208703242750942504520103971782656.000000 76
-0.389865 0.411315 15887801928980518513891887442048613089280.000000 95
-0.447782 0.571962 4351860187558487382812445789787443429376.000000 97
-0.512882 0.469380 -17616850145796268161701368064358326730752.000000 77
-0.479568 0.320346 -47839542293748404681390068700521200353280.000000 75
-0.389865 0.411315 15887801928980518513891887442048613089280.000000 95
-0.512882 0.469380 -17616850145796268161701368064358326730752.000000 77
-0.250954 0.479057 -3323272012247778126237542465022407475200.000000 114
-0.235061 0.604864 1039078584419104816313112174425096060928.000000 132
-0.349368 0.525509 -3198408491889174124455374937570284666880.000000 113
-0.382682 0.674543 -499193286302654597959345665802470686720.000000 115
-0.534582 0.656244 2135155192035550983947582079910943916032.000000 96
-0.447782 0.571962 4351860187558487382812445789787443429376.000000 97
-0.728969 0.684547 14405515344336266121040702521245761011712.000000 74
-0.809017 0.587785 -29110001742308504954355085356202880663552.000000 55
-0.621382 0.574733 -18689860208703242750942504520103971782656.000000 76
-0.447782 0.737755 -337562713793603241534196887507576029184.000000 112
-0.382682 0.674543 -499193286302654597959345665802470686720.000000 115
-0.317582 0.777124 126292377585570575873059622548108476416.000000 131
-0.534582 0.656244 2135155192035550983947582079910943916032.000000 96
-0.447782 0.737755 -337562713793603241534196887507576029184.000000 112
-0.535827 0.844328 -107397579431575247964272298778681147392.000000 111
-0.534582 0.656244 2135155192035550983947582079910943916032.000000 96
-0.382682 0.674543 -499193286302654597959345665802470686720.000000 115
-0.447782 0.737755 -337562713793603241534196887507576029184.000000 112
-0.728969 0.684547 14405515344336266121040702521245761011712.000000 74
-0.631775 0.670396 1148698160523990711180200188436023345152.000000 92
-0.637424 0.770513 -2866544011625044991183184356900096442368.000000 94
-0.621382 0.574733 -18689860208703242750942504520103971782656.000000 76
-0.512882 0.469380 -17616850145796268161701368064358326730752.000000 77
-0.447782 0.571962 4351860187558487382812445789787443429376.000000 97
-0.631775 0.670396 1148698160523990711180200188436023345152.000000 92
-0.534582 0.656244 2135155192035550983947582079910943916032.000000 96
-0.637424 0.770513 -2866544011625044991183184356900096442368.000000 94
-0.621382 0.574733 -18689860208703242750942504520103971782656.000000 76
-0.631775 0.670396 1148698160523990711180200188436023345152.000000 92
-0.728969 0.684547 14405515344336266121040702521245761011712.000000 74
-0.621382 0.574733 -18689860208703242750942504520103971782656.000000 76
-0.534582 0.656244 2135155192035550983947582079910943916032.000000 96
-0.631775 0.670396 1148698160523990711180200188436023345152.000000 92
0.794983 0.411712 -11194816355957136028762406322700288.000000 236
0.929776 0.368125 -11149913387575285738805124050976768.000000 237
0.876307 0.481754 24248770977362028538031281734156288.000000 242
0.708183 0.493222 -33795066473740831409644338807832576.000000 238
0.794983 0.411712 -11194816355957136028762406322700288.000000 236
0.876307 0.481754 24248770977362028538031281734156288.000000 242
0.610532 0.481301 57861447708094261758802184338669568.000000 223
0.577982 0.366799 -98432271138074584038963691644780544.000000 208
0.719033 0.337964 36175798455416891976245862570393600.000000 222
0.349368 0.525509 1818129744932865922384680855822925824.000000 189
0.512882 0.469380 -380065227243639433477507280158064640.000000 207
0.447782 0.571962 -537850309206954226658516791893950464.000000 205
0.349368 0.525509 1818129744932865922384680855822925824.000000 189
0.422415 0.360024 432371769085676899906872127634014208.000000 190
0.512882 0.469380 -380065227243639433477507280158064640.000000 207
0.445745 0.037763 -539160594994152087428434612038139904.000000 170
0.314527 -0.024174 -11858919352095519830798527275177345024.000000 157
0.441136 -0.097722 4900413302154648342961274450629099520.000000 175
0.643082 0.264217 -186263416283029882641863042561736704.000000 206
0.522968 0.251959 490194562449776577651322254295826432.000000 191
0.571666 0.141635 744818651890324124877139768890097664.000000 188
0.794983 0.245918 38763695274273956228364989863297024.000000 220
0.719033 0.337964 36175798455416891976245862570393600.000000 222
0.643082 0.264217 -186263416283029882641863042561736704.000000 206
0.870933 0.153872 18184295878068747976917146006454272.000000 219
0.794983 0.245918 38763695274273956228364989863297024.000000 220
0.708183 0.161636 -130300452372606363511253588462534656.000000 204
0.870933 0.153872 18184295878068747976917146006454272.000000 219
0.968583 0.248690 -16352848296849136586334491715305472.000000 230
0.794983 0.245918 38763695274273956228364989863297024.000000 220
0.577982 0.366799 -98432271138074584038963691644780544.000000 208
0.422415 0.360024 432371769085676899906872127634014208.000000 190
0.522968 0.251959 490194562449776577651322254295826432.000000 191
0.040329 0.180264 -255715488313932015936973261915100807168.000000 129
0.167922 0.223510 97087728798228139816664351107562078208.000000 147
0.060580 0.300829 -62815452324897063508261184349874946048.000000 136
0.794983 0.245918 38763695274273956228364989863297024.000000 220
0.643082 0.264217 -186263416283029882641863042561736704.000000 206
0.708183 0.161636 -130300452372606363511253588462534656.000000 204
0.708183 0.493222 -33795066473740831409644338807832576.000000 238
0.719033 0.337964 36175798455416891976245862570393600.000000 222
0.794983 0.411712 -11194816355957136028762406322700288.000000 236
0.577982 0.366799 -98432271138074584038963691644780544.000000 208
0.643082 0.264217 -186263416283029882641863042561736704.000000 206
0.719033 0.337964 36175798455416891976245862570393600.000000 222
0.915249 0.040903 -2772096610028218108323685740838912.000000 228
0.773283 0.059054 9414954383819301093115522447310848.000000 215
0.838383 -0.043527 -31499399798936002066082472080179200.000000 225
1.000000 -0.000000 21414174551513191678637209418727424.000000 240
0.915249 0.040903 -2772096610028218108323685740838912.000000 228
0.838383 -0.043527 -31499399798936002066082472080179200.000000 225
0.992115 0.125333 -5535575964954568984417670585647104.000000 233
0.968583 0.248690 -16352848296849136586334491715305472.000000 230
0.870933 0.153872 18184295878068747976917146006454272.000000 219
0.794983 0.245918 38763695274273956228364989863297024.000000 220
0.929776 0.368125 -11149913387575285738805124050976768.000000 237
0.794983 0.411712 -11194816355957136028762406322700288.000000 236
0.062791 0.998027 -535504879514575853997686553262948352.000000 198
0.023973 0.872212 -167737506109793383659023980610715648.000000 184
0.187381 0.982287 -742706130892178511783434903237951488.000000 199
0.425779 0.904827 123577571606554742302383222042918912.000000 216
0.309017 0.951057 -1157143603680059229423835323100561408.000000 214
0.360982 0.819266 505301792742012085834336624632135680.000000 203
0.309017 0.951057 -1157143603680059229423835323100561408.000000 214
0.203275 0.856480 3008293124143987445760218815564611584.000000 200
0.360982 0.819266 505301792742012085834336624632135680.000000 203
0.382682 0.674543 1480121465865600041845922884818567168.000000 202
0.447782 0.737755 -360120424199605253395901555725565952.000000 218
0.360982 0.819266 505301792742012085834336624632135680.000000 203
0.512882 0.469380 -380065227243639433477507280158064640.000000 207
0.621382 0.574733 157690824016140530050399905289076736.000000 221
0.447782 0.571962 -537850309206954226658516791893950464.000000 205
0.719033 0.337964 36175798455416891976245862570393600.000000 222
0.708183 0.493222 -33795066473740831409644338807832576.000000 238
0.610532 0.481301 57861447708094261758802184338669568.000000 223
0.809017 0.587785 -37229632625366824374813999958589440.000000 235
0.728969 0.684547 -50910233283363193635599327342624768.000000 234
0.621382 0.574733 157690824016140530050399905289076736.000000 221
0.621382 0.574733 157690824016140530050399905289076736.000000 221
0.534582 0.656244 -110181154174863709002092738596831232.000000 217
0.447782 0.571962 -537850309206954226658516791893950464.000000 205
0.809017 0.587785 -37229632625366824374813999958589440.000000 235
0.621382 0.574733 157690824016140530050399905289076736.000000 221
0.708183 0.493222 -33795066473740831409644338807832576.000000 238
0.631775 0.670396 -2238273917224769301296090854719488.000000 229
0.534582 0.656244 -110181154174863709002092738596831232.000000 217
0.621382 0.574733 157690824016140530050399905289076736.000000 221
0.728969 0.684547 -50910233283363193635599327342624768.000000 234
0.631775 0.670396 -2238273917224769301296090854719488.000000 229
0.621382 0.574733 157690824016140530050399905289076736.000000 221
0.728969 0.684547 -50910233283363193635599327342624768.000000 234
0.637424 0.770513 16119813409935692431082331303837696.000000 231
0.631775 0.670396 -2238273917224769301296090854719488.000000 229
0.447782 0.737755 -360120424199605253395901555725565952.000000 218
0.425779 0.904827 123577571606554742302383222042918912.000000 216
0.360982 0.819266 505301792742012085834336624632135680.000000 203
0.794983 0.245918 38763695274273956228364989863297024.000000 220
0.794983 0.411712 -11194816355957136028762406322700288.000000 236
0.719033 0.337964 36175798455416891976245862570393600.000000 222
0.610532 0.481301 57861447708094261758802184338669568.000000 223
0.621382 0.574733 157690824016140530050399905289076736.000000 221
0.512882 0.469380 -380065227243639433477507280158064640.000000 207
0.577982 0.366799 -98432271138074584038963691644780544.000000 208
0.610532 0.481301 57861447708094261758802184338669568.000000 223
0.512882 0.469380 -380065227243639433477507280158064640.000000 207
0.708183 0.493222 -33795066473740831409644338807832576.000000 238
0.621382 0.574733 157690824016140530050399905289076736.000000 221
0.610532 0.481301 57861447708094261758802184338669568.000000 223
0.637424 0.770513 16119813409935692431082331303837696.000000 231
0.534582 0.656244 -110181154174863709002092738596831232.000000 217
0.631775 0.670396 -2238273917224769301296090854719488.000000 229
0.637424 0.770513 16119813409935692431082331303837696.000000 231
0.535827 0.844328 128751689977740593965397460595507200.000000 232
0.534582 0.656244 -110181154174863709002092738596831232.000000 217
0.235061 0.604864 -3998214579104453273251279088562208768.000000 186
0.219168 0.730672 -5270324679635584643873979871403180032.000000 187
0.072414 0.628453 43444508741530733746502110444265668608.000000 169
0.447782 0.737755 -360120424199605253395901555725565952.000000 218
0.535827 0.844328 128751689977740593965397460595507200.000000 232
0.425779 0.904827 123577571606554742302383222042918912.000000 216
0.534582 0.656244 -110181154174863709002092738596831232.000000 217
0.447782 0.737755 -360120424199605253395901555725565952.000000 218
0.382682 0.674543 1480121465865600041845922884818567168.000000 202
0.534582 0.656244 -110181154174863709002092738596831232.000000 217
0.535827 0.844328 128751689977740593965397460595507200.000000 232
0.447782 0.737755 -360120424199605253395901555725565952.000000 218
-0.135539 0.372907 19016024152122293550387587057604100096.000000 116
-0.250954 0.479057 -3323272012247778126237542465022407475200.000000 114
-0.266847 0.353249 5761100552602209632899389404487910162432.000000 98
0.060580 0.300829 -62815452324897063508261184349874946048.000000 136
-0.004231 0.392564 -200821493101216184701908574424228954112.000000 135
-0.042554 0.274619 782029041050527907859026476822293381120.000000 117
0.040329 0.180264 -255715488313932015936973261915100807168.000000 129
0.060580 0.300829 -62815452324897063508261184349874946048.000000 136
-0.042554 0.274619 782029041050527907859026476822293381120.000000 117
0.163714 0.327039 -15995426200423188135667707145504161792.000000 153
0.123361 0.435810 45748284510839944620358806076898934784.000000 154
0.060580 0.300829 -62815452324897063508261184349874946048.000000 136
-0.080876 0.156675 -419696585015222979425393893157011193856.000000 110
0.020079 0.059698 1209412223388730362478889587499813830656.000000 118
0.040329 0.180264 -255715488313932015936973261915100807168.000000 129
0.266847 0.353249 -4661054601697795274039423852620021760.000000 172
0.250954 0.479057 -6428759071025999167479295746800353280.000000 171
0.123361 0.435810 45748284510839944620358806076898934784.000000 154
-0.108431 0.494783 453464667856596521750839594029055737856.000000 133
-0.250954 0.479057 -3323272012247778126237542465022407475200.000000 114
-0.135539 0.372907 19016024152122293550387587057604100096.000000 116
-0.004231 0.392564 -200821493101216184701908574424228954112.000000 135
-0.108431 0.494783 453464667856596521750839594029055737856.000000 133
-0.135539 0.372907 19016024152122293550387587057604100096.000000 116
0.034091 0.510509 -17703274205410726918211086476818513920.000000 151
0.072414 0.628453 43444508741530733746502110444265668608.000000 169
-0.081324 0.616659 -235042664615088539989060162441187426304.000000 152
0.034091 0.510509 -17703274205410726918211086476818513920.000000 151
0.123361 0.435810 45748284510839944620358806076898934784.000000 154
0.134576 0.557687 -11915280333827919176576546126990147584.000000 168
0.381154 0.273894 104836404776406462166407243817287680.000000 173
0.266847 0.353249 -4661054601697795274039423852620021760.000000 172
0.282741 0.227442 7190316114534226227761507682599567360.000000 155
0.413450 0.155828 -3648395645843737469407487057891164160.000000 174
0.445745 0.037763 -539160594994152087428434612038139904.000000 170
0.571666 0.141635 744818651890324124877139768890097664.000000 188
0.282741 0.227442 7190316114534226227761507682599567360.000000 155
0.413450 0.155828 -3648395645843737469407487057891164160.000000 174
0.381154 0.273894 104836404776406462166407243817287680.000000 173
0.298634 0.101634 15022819531646312571758941139795705856.000000 156
0.445745 0.037763 -539160594994152087428434612038139904.000000 170
0.413450 0.155828 -3648395645843737469407487057891164160.000000 174
0.577982 0.366799 -98432271138074584038963691644780544.000000 208
0.512882 0.469380 -380065227243639433477507280158064640.000000 207
0.422415 0.360024 432371769085676899906872127634014208.000000 190
0.134576 0.557687 -11915280333827919176576546126990147584.000000 168
0.235061 0.604864 -3998214579104453273251279088562208768.000000 186
0.072414 0.628453 43444508741530733746502110444265668608.000000 169
0.034091 0.510509 -17703274205410726918211086476818513920.000000 151
0.134576 0.557687 -11915280333827919176576546126990147584.000000 168
0.072414 0.628453 43444508741530733746502110444265668608.000000 169
0.123361 0.435810 45748284510839944620358806076898934784.000000 154
0.250954 0.479057 -6428759071025999167479295746800353280.000000 171
0.134576 0.557687 -11915280333827919176576546126990147584.000000 168
0.422415 0.360024 432371769085676899906872127634014208.000000 190
0.349368 0.525509 1818129744932865922384680855822925824.000000 189
0.266847 0.353249 -4661054601697795274039423852620021760.000000 172
0.349368 0.525509 1818129744932865922384680855822925824.000000 189
0.235061 0.604864 -3998214579104453273251279088562208768.000000 186
0.250954 0.479057 -6428759071025999167479295746800353280.000000 171
0.266847 0.353249 -4661054601697795274039423852620021760.000000 172
0.349368 0.525509 1818129744932865922384680855822925824.000000 189
0.250954 0.479057 -6428759071025999167479295746800353280.000000 171
0.447782 0.571962 -537850309206954226658516791893950464.000000 205
0.382682 0.674543 1480121465865600041845922884818567168.000000 202
0.349368 0.525509 1818129744932865922384680855822925824.000000 189
0.023973 0.872212 -167737506109793383659023980610715648.000000 184
0.062791 0.998027 -535504879514575853997686553262948352.000000 198
-0.062791 0.998027 3281197547624355102079610406473564160.000000 182
-0.089651 0.864346 -18428227217185887776619791326510055424.000000 166
0.023973 0.872212 -167737506109793383659023980610715648.000000 184
-0.062791 0.998027 3281197547624355102079610406473564160.000000 182
-0.187381 0.982287 17266366936185776293835101971266142208.000000 165
-0.089651 0.864346 -18428227217185887776619791326510055424.000000 166
-0.062791 0.998027 3281197547624355102079610406473564160.000000 182
-0.203275 0.856480 -3557831392521750715953905852408135680.000000 149
-0.109200 0.735914 66914761053576700571246686198464249856.000000 150
-0.089651 0.864346 -18428227217185887776619791326510055424.000000 166
0.000768 0.741156 29190251975209697510402040260426989568.000000 167
0.110736 0.746398 -12549603955914089678069967230192320512.000000 183
0.023973 0.872212 -167737506109793383659023980610715648.000000 184
0.219168 0.730672 -5270324679635584643873979871403180032.000000 187
0.110736 0.746398 -12549603955914089678069967230192320512.000000 183
0.072414 0.628453 43444508741530733746502110444265668608.000000 169
0.203275 0.856480 3008293124143987445760218815564611584.000000 200
0.187381 0.982287 -742706130892178511783434903237951488.000000 199
0.023973 0.872212 -167737506109793383659023980610715648.000000 184
0.187381 0.982287 -742706130892178511783434903237951488.000000 199
0.203275 0.856480 3008293124143987445760218815564611584.000000 200
0.309017 0.951057 -1157143603680059229423835323100561408.000000 214
-0.235061 0.604864 1039078584419104816313112174425096060928.000000 132
-0.250954 0.479057 -3323272012247778126237542465022407475200.000000 114
-0.108431 0.494783 453464667856596521750839594029055737856.000000 133
-0.109200 0.735914 66914761053576700571246686198464249856.000000 150
-0.203275 0.856480 -3557831392521750715953905852408135680.000000 149
-0.219168 0.730672 -116115165884678913138607392307997048832.000000 134
0.072414 0.628453 43444508741530733746502110444265668608.000000 169
0.000768 0.741156 29190251975209697510402040260426989568.000000 167
-0.081324 0.616659 -235042664615088539989060162441187426304.000000 152
0.000768 0.741156 29190251975209697510402040260426989568.000000 167
0.023973 0.872212 -167737506109793383659023980610715648.000000 184
-0.089651 0.864346 -18428227217185887776619791326510055424.000000 166
-0.219168 0.730672 -116115165884678913138607392307997048832.000000 134
-0.317582 0.777124 126292377585570575873059622548108476416.000000 131
-0.382682 0.674543 -499193286302654597959345665802470686720.000000 115
-0.108431 0.494783 453464667856596521750839594029055737856.000000 133
-0.081324 0.616659 -235042664615088539989060162441187426304.000000 152
-0.235061 0.604864 1039078584419104816313112174425096060928.000000 132
-0.203275 0.856480 -3557831392521750715953905852408135680.000000 149
-0.317582 0.777124 126292377585570575873059622548108476416.000000 131
-0.219168 0.730672 -116115165884678913138607392307997048832.000000 134
0.809017 0.587785 -37229632625366824374813999958589440.000000 235
0.708183 0.493222 -33795066473740831409644338807832576.000000 238
0.876307 0.481754 24248770977362028538031281734156288.000000 242
0.469331 -0.217723 -5520748955432909115307794451071500288.000000 178
0.443723 -0.339315 -11344377269878078324326425486403043328.000000 177
0.569181 -0.223917 2359341845012582277788562494586880000.000000 195
0.992115 -0.125333 16544451499400895812648873974824960.000000 243
0.903483 -0.146108 -43265554516708182210085999431647232.000000 239
0.968583 -0.248690 -1599098678364358945629050169720832.000000 241
0.992115 -0.125333 16544451499400895812648873974824960.000000 243
1.000000 -0.000000 21414174551513191678637209418727424.000000 240
0.903483 -0.146108 -43265554516708182210085999431647232.000000 239
-0.616669 -0.529062 -1978662571520034271206048334095349322874880.000000 25
-0.518255 -0.575515 333445132908490748632814328206465699938304.000000 36
-0.486789 -0.444362 91129433459107493324276595147308911296512.000000 38
-0.728969 -0.684547 -562124182013562352005473597569169807638528.000000 14
-0.658410 -0.623625 -75026570743350611834975593321170441601024.000000 24
-0.735953 -0.529892 2577876349481205060377326881451363111272448.000000 15
-0.433694 -0.622226 -40886551178113340099002615079796272529408.000000 37
-0.409886 -0.779019 15512647507683846218733484438906283753472.000000 45
-0.349134 -0.668938 13577400548318460520162254859224930582528.000000 51
-0.637424 -0.770513 120822700694686348334205726084478403608576.000000 19
-0.534148 -0.701322 -51902670290965411226744344174294309273600.000000 31
-0.658410 -0.623625 -75026570743350611834975593321170441601024.000000 24
-0.637424 -0.770513 120822700694686348334205726084478403608576.000000 19
-0.535827 -0.844328 -5618335315925763119295225739889350803456.000000 30
-0.534148 -0.701322 -51902670290965411226744344174294309273600.000000 31
0.664439 -0.453191 -420158701779650490590572840791048192.000000 197
0.736206 -0.299972 -807220085150070506812973957938937856.000000 212
0.592925 -0.376490 2402333995750674914803810274488877056.000000 194
0.736206 -0.299972 -807220085150070506812973957938937856.000000 212
0.792049 -0.172045 185788634790394124040799603260391424.000000 224
0.680615 -0.197981 -354557777695704880783901002100113408.000000 209
0.929776 -0.368125 -95030296544677803562374532295557120.000000 226
0.847640 -0.274036 83142057823483240793761162165485568.000000 227
0.791796 -0.401964 221054025296174937531402983535804416.000000 213
0.929776 -0.368125 -95030296544677803562374532295557120.000000 226
0.968583 -0.248690 -1599098678364358945629050169720832.000000 241
0.847640 -0.274036 83142057823483240793761162165485568.000000 227
0.715365 -0.101593 36675495488315992158888845547405312.000000 210
0.584401 -0.096754 -116635694641626075886473354695147520.000000 192
0.680615 -0.197981 -354557777695704880783901002100113408.000000 209
0.773283 0.059054 9414954383819301093115522447310848.000000 215
0.715365 -0.101593 36675495488315992158888845547405312.000000 210
0.838383 -0.043527 -31499399798936002066082472080179200.000000 225
0.662567 0.006795 55138253526468662552607756208046080.000000 201
0.708183 0.161636 -130300452372606363511253588462534656.000000 204
0.571666 0.141635 744818651890324124877139768890097664.000000 188
-0.592925 -0.376490 1815301391044904147873817451931727078359040.000000 33
-0.486789 -0.444362 91129433459107493324276595147308911296512.000000 38
-0.443723 -0.339315 -834186042662853824741216510429412357832704.000000 48
-0.791796 -0.401964 -21519247113275829482282153053755160240586752.000000 10
-0.664439 -0.453191 9749211556724048296426262006495689503145984.000000 20
-0.680489 -0.312940 -20193912894663750432908294352840243556646912.000000 21
-0.616669 -0.529062 -1978662571520034271206048334095349322874880.000000 25
-0.486789 -0.444362 91129433459107493324276595147308911296512.000000 38
-0.592925 -0.376490 1815301391044904147873817451931727078359040.000000 33
-0.584401 -0.096754 1787815679398518208649200826744293904351232.000000 35
-0.569181 -0.223917 2354104597801941324845147202108182623158272.000000 34
-0.469331 -0.217723 -565590844878324670076266870129130372857856.000000 49
-0.680489 -0.312940 -20193912894663750432908294352840243556646912.000000 21
-0.847640 -0.274036 100886607771612941922290974313578024610562048.000000 11
-0.791796 -0.401964 -21519247113275829482282153053755160240586752.000000 10
-0.035536 -0.096906 242195980517242656953555741613855080448.000000 104
-0.119199 0.038730 -6235170410443672494448321039927145922560.000000 100
-0.157522 -0.079215 539676214589210074307599635582185111552.000000 85
-0.195844 -0.197159 -46171932315535262602624294231485282516992.000000 84
-0.064278 -0.185365 6183771756884821767745326546837699559424.000000 103
-0.157522 -0.079215 539676214589210074307599635582185111552.000000 85
0.196515 -0.037934 52422758025030989567089407381446066176.000000 140
0.314527 -0.024174 -11858919352095519830798527275177345024.000000 157
0.298634 0.101634 15022819531646312571758941139795705856.000000 156
0.125317 0.034143 -264006412329639583462815757380173692928.000000 128
0.196515 -0.037934 52422758025030989567089407381446066176.000000 140
0.172130 0.119981 -127291528540771126735825603728762732544.000000 137
-0.035536 -0.096906 242195980517242656953555741613855080448.000000 104
0.078503 -0.051694 -122177781412528394553911772294047334400.000000 122
0.020079 0.059698 1209412223388730362478889587499813830656.000000 118
-0.035536 -0.096906 242195980517242656953555741613855080448.000000 104
0.067288 -0.173570 -546251303725816365731062501483523080192.000000 121
0.078503 -0.051694 -122177781412528394553911772294047334400.000000 122
0.198854 -0.161776 44407751951023663807486726055154155520.000000 141
0.330420 -0.149981 -10507048871761922041626921324278448128.000000 160
0.196515 -0.037934 52422758025030989567089407381446066176.000000 140
0.078503 -0.051694 -122177781412528394553911772294047334400.000000 122
0.198854 -0.161776 44407751951023663807486726055154155520.000000 141
0.196515 -0.037934 52422758025030989567089407381446066176.000000 140
-0.001975 -0.299378 -3109623996951255152534584419878327812096.000000 107
0.114121 -0.291515 534927003062926979325983739207290454016.000000 124
0.067288 -0.173570 -546251303725816365731062501483523080192.000000 121
-0.065162 -0.389016 -2145309814024811852905280743664173187072.000000 106
-0.001975 -0.299378 -3109623996951255152534584419878327812096.000000 107
-0.118071 -0.307241 16229371459598248462179841712441528418304.000000 89
-0.145550 -0.426758 4536233179013824023640735748907805442048.000000 87
-0.065162 -0.389016 -2145309814024811852905280743664173187072.000000 106
-0.118071 -0.307241 16229371459598248462179841712441528418304.000000 89
-0.012254 -0.470791 282472692144314535866760016249338462208.000000 105
0.108328 -0.414177 657666746203019112840497147824343875584.000000 123
-0.065162 -0.389016 -2145309814024811852905280743664173187072.000000 106
-0.065162 -0.389016 -2145309814024811852905280743664173187072.000000 106
0.108328 -0.414177 657666746203019112840497147824343875584.000000 123
-0.001975 -0.299378 -3109623996951255152534584419878327812096.000000 107
0.441136 -0.097722 4900413302154648342961274450629099520.000000 175
0.314527 -0.024174 -11858919352095519830798527275177345024.000000 157
0.330420 -0.149981 -10507048871761922041626921324278448128.000000 160
-0.035536 -0.096906 242195980517242656953555741613855080448.000000 104
0.020079 0.059698 1209412223388730362478889587499813830656.000000 118
-0.119199 0.038730 -6235170410443672494448321039927145922560.000000 100
0.522968 0.251959 490194562449776577651322254295826432.000000 191
0.643082 0.264217 -186263416283029882641863042561736704.000000 206
0.577982 0.366799 -98432271138074584038963691644780544.000000 208
0.381154 0.273894 104836404776406462166407243817287680.000000 173
0.522968 0.251959 490194562449776577651322254295826432.000000 191
0.422415 0.360024 432371769085676899906872127634014208.000000 190
0.266847 0.353249 -4661054601697795274039423852620021760.000000 172
0.381154 0.273894 104836404776406462166407243817287680.000000 173
0.422415 0.360024 432371769085676899906872127634014208.000000 190
0.282741 0.227442 7190316114534226227761507682599567360.000000 155
0.298634 0.101634 15022819531646312571758941139795705856.000000 156
0.413450 0.155828 -3648395645843737469407487057891164160.000000 174
0.584401 -0.096754 -116635694641626075886473354695147520.000000 192
0.441136 -0.097722 4900413302154648342961274450629099520.000000 175
0.469331 -0.217723 -5520748955432909115307794451071500288.000000 178
0.381154 0.273894 104836404776406462166407243817287680.000000 173
0.413450 0.155828 -3648395645843737469407487057891164160.000000 174
0.522968 0.251959 490194562449776577651322254295826432.000000 191
0.298634 0.101634 15022819531646312571758941139795705856.000000 156
0.314527 -0.024174 -11858919352095519830798527275177345024.000000 157
0.445745 0.037763 -539160594994152087428434612038139904.000000 170
0.571666 0.141635 744818651890324124877139768890097664.000000 188
0.708183 0.161636 -130300452372606363511253588462534656.000000 204
0.643082 0.264217 -186263416283029882641863042561736704.000000 206
0.413450 0.155828 -3648395645843737469407487057891164160.000000 174
0.571666 0.141635 744818651890324124877139768890097664.000000 188
0.522968 0.251959 490194562449776577651322254295826432.000000 191
0.662567 0.006795 55138253526468662552607756208046080.000000 201
0.715365 -0.101593 36675495488315992158888845547405312.000000 210
0.773283 0.059054 9414954383819301093115522447310848.000000 215
0.708183 0.161636 -130300452372606363511253588462534656.000000 204
0.662567 0.006795 55138253526468662552607756208046080.000000 201
0.773283 0.059054 9414954383819301093115522447310848.000000 215
0.543905 0.017440 -1065794789189932211375656132595941376.000000 185
0.584401 -0.096754 -116635694641626075886473354695147520.000000 192
0.662567 0.006795 55138253526468662552607756208046080.000000 201
0.445745 0.037763 -539160594994152087428434612038139904.000000 170
0.543905 0.017440 -1065794789189932211375656132595941376.000000 185
0.571666 0.141635 744818651890324124877139768890097664.000000 188
0.445745 0.037763 -539160594994152087428434612038139904.000000 170
0.441136 -0.097722 4900413302154648342961274450629099520.000000 175
0.543905 0.017440 -1065794789189932211375656132595941376.000000 185
0.794983 0.245918 38763695274273956228364989863297024.000000 220
0.968583 0.248690 -16352848296849136586334491715305472.000000 230
0.929776 0.368125 -11149913387575285738805124050976768.000000 237
0.773283 0.059054 9414954383819301093115522447310848.000000 215
0.870933 0.153872 18184295878068747976917146006454272.000000 219
0.708183 0.161636 -130300452372606363511253588462534656.000000 204
0.773283 0.059054 9414954383819301093115522447310848.000000 215
0.915249 0.040903 -2772096610028218108323685740838912.000000 228
0.870933 0.153872 18184295878068747976917146006454272.000000 219
0.838383 -0.043527 -31499399798936002066082472080179200.000000 225
0.903483 -0.146108 -43265554516708182210085999431647232.000000 239
1.000000 -0.000000 21414174551513191678637209418727424.000000 240
0.584401 -0.096754 -116635694641626075886473354695147520.000000 192
0.569181 -0.223917 2359341845012582277788562494586880000.000000 195
0.680615 -0.197981 -354557777695704880783901002100113408.000000 209
0.662567 0.006795 55138253526468662552607756208046080.000000 201
0.584401 -0.096754 -116635694641626075886473354695147520.000000 192
0.715365 -0.101593 36675495488315992158888845547405312.000000 210
0.543905 0.017440 -1065794789189932211375656132595941376.000000 185
0.441136 -0.097722 4900413302154648342961274450629099520.000000 175
0.584401 -0.096754 -116635694641626075886473354695147520.000000 192
0.662567 0.006795 55138253526468662552607756208046080.000000 201
0.571666 0.141635 744818651890324124877139768890097664.000000 188
0.543905 0.017440 -1065794789189932211375656132595941376.000000 185
0.330420 -0.149981 -10507048871761922041626921324278448128.000000 160
0.346313 -0.275789 45773866358160939712126206820715855872.000000 161
0.469331 -0.217723 -5520748955432909115307794451071500288.000000 178
0.664439 -0.453191 -420158701779650490590572840791048192.000000 197
0.592925 -0.376490 2402333995750674914803810274488877056.000000 194
0.616669 -0.529062 698091524155010925102372286546051072.000000 181
0.735953 -0.529892 -34079217437256691666826667986255872.000000 196
0.664439 -0.453191 -420158701779650490590572840791048192.000000 197
0.616669 -0.529062 698091524155010925102372286546051072.000000 181
0.735953 -0.529892 -34079217437256691666826667986255872.000000 196
0.791796 -0.401964 221054025296174937531402983535804416.000000 213
0.664439 -0.453191 -420158701779650490590572840791048192.000000 197
0.838383 -0.043527 -31499399798936002066082472080179200.000000 225
0.715365 -0.101593 36675495488315992158888845547405312.000000 210
0.792049 -0.172045 185788634790394124040799603260391424.000000 224
0.443723 -0.339315 -11344377269878078324326425486403043328.000000 177
0.346313 -0.275789 45773866358160939712126206820715855872.000000 161
0.362206 -0.401597 39559020725759664713760561677824163840.000000 159
0.584401 -0.096754 -116635694641626075886473354695147520.000000 192
0.469331 -0.217723 -5520748955432909115307794451071500288.000000 178
0.569181 -0.223917 2359341845012582277788562494586880000.000000 195
0.441136 -0.097722 4900413302154648342961274450629099520.000000 175
0.330420 -0.149981 -10507048871761922041626921324278448128.000000 160
0.469331 -0.217723 -5520748955432909115307794451071500288.000000 178
0.915249 0.040903 -2772096610028218108323685740838912.000000 228
0.992115 0.125333 -5535575964954568984417670585647104.000000 233
0.870933 0.153872 18184295878068747976917146006454272.000000 219
0.219168 0.730672 -5270324679635584643873979871403180032.000000 187
0.360982 0.819266 505301792742012085834336624632135680.000000 203
0.203275 0.856480 3008293124143987445760218815564611584.000000 200
0.110736 0.746398 -12549603955914089678069967230192320512.000000 183
0.219168 0.730672 -5270324679635584643873979871403180032.000000 187
0.203275 0.856480 3008293124143987445760218815564611584.000000 200
0.235061 0.604864 -3998214579104453273251279088562208768.000000 186
0.382682 0.674543 1480121465865600041845922884818567168.000000 202
0.219168 0.730672 -5270324679635584643873979871403180032.000000 187
0.123361 0.435810 45748284510839944620358806076898934784.000000 154
-0.004231 0.392564 -200821493101216184701908574424228954112.000000 135
0.060580 0.300829 -62815452324897063508261184349874946048.000000 136
-0.081324 0.616659 -235042664615088539989060162441187426304.000000 152
-0.108431 0.494783 453464667856596521750839594029055737856.000000 133
0.034091 0.510509 -17703274205410726918211086476818513920.000000 151
0.000768 0.741156 29190251975209697510402040260426989568.000000 167
-0.109200 0.735914 66914761053576700571246686198464249856.000000 150
-0.081324 0.616659 -235042664615088539989060162441187426304.000000 152
0.110736 0.746398 -12549603955914089678069967230192320512.000000 183
0.000768 0.741156 29190251975209697510402040260426989568.000000 167
0.072414 0.628453 43444508741530733746502110444265668608.000000 169
0.110736 0.746398 -12549603955914089678069967230192320512.000000 183
0.203275 0.856480 3008293124143987445760218815564611584.000000 200
0.023973 0.872212 -167737506109793383659023980610715648.000000 184
-0.219168 0.730672 -116115165884678913138607392307997048832.000000 134
-0.235061 0.604864 1039078584419104816313112174425096060928.000000 132
-0.081324 0.616659 -235042664615088539989060162441187426304.000000 152
0.123361 0.435810 45748284510839944620358806076898934784.000000 154
0.163714 0.327039 -15995426200423188135667707145504161792.000000 153
0.266847 0.353249 -4661054601697795274039423852620021760.000000 172
0.235061 0.604864 -3998214579104453273251279088562208768.000000 186
0.134576 0.557687 -11915280333827919176576546126990147584.000000 168
0.250954 0.479057 -6428759071025999167479295746800353280.000000 171
0.034091 0.510509 -17703274205410726918211086476818513920.000000 151
-0.004231 0.392564 -200821493101216184701908574424228954112.000000 135
0.123361 0.435810 45748284510839944620358806076898934784.000000 154
0.382682 0.674543 1480121465865600041845922884818567168.000000 202
0.360982 0.819266 505301792742012085834336624632135680.000000 203
0.219168 0.730672 -5270324679635584643873979871403180032.000000 187
0.349368 0.525509 1818129744932865922384680855822925824.000000 189
0.382682 0.674543 1480121465865600041845922884818567168.000000 202
0.235061 0.604864 -3998214579104453273251279088562208768.000000 186
0.447782 0.571962 -537850309206954226658516791893950464.000000 205
0.534582 0.656244 -110181154174863709002092738596831232.000000 217
0.382682 0.674543 1480121465865600041845922884818567168.000000 202
-0.876307 0.481754 -26948625278464094878072569005128323956736.000000 40
-0.708183 0.493222 116960635188908044510592469508678651740160.000000 56
-0.809017 0.587785 -29110001742308504954355085356202880663552.000000 55
-0.389865 0.411315 15887801928980518513891887442048613089280.000000 95
-0.250954 0.479057 -3323272012247778126237542465022407475200.000000 114
-0.349368 0.525509 -3198408491889174124455374937570284666880.000000 113
-0.162647 0.251030 -3629750439146505955914901428149292105728.000000 99
-0.135539 0.372907 19016024152122293550387587057604100096.000000 116
-0.266847 0.353249 5761100552602209632899389404487910162432.000000 98
-0.298634 0.101634 -93745940119228361105771214227488970375168.000000 73
-0.189755 0.129154 11618825579750923737673265901163780243456.000000 93
-0.282741 0.227442 4053690442407143241876570392205545439232.000000 79
-0.042554 0.274619 782029041050527907859026476822293381120.000000 117
-0.135539 0.372907 19016024152122293550387587057604100096.000000 116
-0.162647 0.251030 -3629750439146505955914901428149292105728.000000 99
-0.108431 0.494783 453464667856596521750839594029055737856.000000 133
-0.004231 0.392564 -200821493101216184701908574424228954112.000000 135
0.034091 0.510509 -17703274205410726918211086476818513920.000000 151
-0.282741 0.227442 4053690442407143241876570392205545439232.000000 79
-0.162647 0.251030 -3629750439146505955914901428149292105728.000000 99
-0.266847 0.353249 5761100552602209632899389404487910162432.000000 98
-0.042554 0.274619 782029041050527907859026476822293381120.000000 117
-0.004231 0.392564 -200821493101216184701908574424228954112.000000 135
-0.135539 0.372907 19016024152122293550387587057604100096.000000 116
0.167922 0.223510 97087728798228139816664351107562078208.000000 147
0.172130 0.119981 -127291528540771126735825603728762732544.000000 137
0.282741 0.227442 7190316114534226227761507682599567360.000000 155
0.060580 0.300829 -62815452324897063508261184349874946048.000000 136
0.167922 0.223510 97087728798228139816664351107562078208.000000 147
0.163714 0.327039 -15995426200423188135667707145504161792.000000 153
0.040329 0.180264 -255715488313932015936973261915100807168.000000 129
0.172130 0.119981 -127291528540771126735825603728762732544.000000 137
0.167922 0.223510 97087728798228139816664351107562078208.000000 147
-0.080876 0.156675 -419696585015222979425393893157011193856.000000 110
0.040329 0.180264 -255715488313932015936973261915100807168.000000 129
-0.042554 0.274619 782029041050527907859026476822293381120.000000 117
0.020079 0.059698 1209412223388730362478889587499813830656.000000 118
0.172130 0.119981 -127291528540771126735825603728762732544.000000 137
0.040329 0.180264 -255715488313932015936973261915100807168.000000 129
0.282741 0.227442 7190316114534226227761507682599567360.000000 155
0.266847 0.353249 -4661054601697795274039423852620021760.000000 172
0.163714 0.327039 -15995426200423188135667707145504161792.000000 153
-0.534582 0.656244 2135155192035550983947582079910943916032.000000 96
-0.535827 0.844328 -107397579431575247964272298778681147392.000000 111
-0.637424 0.770513 -2866544011625044991183184356900096442368.000000 94
0.847640 -0.274036 83142057823483240793761162165485568.000000 227
0.903483 -0.146108 -43265554516708182210085999431647232.000000 239
0.792049 -0.172045 185788634790394124040799603260391424.000000 224
0.968583 -0.248690 -1599098678364358945629050169720832.000000 241
0.903483 -0.146108 -43265554516708182210085999431647232.000000 239
0.847640 -0.274036 83142057823483240793761162165485568.000000 227
0.791796 -0.401964 221054025296174937531402983535804416.000000 213
0.735953 -0.529892 -34079217437256691666826667986255872.000000 196
0.876307 -0.481754 -55378212705195846245011542937436160.000000 211
0.929776 -0.368125 -95030296544677803562374532295557120.000000 226
0.791796 -0.401964 221054025296174937531402983535804416.000000 213
0.876307 -0.481754 -55378212705195846245011542937436160.000000 211
0.592925 -0.376490 2402333995750674914803810274488877056.000000 194
0.569181 -0.223917 2359341845012582277788562494586880000.000000 195
0.443723 -0.339315 -11344377269878078324326425486403043328.000000 177
0.616669 -0.529062 698091524155010925102372286546051072.000000 181
0.592925 -0.376490 2402333995750674914803810274488877056.000000 194
0.486789 -0.444362 -5335425167422810497654370396629106688.000000 176
0.736206 -0.299972 -807220085150070506812973957938937856.000000 212
0.569181 -0.223917 2359341845012582277788562494586880000.000000 195
0.592925 -0.376490 2402333995750674914803810274488877056.000000 194
0.847640 -0.274036 83142057823483240793761162165485568.000000 227
0.736206 -0.299972 -807220085150070506812973957938937856.000000 212
0.791796 -0.401964 221054025296174937531402983535804416.000000 213
0.680615 -0.197981 -354557777695704880783901002100113408.000000 209
0.569181 -0.223917 2359341845012582277788562494586880000.000000 195
0.736206 -0.299972 -807220085150070506812973957938937856.000000 212
0.378100 -0.527404 2543564216051402021102346278306578432.000000 158
0.486789 -0.444362 -5335425167422810497654370396629106688.000000 176
0.362206 -0.401597 39559020725759664713760561677824163840.000000 159
0.518255 -0.575515 723956406662498619802851931225849856.000000 164
0.393993 -0.653212 -1688773023114836343682934786540699648.000000 146
0.515708 -0.711863 -325113144311406089751596128628899840.000000 162
0.486789 -0.444362 -5335425167422810497654370396629106688.000000 176
0.518255 -0.575515 723956406662498619802851931225849856.000000 164
0.616669 -0.529062 698091524155010925102372286546051072.000000 181
0.378100 -0.527404 2543564216051402021102346278306578432.000000 158
0.393993 -0.653212 -1688773023114836343682934786540699648.000000 146
0.518255 -0.575515 723956406662498619802851931225849856.000000 164
0.658410 -0.623625 -216315022927169654504653880066834432.000000 179
0.728969 -0.684547 16528368262612924300241455510716416.000000 180
0.735953 -0.529892 -34079217437256691666826667986255872.000000 196
0.196515 -0.037934 52422758025030989567089407381446066176.000000 140
0.330420 -0.149981 -10507048871761922041626921324278448128.000000 160
0.314527 -0.024174 -11858919352095519830798527275177345024.000000 157
-0.195844 -0.197159 -46171932315535262602624294231485282516992.000000 84
-0.118071 -0.307241 16229371459598248462179841712441528418304.000000 89
-0.064278 -0.185365 6183771756884821767745326546837699559424.000000 103
-0.118071 -0.307241 16229371459598248462179841712441528418304.000000 89
-0.234167 -0.315104 -46642908098066530825900773191752664219648.000000 70
-0.145550 -0.426758 4536233179013824023640735748907805442048.000000 87
0.210774 -0.256132 -62245518882650763574912322859297669120.000000 142
0.346313 -0.275789 45773866358160939712126206820715855872.000000 161
0.330420 -0.149981 -10507048871761922041626921324278448128.000000 160
0.210774 -0.256132 -62245518882650763574912322859297669120.000000 142
0.235267 -0.407887 -182574208519818519961632065853511958528.000000 143
0.346313 -0.275789 45773866358160939712126206820715855872.000000 161
0.067288 -0.173570 -546251303725816365731062501483523080192.000000 121
0.114121 -0.291515 534927003062926979325983739207290454016.000000 124
0.198854 -0.161776 44407751951023663807486726055154155520.000000 141
0.108328 -0.414177 657666746203019112840497147824343875584.000000 123
0.114121 -0.291515 534927003062926979325983739207290454016.000000 124
-0.001975 -0.299378 -3109623996951255152534584419878327812096.000000 107
0.247982 -0.508533 -75321852511493906938985834691000532992.000000 139
0.362206 -0.401597 39559020725759664713760561677824163840.000000 159
0.235267 -0.407887 -182574208519818519961632065853511958528.000000 143
0.443723 -0.339315 -11344377269878078324326425486403043328.000000 177
0.486789 -0.444362 -5335425167422810497654370396629106688.000000 176
0.592925 -0.376490 2402333995750674914803810274488877056.000000 194
0.346313 -0.275789 45773866358160939712126206820715855872.000000 161
0.443723 -0.339315 -11344377269878078324326425486403043328.000000 177
0.469331 -0.217723 -5520748955432909115307794451071500288.000000 178
0.362206 -0.401597 39559020725759664713760561677824163840.000000 159
0.486789 -0.444362 -5335425167422810497654370396629106688.000000 176
0.443723 -0.339315 -11344377269878078324326425486403043328.000000 177
0.518255 -0.575515 723956406662498619802851931225849856.000000 164
0.658410 -0.623625 -216315022927169654504653880066834432.000000 179
0.616669 -0.529062 698091524155010925102372286546051072.000000 181
0.735953 -0.529892 -34079217437256691666826667986255872.000000 196
0.809017 -0.587785 26704820852096518459042947185770496.000000 193
0.876307 -0.481754 -55378212705195846245011542937436160.000000 211
0.616669 -0.529062 698091524155010925102372286546051072.000000 181
0.658410 -0.623625 -216315022927169654504653880066834432.000000 179
0.735953 -0.529892 -34079217437256691666826667986255872.000000 196
0.791796 -0.401964 221054025296174937531402983535804416.000000 213
0.736206 -0.299972 -807220085150070506812973957938937856.000000 212
0.664439 -0.453191 -420158701779650490590572840791048192.000000 197
0.486789 -0.444362 -5335425167422810497654370396629106688.000000 176
0.378100 -0.527404 2543564216051402021102346278306578432.000000 158
0.518255 -0.575515 723956406662498619802851931225849856.000000 164
0.728969 -0.684547 16528368262612924300241455510716416.000000 180
0.809017 -0.587785 26704820852096518459042947185770496.000000 193
0.735953 -0.529892 -34079217437256691666826667986255872.000000 196
0.847640 -0.274036 83142057823483240793761162165485568.000000 227
0.792049 -0.172045 185788634790394124040799603260391424.000000 224
0.736206 -0.299972 -807220085150070506812973957938937856.000000 212
0.838383 -0.043527 -31499399798936002066082472080179200.000000 225
0.792049 -0.172045 185788634790394124040799603260391424.000000 224
0.903483 -0.146108 -43265554516708182210085999431647232.000000 239
0.715365 -0.101593 36675495488315992158888845547405312.000000 210
0.680615 -0.197981 -354557777695704880783901002100113408.000000 209
0.792049 -0.172045 185788634790394124040799603260391424.000000 224
1.000000 -0.000000 21414174551513191678637209418727424.000000 240
0.992115 0.125333 -5535575964954568984417670585647104.000000 233
0.915249 0.040903 -2772096610028218108323685740838912.000000 228
0.295977 -0.844070 1965363413890434733532492208032186368.000000 125
0.177179 -0.862891 12933537459373935118876028738050457600.000000 109
0.309017 -0.951057 -3620184940381548395862973870292074496.000000 108
0.425779 -0.904827 -1319286105401994883757627959129669632.000000 126
0.295977 -0.844070 1965363413890434733532492208032186368.000000 125
0.309017 -0.951057 -3620184940381548395862973870292074496.000000 108
0.282937 -0.737084 -22421962261320561588933151697611522048.000000 127
0.177179 -0.862891 12933537459373935118876028738050457600.000000 109
0.295977 -0.844070 1965363413890434733532492208032186368.000000 125
0.062791 -0.998027 -49563677546093757784554459458086895616.000000 72
0.060826 -0.904827 30389170204988155806490191207923187712.000000 91
-0.062791 -0.998027 143641702189731793784404235489632059392.000000 71
-0.272489 -0.433048 4303852460355461016124526547431376027648.000000 67
-0.234167 -0.315104 -46642908098066530825900773191752664219648.000000 70
-0.362206 -0.401597 93773971339868413969130182951026311561216.000000 53
-0.349134 -0.668938 13577400548318460520162254859224930582528.000000 51
-0.166657 -0.668938 -3485166977588724250521351558854921420800.000000 68
-0.219573 -0.550993 10401149145933129863824543869491679854592.000000 69
-0.005837 -0.810471 -161135739998589507855747707916339118080.000000 101
-0.060826 -0.904827 -122272067753635122426549113268935327744.000000 82
0.060826 -0.904827 30389170204988155806490191207923187712.000000 91
0.177179 -0.862891 12933537459373935118876028738050457600.000000 109
-0.005837 -0.810471 -161135739998589507855747707916339118080.000000 101
0.060826 -0.904827 30389170204988155806490191207923187712.000000 91
-0.072500 -0.716116 334696632687526159265840583309755678720.000000 83
-0.156928 -0.826197 1108008573663455671963105862729963929600.000000 81
-0.005837 -0.810471 -161135739998589507855747707916339118080.000000 101
-0.272489 -0.433048 4303852460355461016124526547431376027648.000000 67
-0.219573 -0.550993 10401149145933129863824543869491679854592.000000 69
-0.145550 -0.426758 4536233179013824023640735748907805442048.000000 87
-0.321429 -0.833823 -1835021822581333843109405836258024882176.000000 46
-0.409886 -0.779019 15512647507683846218733484438906283753472.000000 45
-0.425779 -0.904827 -3781829800180873870441449834580459651072.000000 32
-0.232973 -0.888627 1056518236767272872277323914443657052160.000000 62
-0.321429 -0.833823 -1835021822581333843109405836258024882176.000000 46
-0.309017 -0.951057 1173266039527929343143602297547331207168.000000 47
-0.232973 -0.888627 1056518236767272872277323914443657052160.000000 62
-0.253031 -0.747568 -4633352429995160329966709943317882208256.000000 61
-0.321429 -0.833823 -1835021822581333843109405836258024882176.000000 46
-0.166657 -0.668938 -3485166977588724250521351558854921420800.000000 68
-0.253031 -0.747568 -4633352429995160329966709943317882208256.000000 61
-0.156928 -0.826197 1108008573663455671963105862729963929600.000000 81
-0.349134 -0.668938 13577400548318460520162254859224930582528.000000 51
-0.409886 -0.779019 15512647507683846218733484438906283753472.000000 45
-0.253031 -0.747568 -4633352429995160329966709943317882208256.000000 61
0.187381 -0.982287 -6560115826837994674730910010396639232.000000 90
0.060826 -0.904827 30389170204988155806490191207923187712.000000 91
0.062791 -0.998027 -49563677546093757784554459458086895616.000000 72
0.235267 -0.407887 -182574208519818519961632065853511958528.000000 143
0.362206 -0.401597 39559020725759664713760561677824163840.000000 159
0.346313 -0.275789 45773866358160939712126206820715855872.000000 161
0.298781 -0.621760 29874115726152855588358859157881749504.000000 138
0.378100 -0.527404 2543564216051402021102346278306578432.000000 158
0.247982 -0.508533 -75321852511493906938985834691000532992.000000 139
0.518255 -0.575515 723956406662498619802851931225849856.000000 164
0.515708 -0.711863 -325113144311406089751596128628899840.000000 162
0.658410 -0.623625 -216315022927169654504653880066834432.000000 179
0.298781 -0.621760 29874115726152855588358859157881749504.000000 138
0.393993 -0.653212 -1688773023114836343682934786540699648.000000 146
0.378100 -0.527404 2543564216051402021102346278306578432.000000 158
0.141155 -0.577727 -145613283876860762226362855072502644736.000000 120
0.164458 -0.730094 82986515212389485769779449354417864704.000000 119
0.298781 -0.621760 29874115726152855588358859157881749504.000000 138
0.108328 -0.414177 657666746203019112840497147824343875584.000000 123
0.141155 -0.577727 -145613283876860762226362855072502644736.000000 120
0.247982 -0.508533 -75321852511493906938985834691000532992.000000 139
0.034327 -0.646921 -162192289129894180940284619139435200512.000000 102
0.164458 -0.730094 82986515212389485769779449354417864704.000000 119
0.141155 -0.577727 -145613283876860762226362855072502644736.000000 120
0.108328 -0.414177 657666746203019112840497147824343875584.000000 123
-0.012254 -0.470791 282472692144314535866760016249338462208.000000 105
0.141155 -0.577727 -145613283876860762226362855072502644736.000000 120
-0.072500 -0.716116 334696632687526159265840583309755678720.000000 83
-0.005837 -0.810471 -161135739998589507855747707916339118080.000000 101
0.034327 -0.646921 -162192289129894180940284619139435200512.000000 102
0.282937 -0.737084 -22421962261320561588933151697611522048.000000 127
0.393993 -0.653212 -1688773023114836343682934786540699648.000000 146
0.298781 -0.621760 29874115726152855588358859157881749504.000000 138
-0.005837 -0.810471 -161135739998589507855747707916339118080.000000 101
0.177179 -0.862891 12933537459373935118876028738050457600.000000 109
0.164458 -0.730094 82986515212389485769779449354417864704.000000 119
0.187381 -0.982287 -6560115826837994674730910010396639232.000000 90
0.177179 -0.862891 12933537459373935118876028738050457600.000000 109
0.060826 -0.904827 30389170204988155806490191207923187712.000000 91
0.187381 -0.982287 -6560115826837994674730910010396639232.000000 90
0.309017 -0.951057 -3620184940381548395862973870292074496.000000 108
0.177179 -0.862891 12933537459373935118876028738050457600.000000 109
0.409886 -0.779019 4033180093363528791677622934743023616.000000 144
0.393993 -0.653212 -1688773023114836343682934786540699648.000000 146
0.282937 -0.737084 -22421962261320561588933151697611522048.000000 127
0.515708 -0.711863 -325113144311406089751596128628899840.000000 162
0.637424 -0.770513 369086582426922667794721808588996608.000000 163
0.658410 -0.623625 -216315022927169654504653880066834432.000000 179
0.409886 -0.779019 4033180093363528791677622934743023616.000000 144
0.515708 -0.711863 -325113144311406089751596128628899840.000000 162
0.393993 -0.653212 -1688773023114836343682934786540699648.000000 146
0.409886 -0.779019 4033180093363528791677622934743023616.000000 144
0.535827 -0.844328 -1084134896794622120111375991441457152.000000 145
0.515708 -0.711863 -325113144311406089751596128628899840.000000 162
0.425779 -0.904827 -1319286105401994883757627959129669632.000000 126
0.409886 -0.779019 4033180093363528791677622934743023616.000000 144
0.295977 -0.844070 1965363413890434733532492208032186368.000000 125
-0.065162 -0.389016 -2145309814024811852905280743664173187072.000000 106
-0.145550 -0.426758 4536233179013824023640735748907805442048.000000 87
-0.115913 -0.510892 -1596366003304289149548956602475539857408.000000 88
-0.272489 -0.433048 4303852460355461016124526547431376027648.000000 67
-0.145550 -0.426758 4536233179013824023640735748907805442048.000000 87
-0.234167 -0.315104 -46642908098066530825900773191752664219648.000000 70
-0.219573 -0.550993 10401149145933129863824543869491679854592.000000 69
-0.378100 -0.527404 -70540781709182491704434692243948184797184.000000 52
-0.349134 -0.668938 13577400548318460520162254859224930582528.000000 51
-0.072500 -0.716116 334696632687526159265840583309755678720.000000 83
-0.042377 -0.593453 1067766871518841274218860717201720082432.000000 86
-0.166657 -0.668938 -3485166977588724250521351558854921420800.000000 68
-0.272489 -0.433048 4303852460355461016124526547431376027648.000000 67
-0.378100 -0.527404 -70540781709182491704434692243948184797184.000000 52
-0.219573 -0.550993 10401149145933129863824543869491679854592.000000 69
0.535827 -0.844328 -1084134896794622120111375991441457152.000000 145
0.409886 -0.779019 4033180093363528791677622934743023616.000000 144
0.425779 -0.904827 -1319286105401994883757627959129669632.000000 126
0.535827 -0.844328 -1084134896794622120111375991441457152.000000 145
0.637424 -0.770513 369086582426922667794721808588996608.000000 163
0.515708 -0.711863 -325113144311406089751596128628899840.000000 162
0.409886 -0.779019 4033180093363528791677622934743023616.000000 144
0.282937 -0.737084 -22421962261320561588933151697611522048.000000 127
0.295977 -0.844070 1965363413890434733532492208032186368.000000 125
0.637424 -0.770513 369086582426922667794721808588996608.000000 163
0.728969 -0.684547 16528368262612924300241455510716416.000000 180
0.658410 -0.623625 -216315022927169654504653880066834432.000000 179
-0.309017 0.951057 -64235216787132709479959520982673129472.000000 148
-0.203275 0.856480 -3557831392521750715953905852408135680.000000 149
-0.187381 0.982287 17266366936185776293835101971266142208.000000 165
-0.109200 0.735914 66914761053576700571246686198464249856.000000 150
-0.219168 0.730672 -116115165884678913138607392307997048832.000000 134
-0.081324 0.616659 -235042664615088539989060162441187426304.000000 152
-0.187381 0.982287 17266366936185776293835101971266142208.000000 165
-0.203275 0.856480 -3557831392521750715953905852408135680.000000 149
-0.089651 0.864346 -18428227217185887776619791326510055424.000000 166
-0.219168 0.730672 -116115165884678913138607392307997048832.000000 134
-0.382682 0.674543 -499193286302654597959345665802470686720.000000 115
-0.235061 0.604864 1039078584419104816313112174425096060928.000000 132
-0.089651 0.864346 -18428227217185887776619791326510055424.000000 166
-0.109200 0.735914 66914761053576700571246686198464249856.000000 150
0.000768 0.741156 29190251975209697510402040260426989568.000000 167
-0.253031 -0.747568 -4633352429995160329966709943317882208256.000000 61
-0.166657 -0.668938 -3485166977588724250521351558854921420800.000000 68
-0.349134 -0.668938 13577400548318460520162254859224930582528.000000 51
-0.060826 -0.904827 -122272067753635122426549113268935327744.000000 82
-0.156928 -0.826197 1108008573663455671963105862729963929600.000000 81
-0.187381 -0.982287 -624816789198799879328855205426650677248.000000 63
-0.060826 -0.904827 -122272067753635122426549113268935327744.000000 82
-0.005837 -0.810471 -161135739998589507855747707916339118080.000000 101
-0.156928 -0.826197 1108008573663455671963105862729963929600.000000 81
-0.232973 -0.888627 1056518236767272872277323914443657052160.000000 62
-0.156928 -0.826197 1108008573663455671963105862729963929600.000000 81
-0.253031 -0.747568 -4633352429995160329966709943317882208256.000000 61
-0.187381 -0.982287 -624816789198799879328855205426650677248.000000 63
-0.232973 -0.888627 1056518236767272872277323914443657052160.000000 62
-0.309017 -0.951057 1173266039527929343143602297547331207168.000000 47
-0.187381 -0.982287 -624816789198799879328855205426650677248.000000 63
-0.156928 -0.826197 1108008573663455671963105862729963929600.000000 81
-0.232973 -0.888627 1056518236767272872277323914443657052160.000000 62
-0.062791 -0.998027 143641702189731793784404235489632059392.000000 71
-0.060826 -0.904827 -122272067753635122426549113268935327744.000000 82
-0.187381 -0.982287 -624816789198799879328855205426650677248.000000 63
-0.042377 -0.593453 1067766871518841274218860717201720082432.000000 86
-0.072500 -0.716116 334696632687526159265840583309755678720.000000 83
0.034327 -0.646921 -162192289129894180940284619139435200512.000000 102
-0.012254 -0.470791 282472692144314535866760016249338462208.000000 105
-0.042377 -0.593453 1067766871518841274218860717201720082432.000000 86
0.034327 -0.646921 -162192289129894180940284619139435200512.000000 102
-0.115913 -0.510892 -1596366003304289149548956602475539857408.000000 88
-0.166657 -0.668938 -3485166977588724250521351558854921420800.000000 68
-0.042377 -0.593453 1067766871518841274218860717201720082432.000000 86
-0.518255 -0.575515 333445132908490748632814328206465699938304.000000 36
-0.616669 -0.529062 -1978662571520034271206048334095349322874880.000000 25
-0.658410 -0.623625 -75026570743350611834975593321170441601024.000000 24
-0.433694 -0.622226 -40886551178113340099002615079796272529408.000000 37
-0.518255 -0.575515 333445132908490748632814328206465699938304.000000 36
-0.534148 -0.701322 -51902670290965411226744344174294309273600.000000 31
-0.409886 -0.779019 15512647507683846218733484438906283753472.000000 45
-0.433694 -0.622226 -40886551178113340099002615079796272529408.000000 37
-0.534148 -0.701322 -51902670290965411226744344174294309273600.000000 31
-0.349134 -0.668938 13577400548318460520162254859224930582528.000000 51
-0.378100 -0.527404 -70540781709182491704434692243948184797184.000000 52
-0.433694 -0.622226 -40886551178113340099002615079796272529408.000000 37
-0.378100 -0.527404 -70540781709182491704434692243948184797184.000000 52
-0.486789 -0.444362 91129433459107493324276595147308911296512.000000 38
-0.518255 -0.575515 333445132908490748632814328206465699938304.000000 36
0.060826 -0.904827 30389170204988155806490191207923187712.000000 91
-0.060826 -0.904827 -122272067753635122426549113268935327744.000000 82
-0.062791 -0.998027 143641702189731793784404235489632059392.000000 71
-0.534148 -0.701322 -51902670290965411226744344174294309273600.000000 31
-0.535827 -0.844328 -5618335315925763119295225739889350803456.000000 30
-0.409886 -0.779019 15512647507683846218733484438906283753472.000000 45
-0.486789 -0.444362 91129433459107493324276595147308911296512.000000 38
-0.378100 -0.527404 -70540781709182491704434692243948184797184.000000 52
-0.362206 -0.401597 93773971339868413969130182951026311561216.000000 53
-0.728969 -0.684547 -562124182013562352005473597569169807638528.000000 14
-0.637424 -0.770513 120822700694686348334205726084478403608576.000000 19
-0.658410 -0.623625 -75026570743350611834975593321170441601024.000000 24
-0.321429 -0.833823 -1835021822581333843109405836258024882176.000000 46
-0.253031 -0.747568 -4633352429995160329966709943317882208256.000000 61
-0.409886 -0.779019 15512647507683846218733484438906283753472.000000 45
-0.346313 -0.275789 199399721842774181776016952552836070113280.000000 64
-0.362206 -0.401597 93773971339868413969130182951026311561216.000000 53
-0.234167 -0.315104 -46642908098066530825900773191752664219648.000000 70
-0.195844 -0.197159 -46171932315535262602624294231485282516992.000000 84
-0.346313 -0.275789 199399721842774181776016952552836070113280.000000 64
-0.234167 -0.315104 -46642908098066530825900773191752664219648.000000 70
-0.658594 0.038247 6787470211765860656473145321790763840831488.000000 29
-0.584401 -0.096754 1787815679398518208649200826744293904351232.000000 35
-0.515073 -0.029496 -1773436009624898982840174389167048280244224.000000 39
-0.330420 -0.149981 80626071651164221267726052162363793080320.000000 66
-0.441136 -0.097722 -42113747580010286913863856899842214199296.000000 50
-0.469331 -0.217723 -565590844878324670076266870129130372857856.000000 49
-0.330420 -0.149981 80626071651164221267726052162363793080320.000000 66
-0.314527 -0.024174 -77708847918907084488666556072318554079232.000000 65
-0.441136 -0.097722 -42113747580010286913863856899842214199296.000000 50
-0.321429 -0.833823 -1835021822581333843109405836258024882176.000000 46
-0.425779 -0.904827 -3781829800180873870441449834580459651072.000000 32
-0.309017 -0.951057 1173266039527929343143602297547331207168.000000 47
-0.378100 -0.527404 -70540781709182491704434692243948184797184.000000 52
-0.518255 -0.575515 333445132908490748632814328206465699938304.000000 36
-0.433694 -0.622226 -40886551178113340099002615079796272529408.000000 37
-0.535827 -0.844328 -5618335315925763119295225739889350803456.000000 30
-0.425779 -0.904827 -3781829800180873870441449834580459651072.000000 32
-0.409886 -0.779019 15512647507683846218733484438906283753472.000000 45
0.298634 0.101634 15022819531646312571758941139795705856.000000 156
0.172130 0.119981 -127291528540771126735825603728762732544.000000 137
0.196515 -0.037934 52422758025030989567089407381446066176.000000 140
-0.216863 0.007278 34334131434288025991796757167217030725632.000000 80
-0.157522 -0.079215 539676214589210074307599635582185111552.000000 85
-0.119199 0.038730 -6235170410443672494448321039927145922560.000000 100
0.198854 -0.161776 44407751951023663807486726055154155520.000000 141
0.210774 -0.256132 -62245518882650763574912322859297669120.000000 142
0.330420 -0.149981 -10507048871761922041626921324278448128.000000 160
-0.118071 -0.307241 16229371459598248462179841712441528418304.000000 89
-0.195844 -0.197159 -46171932315535262602624294231485282516992.000000 84
-0.234167 -0.315104 -46642908098066530825900773191752664219648.000000 70
0.114121 -0.291515 534927003062926979325983739207290454016.000000 124
0.235267 -0.407887 -182574208519818519961632065853511958528.000000 143
0.210774 -0.256132 -62245518882650763574912322859297669120.000000 142
0.114121 -0.291515 534927003062926979325983739207290454016.000000 124
0.108328 -0.414177 657666746203019112840497147824343875584.000000 123
0.235267 -0.407887 -182574208519818519961632065853511958528.000000 143
0.198854 -0.161776 44407751951023663807486726055154155520.000000 141
0.114121 -0.291515 534927003062926979325983739207290454016.000000 124
0.210774 -0.256132 -62245518882650763574912322859297669120.000000 142
0.067288 -0.173570 -546251303725816365731062501483523080192.000000 121
-0.064278 -0.185365 6183771756884821767745326546837699559424.000000 103
-0.001975 -0.299378 -3109623996951255152534584419878327812096.000000 107
-0.012254 -0.470791 282472692144314535866760016249338462208.000000 105
0.034327 -0.646921 -162192289129894180940284619139435200512.000000 102
0.141155 -0.577727 -145613283876860762226362855072502644736.000000 120
-0.064278 -0.185365 6183771756884821767745326546837699559424.000000 103
-0.035536 -0.096906 242195980517242656953555741613855080448.000000 104
-0.157522 -0.079215 539676214589210074307599635582185111552.000000 85
-0.001975 -0.299378 -3109623996951255152534584419878327812096.000000 107
-0.064278 -0.185365 6183771756884821767745326546837699559424.000000 103
-0.118071 -0.307241 16229371459598248462179841712441528418304.000000 89
0.067288 -0.173570 -546251303725816365731062501483523080192.000000 121
-0.035536 -0.096906 242195980517242656953555741613855080448.000000 104
-0.064278 -0.185365 6183771756884821767745326546837699559424.000000 103
-0.330420 -0.149981 80626071651164221267726052162363793080320.000000 66
-0.195844 -0.197159 -46171932315535262602624294231485282516992.000000 84
-0.157522 -0.079215 539676214589210074307599635582185111552.000000 85
-0.330420 -0.149981 80626071651164221267726052162363793080320.000000 66
-0.346313 -0.275789 199399721842774181776016952552836070113280.000000 64
-0.195844 -0.197159 -46171932315535262602624294231485282516992.000000 84
-0.658594 0.038247 6787470211765860656473145321790763840831488.000000 29
-0.576964 0.099699 -1074197252835767798328160775808551644823552.000000 44
-0.708183 0.161636 2458336582582385337246200661041568817348608.000000 28
-0.838383 -0.043527 112921217068146744224166095999762588145549312.000000 12
-0.715365 -0.101593 -20934956370965930631157403505536359859224576.000000 23
-0.773283 0.059054 -17412700749859224716782552371517561476481024.000000 18
-0.584401 -0.096754 1787815679398518208649200826744293904351232.000000 35
-0.469331 -0.217723 -565590844878324670076266870129130372857856.000000 49
-0.441136 -0.097722 -42113747580010286913863856899842214199296.000000 50
-0.715365 -0.101593 -20934956370965930631157403505536359859224576.000000 23
-0.584401 -0.096754 1787815679398518208649200826744293904351232.000000 35
-0.658594 0.038247 6787470211765860656473145321790763840831488.000000 29
-0.773283 0.059054 -17412700749859224716782552371517561476481024.000000 18
-0.715365 -0.101593 -20934956370965930631157403505536359859224576.000000 23
-0.658594 0.038247 6787470211765860656473145321790763840831488.000000 29
-0.680615 -0.197981 2673235506713048616931063516549025240186880.000000 22
-0.569181 -0.223917 2354104597801941324845147202108182623158272.000000 34
-0.584401 -0.096754 1787815679398518208649200826744293904351232.000000 35
-0.792049 -0.172045 24258049858837411360473766219605932767182848.000000 13
-0.680615 -0.197981 2673235506713048616931063516549025240186880.000000 22
-0.715365 -0.101593 -20934956370965930631157403505536359859224576.000000 23
-0.792049 -0.172045 24258049858837411360473766219605932767182848.000000 13
-0.847640 -0.274036 100886607771612941922290974313578024610562048.000000 11
-0.680489 -0.312940 -20193912894663750432908294352840243556646912.000000 21
-0.715365 -0.101593 -20934956370965930631157403505536359859224576.000000 23
-0.680615 -0.197981 2673235506713048616931063516549025240186880.000000 22
-0.584401 -0.096754 1787815679398518208649200826744293904351232.000000 35
-0.838383 -0.043527 112921217068146744224166095999762588145549312.000000 12
-0.792049 -0.172045 24258049858837411360473766219605932767182848.000000 13
-0.715365 -0.101593 -20934956370965930631157403505536359859224576.000000 23
-0.314527 -0.024174 -77708847918907084488666556072318554079232.000000 65
-0.298634 0.101634 -93745940119228361105771214227488970375168.000000 73
-0.445745 0.037763 424360671220730058271638187063508648067072.000000 54
-0.680489 -0.312940 -20193912894663750432908294352840243556646912.000000 21
-0.592925 -0.376490 1815301391044904147873817451931727078359040.000000 33
-0.569181 -0.223917 2354104597801941324845147202108182623158272.000000 34
-0.569181 -0.223917 2354104597801941324845147202108182623158272.000000 34
-0.592925 -0.376490 1815301391044904147873817451931727078359040.000000 33
-0.443723 -0.339315 -834186042662853824741216510429412357832704.000000 48
-0.658410 -0.623625 -75026570743350611834975593321170441601024.000000 24
-0.616669 -0.529062 -1978662571520034271206048334095349322874880.000000 25
-0.735953 -0.529892 2577876349481205060377326881451363111272448.000000 15
-0.658410 -0.623625 -75026570743350611834975593321170441601024.000000 24
-0.534148 -0.701322 -51902670290965411226744344174294309273600.000000 31
-0.518255 -0.575515 333445132908490748632814328206465699938304.000000 36
-0.443723 -0.339315 -834186042662853824741216510429412357832704.000000 48
-0.469331 -0.217723 -565590844878324670076266870129130372857856.000000 49
-0.569181 -0.223917 2354104597801941324845147202108182623158272.000000 34
-0.362206 -0.401597 93773971339868413969130182951026311561216.000000 53
-0.443723 -0.339315 -834186042662853824741216510429412357832704.000000 48
-0.486789 -0.444362 91129433459107493324276595147308911296512.000000 38
-0.362206 -0.401597 93773971339868413969130182951026311561216.000000 53
-0.346313 -0.275789 199399721842774181776016952552836070113280.000000 64
-0.443723 -0.339315 -834186042662853824741216510429412357832704.000000 48
0.247982 -0.508533 -75321852511493906938985834691000532992.000000 139
0.141155 -0.577727 -145613283876860762226362855072502644736.000000 120
0.298781 -0.621760 29874115726152855588358859157881749504.000000 138
-0.156928 -0.826197 1108008573663455671963105862729963929600.000000 81
-0.072500 -0.716116 334696632687526159265840583309755678720.000000 83
-0.166657 -0.668938 -3485166977588724250521351558854921420800.000000 68
0.164458 -0.730094 82986515212389485769779449354417864704.000000 119
0.177179 -0.862891 12933537459373935118876028738050457600.000000 109
0.282937 -0.737084 -22421962261320561588933151697611522048.000000 127
0.298781 -0.621760 29874115726152855588358859157881749504.000000 138
0.164458 -0.730094 82986515212389485769779449354417864704.000000 119
0.282937 -0.737084 -22421962261320561588933151697611522048.000000 127
0.034327 -0.646921 -162192289129894180940284619139435200512.000000 102
-0.005837 -0.810471 -161135739998589507855747707916339118080.000000 101
0.164458 -0.730094 82986515212389485769779449354417864704.000000 119
0.108328 -0.414177 657666746203019112840497147824343875584.000000 123
0.247982 -0.508533 -75321852511493906938985834691000532992.000000 139
0.235267 -0.407887 -182574208519818519961632065853511958528.000000 143
-0.115913 -0.510892 -1596366003304289149548956602475539857408.000000 88
-0.012254 -0.470791 282472692144314535866760016249338462208.000000 105
-0.065162 -0.389016 -2145309814024811852905280743664173187072.000000 106
-0.219573 -0.550993 10401149145933129863824543869491679854592.000000 69
-0.115913 -0.510892 -1596366003304289149548956602475539857408.000000 88
-0.145550 -0.426758 4536233179013824023640735748907805442048.000000 87
-0.219573 -0.550993 10401149145933129863824543869491679854592.000000 69
-0.166657 -0.668938 -3485166977588724250521351558854921420800.000000 68
-0.115913 -0.510892 -1596366003304289149548956602475539857408.000000 88
-0.115913 -0.510892 -1596366003304289149548956602475539857408.000000 88
-0.042377 -0.593453 1067766871518841274218860717201720082432.000000 86
-0.012254 -0.470791 282472692144314535866760016249338462208.000000 105
0.378100 -0.527404 2543564216051402021102346278306578432.000000 158
0.362206 -0.401597 39559020725759664713760561677824163840.000000 159
0.247982 -0.508533 -75321852511493906938985834691000532992.000000 139
