-0.903483 -0.146108 -336302947500885868544.000000 5
-0.992115 -0.125333 2982474152633369624576.000000 1
-0.968583 -0.248690 -341799556259334520832.000000 2
-0.929776 -0.368125 27207514949234311168.000000 3
-0.847640 -0.274036 97182193303396466688.000000 11
-0.968583 -0.248690 -341799556259334520832.000000 2
-0.838383 -0.043527 108774908657987715072.000000 12
-1.000000 -0.000000 -258153951954463653888.000000 4
-0.903483 -0.146108 -336302947500885868544.000000 5
-0.791796 -0.401964 -20729090598825402368.000000 10
-0.876307 -0.481754 2195320320906741760.000000 6
-0.735953 -0.529892 2483220352444321792.000000 15
-0.664439 -0.453191 9391234208271720448.000000 20
-0.592925 -0.376490 1748646074886554624.000000 33
-0.680489 -0.312940 -19452420790317817856.000000 21
-0.616669 -0.529062 -1906008862375106048.000000 25
-0.664439 -0.453191 9391234208271720448.000000 20
-0.735953 -0.529892 2483220352444321792.000000 15
-0.616669 -0.529062 -1906008862375106048.000000 25
-0.592925 -0.376490 1748646074886554624.000000 33
-0.664439 -0.453191 9391234208271720448.000000 20
-0.847640 -0.274036 97182193303396466688.000000 11
-0.929776 -0.368125 27207514949234311168.000000 3
-0.791796 -0.401964 -20729090598825402368.000000 10
-0.577982 0.366799 88450573794976128.000000 58
-0.479568 0.320346 -46082941526409688.000000 75
-0.512882 0.469380 -16969984164215952.000000 77
-0.381154 0.273894 -48311342102616160.000000 78
-0.528266 0.210023 203669970515199200.000000 59
-0.413450 0.155828 99759395594569456.000000 60
-0.389865 0.411315 15304424168206666.000000 95
-0.479568 0.320346 -46082941526409688.000000 75
-0.381154 0.273894 -48311342102616160.000000 78
-0.250954 0.479057 -3201246133928439.500000 114
-0.389865 0.411315 15304424168206666.000000 95
-0.266847 0.353249 5549561035997380.000000 98
-0.349368 0.525509 -3080967426575105.000000 113
-0.447782 0.571962 4192065996847444.000000 97
-0.389865 0.411315 15304424168206666.000000 95
-0.577982 0.366799 88450573794976128.000000 58
-0.528266 0.210023 203669970515199200.000000 59
-0.479568 0.320346 -46082941526409688.000000 75
-0.080876 0.156675 -404285916184814.250000 110
-0.042554 0.274619 753314033595911.125000 117
-0.162647 0.251030 -3496471103664946.500000 99
-0.189755 0.129154 11192198631615754.000000 93
-0.080876 0.156675 -404285916184814.250000 110
-0.162647 0.251030 -3496471103664946.500000 99
-0.282741 0.227442 3904844625740195.000000 79
-0.189755 0.129154 11192198631615754.000000 93
-0.162647 0.251030 -3496471103664946.500000 99
-0.298634 0.101634 -90303720932907984.000000 73
-0.216863 0.007278 33073430375464152.000000 80
-0.189755 0.129154 11192198631615754.000000 93
0.198854 -0.161776 42777161702606.468750 141
0.078503 -0.051694 -117691584967268.500000 122
0.067288 -0.173570 -526193723463179.750000 121
0.125317 0.034143 -254312467859330.531250 128
0.020079 0.059698 1165004306051466.750000 118
0.078503 -0.051694 -117691584967268.500000 122
0.196515 -0.037934 50497868016525.070312 140
0.125317 0.034143 -254312467859330.531250 128
0.078503 -0.051694 -117691584967268.500000 122
0.172130 0.119981 -122617562486967.625000 137
0.020079 0.059698 1165004306051466.750000 118
0.125317 0.034143 -254312467859330.531250 128
0.282741 0.227442 6926297810876.502930 155
0.172130 0.119981 -122617562486967.625000 137
0.298634 0.101634 14471202709001.970703 156
0.282741 0.227442 6926297810876.502930 155
0.163714 0.327039 -15408096627638.261719 153
0.167922 0.223510 93522803827606.562500 147
-0.080876 0.156675 -404285916184814.250000 110
-0.119199 0.038730 -6006223714837348.000000 100
0.020079 0.059698 1165004306051466.750000 118
-0.838383 -0.043527 108774908657987715072.000000 12
-0.915249 0.040903 18649210607932497920.000000 9
-1.000000 -0.000000 -258153951954463653888.000000 4
-0.903483 -0.146108 -336302947500885868544.000000 5
-1.000000 -0.000000 -258153951954463653888.000000 4
-0.992115 -0.125333 2982474152633369624576.000000 1
-0.362206 -0.401597 90330722886516480.000000 53
-0.378100 -0.527404 -67950623331032256.000000 52
-0.272489 -0.433048 4145821045925288.000000 67
-0.847640 -0.274036 97182193303396466688.000000 11
-0.903483 -0.146108 -336302947500885868544.000000 5
-0.968583 -0.248690 -341799556259334520832.000000 2
-0.847640 -0.274036 97182193303396466688.000000 11
-0.792049 -0.172045 23367328356225048576.000000 13
-0.903483 -0.146108 -336302947500885868544.000000 5
-0.876307 -0.481754 2195320320906741760.000000 6
-0.791796 -0.401964 -20729090598825402368.000000 10
-0.929776 -0.368125 27207514949234311168.000000 3
-0.664439 -0.453191 9391234208271720448.000000 20
-0.791796 -0.401964 -20729090598825402368.000000 10
-0.735953 -0.529892 2483220352444321792.000000 15
-0.680615 -0.197981 2575078055424416768.000000 22
-0.680489 -0.312940 -19452420790317817856.000000 21
-0.569181 -0.223917 2267665185035341824.000000 34
-0.680615 -0.197981 2575078055424416768.000000 22
-0.792049 -0.172045 23367328356225048576.000000 13
-0.680489 -0.312940 -19452420790317817856.000000 21
-0.515073 -0.029496 -1708317931441692416.000000 39
-0.441136 -0.097722 -40567389948485704.000000 50
-0.445745 0.037763 408778743698984064.000000 54
-0.330420 -0.149981 77665595598523248.000000 66
-0.469331 -0.217723 -544823143841125184.000000 49
-0.346313 -0.275789 192078044259710912.000000 64
-0.838383 -0.043527 108774908657987715072.000000 12
-0.903483 -0.146108 -336302947500885868544.000000 5
-0.792049 -0.172045 23367328356225048576.000000 13
-0.735953 -0.529892 2483220352444321792.000000 15
-0.809017 -0.587785 -1653270990762864896.000000 7
-0.728969 -0.684547 -541483771965290496.000000 14
-0.346313 -0.275789 192078044259710912.000000 64
-0.469331 -0.217723 -544823143841125184.000000 49
-0.443723 -0.339315 -803555903401753216.000000 48
-0.876307 -0.481754 2195320320906741760.000000 6
-0.809017 -0.587785 -1653270990762864896.000000 7
-0.735953 -0.529892 2483220352444321792.000000 15
-0.309017 0.951057 -61876589892134.343750 148
-0.317582 0.777124 121655098950803.562500 131
-0.203275 0.856480 -3427192823369.027344 149
-0.915249 0.040903 18649210607932497920.000000 9
-0.992115 0.125333 25255304892619280384.000000 8
-1.000000 -0.000000 -258153951954463653888.000000 4
-0.773283 0.059054 -16773330847220359168.000000 18
-0.915249 0.040903 18649210607932497920.000000 9
-0.838383 -0.043527 108774908657987715072.000000 12
-0.773283 0.059054 -16773330847220359168.000000 18
-0.838383 0.205163 -5043405806741616640.000000 17
-0.915249 0.040903 18649210607932497920.000000 9
-0.317582 0.777124 121655098950803.562500 131
-0.309017 0.951057 -61876589892134.343750 148
-0.425779 0.904827 89625188864015.531250 130
-0.447782 0.737755 -325167885297255.250000 112
-0.425779 0.904827 89625188864015.531250 130
-0.535827 0.844328 -103454091233434.734375 111
-0.992115 0.125333 25255304892619280384.000000 8
-0.915249 0.040903 18649210607932497920.000000 9
-0.838383 0.205163 -5043405806741616640.000000 17
-0.382682 0.674543 -480863610312334.250000 115
-0.447782 0.571962 4192065996847444.000000 97
-0.349368 0.525509 -3080967426575105.000000 113
-0.425779 0.904827 89625188864015.531250 130
-0.447782 0.737755 -325167885297255.250000 112
-0.317582 0.777124 121655098950803.562500 131
-0.382682 0.674543 -480863610312334.250000 115
-0.349368 0.525509 -3080967426575105.000000 113
-0.235061 0.604864 1000925078946408.250000 132
-0.816683 0.308437 1046877186632086016.000000 27
-0.968583 0.248690 -3271241574068197376.000000 16
-0.838383 0.205163 -5043405806741616640.000000 17
-0.816683 0.308437 1046877186632086016.000000 27
-0.929776 0.368125 320998818120958592.000000 26
-0.968583 0.248690 -3271241574068197376.000000 16
-0.708183 0.161636 2368069917804838912.000000 28
-0.816683 0.308437 1046877186632086016.000000 27
-0.838383 0.205163 -5043405806741616640.000000 17
-0.794983 0.411712 -187748195992972448.000000 41
-0.929776 0.368125 320998818120958592.000000 26
-0.816683 0.308437 1046877186632086016.000000 27
-0.314527 -0.024174 -74855488222336816.000000 65
-0.330420 -0.149981 77665595598523248.000000 66
-0.157522 -0.079215 519860062360199.812500 85
-0.080876 0.156675 -404285916184814.250000 110
-0.189755 0.129154 11192198631615754.000000 93
-0.119199 0.038730 -6006223714837348.000000 100
-0.576964 0.099699 -1034754239208711680.000000 44
-0.528266 0.210023 203669970515199200.000000 59
-0.643082 0.264217 -226606047727462048.000000 43
-0.773283 0.059054 -16773330847220359168.000000 18
-0.658594 0.038247 6538243843564708864.000000 29
-0.708183 0.161636 2368069917804838912.000000 28
-0.445745 0.037763 408778743698984064.000000 54
-0.413450 0.155828 99759395594569456.000000 60
-0.576964 0.099699 -1034754239208711680.000000 44
-0.216863 0.007278 33073430375464152.000000 80
-0.298634 0.101634 -90303720932907984.000000 73
-0.314527 -0.024174 -74855488222336816.000000 65
-0.157522 -0.079215 519860062360199.812500 85
-0.216863 0.007278 33073430375464152.000000 80
-0.314527 -0.024174 -74855488222336816.000000 65
-0.119199 0.038730 -6006223714837348.000000 100
-0.189755 0.129154 11192198631615754.000000 93
-0.216863 0.007278 33073430375464152.000000 80
-0.576964 0.099699 -1034754239208711680.000000 44
-0.643082 0.264217 -226606047727462048.000000 43
-0.708183 0.161636 2368069917804838912.000000 28
-0.413450 0.155828 99759395594569456.000000 60
-0.528266 0.210023 203669970515199200.000000 59
-0.576964 0.099699 -1034754239208711680.000000 44
-0.298634 0.101634 -90303720932907984.000000 73
-0.413450 0.155828 99759395594569456.000000 60
-0.445745 0.037763 408778743698984064.000000 54
-0.298634 0.101634 -90303720932907984.000000 73
-0.282741 0.227442 3904844625740195.000000 79
-0.413450 0.155828 99759395594569456.000000 60
-0.381154 0.273894 -48311342102616160.000000 78
-0.266847 0.353249 5549561035997380.000000 98
-0.389865 0.411315 15304424168206666.000000 95
-0.381154 0.273894 -48311342102616160.000000 78
-0.282741 0.227442 3904844625740195.000000 79
-0.266847 0.353249 5549561035997380.000000 98
-0.528266 0.210023 203669970515199200.000000 59
-0.381154 0.273894 -48311342102616160.000000 78
-0.479568 0.320346 -46082941526409688.000000 75
-0.413450 0.155828 99759395594569456.000000 60
-0.282741 0.227442 3904844625740195.000000 79
-0.381154 0.273894 -48311342102616160.000000 78
-0.577982 0.366799 88450573794976128.000000 58
-0.643082 0.264217 -226606047727462048.000000 43
-0.528266 0.210023 203669970515199200.000000 59
-0.577982 0.366799 88450573794976128.000000 58
-0.610532 0.481301 97307883382318768.000000 57
-0.719033 0.337964 -507900288412987776.000000 42
-0.621382 0.574733 -18003594805441808.000000 76
-0.708183 0.493222 112666005021677024.000000 56
-0.610532 0.481301 97307883382318768.000000 57
-0.719033 0.337964 -507900288412987776.000000 42
-0.816683 0.308437 1046877186632086016.000000 27
-0.708183 0.161636 2368069917804838912.000000 28
-0.577982 0.366799 88450573794976128.000000 58
-0.719033 0.337964 -507900288412987776.000000 42
-0.643082 0.264217 -226606047727462048.000000 43
-0.794983 0.411712 -187748195992972448.000000 41
-0.816683 0.308437 1046877186632086016.000000 27
-0.719033 0.337964 -507900288412987776.000000 42
-0.708183 0.493222 112666005021677024.000000 56
-0.794983 0.411712 -187748195992972448.000000 41
-0.719033 0.337964 -507900288412987776.000000 42
-0.610532 0.481301 97307883382318768.000000 57
-0.708183 0.493222 112666005021677024.000000 56
-0.719033 0.337964 -507900288412987776.000000 42
-0.512882 0.469380 -16969984164215952.000000 77
-0.610532 0.481301 97307883382318768.000000 57
-0.577982 0.366799 88450573794976128.000000 58
-0.512882 0.469380 -16969984164215952.000000 77
-0.621382 0.574733 -18003594805441808.000000 76
-0.610532 0.481301 97307883382318768.000000 57
-0.621382 0.574733 -18003594805441808.000000 76
-0.809017 0.587785 -28041123384656464.000000 55
-0.708183 0.493222 112666005021677024.000000 56
-0.876307 0.481754 -25959109627327408.000000 40
-0.929776 0.368125 320998818120958592.000000 26
-0.794983 0.411712 -187748195992972448.000000 41
-0.445745 0.037763 408778743698984064.000000 54
-0.441136 -0.097722 -40567389948485704.000000 50
-0.314527 -0.024174 -74855488222336816.000000 65
-0.838383 0.205163 -5043405806741616640.000000 17
-0.773283 0.059054 -16773330847220359168.000000 18
-0.708183 0.161636 2368069917804838912.000000 28
-0.643082 0.264217 -226606047727462048.000000 43
-0.719033 0.337964 -507900288412987776.000000 42
-0.708183 0.161636 2368069917804838912.000000 28
-0.968583 0.248690 -3271241574068197376.000000 16
-0.992115 0.125333 25255304892619280384.000000 8
-0.838383 0.205163 -5043405806741616640.000000 17
-0.515073 -0.029496 -1708317931441692416.000000 39
-0.576964 0.099699 -1034754239208711680.000000 44
-0.658594 0.038247 6538243843564708864.000000 29
-0.441136 -0.097722 -40567389948485704.000000 50
-0.515073 -0.029496 -1708317931441692416.000000 39
-0.584401 -0.096754 1722169599948002304.000000 35
-0.445745 0.037763 408778743698984064.000000 54
-0.576964 0.099699 -1034754239208711680.000000 44
-0.515073 -0.029496 -1708317931441692416.000000 39
-0.794983 0.411712 -187748195992972448.000000 41
-0.708183 0.493222 112666005021677024.000000 56
-0.876307 0.481754 -25959109627327408.000000 40
-0.447782 0.571962 4192065996847444.000000 97
-0.534582 0.656244 2056755293773835.500000 96
-0.621382 0.574733 -18003594805441808.000000 76
-0.389865 0.411315 15304424168206666.000000 95
-0.447782 0.571962 4192065996847444.000000 97
-0.512882 0.469380 -16969984164215952.000000 77
-0.479568 0.320346 -46082941526409688.000000 75
-0.389865 0.411315 15304424168206666.000000 95
-0.512882 0.469380 -16969984164215952.000000 77
-0.250954 0.479057 -3201246133928439.500000 114
-0.235061 0.604864 1000925078946408.250000 132
-0.349368 0.525509 -3080967426575105.000000 113
-0.382682 0.674543 -480863610312334.250000 115
-0.534582 0.656244 2056755293773835.500000 96
-0.447782 0.571962 4192065996847444.000000 97
-0.728969 0.684547 13876565063993036.000000 74
-0.809017 0.587785 -28041123384656464.000000 55
-0.621382 0.574733 -18003594805441808.000000 76
-0.447782 0.737755 -325167885297255.250000 112
-0.382682 0.674543 -480863610312334.250000 115
-0.317582 0.777124 121655098950803.562500 131
-0.534582 0.656244 2056755293773835.500000 96
-0.447782 0.737755 -325167885297255.250000 112
-0.535827 0.844328 -103454091233434.734375 111
-0.534582 0.656244 2056755293773835.500000 96
-0.382682 0.674543 -480863610312334.250000 115
-0.447782 0.737755 -325167885297255.250000 112
-0.728969 0.684547 13876565063993036.000000 74
-0.631775 0.670396 1106519578257727.750000 92
-0.637424 0.770513 -2761288543679469.000000 94
-0.621382 0.574733 -18003594805441808.000000 76
-0.512882 0.469380 -16969984164215952.000000 77
-0.447782 0.571962 4192065996847444.000000 97
-0.631775 0.670396 1106519578257727.750000 92
-0.534582 0.656244 2056755293773835.500000 96
-0.637424 0.770513 -2761288543679469.000000 94
-0.621382 0.574733 -18003594805441808.000000 76
-0.631775 0.670396 1106519578257727.750000 92
-0.728969 0.684547 13876565063993036.000000 74
-0.621382 0.574733 -18003594805441808.000000 76
-0.534582 0.656244 2056755293773835.500000 96
-0.631775 0.670396 1106519578257727.750000 92
0.794983 0.411712 -10783758430.489569 236
0.929776 0.368125 -10740504236.206062 237
0.876307 0.481754 23358390182.238472 242
0.708183 0.493222 -32554159122.501320 238
0.794983 0.411712 -10783758430.489569 236
0.876307 0.481754 23358390182.238472 242
0.610532 0.481301 55736856657.445213 223
0.577982 0.366799 -94817976461.596252 208
0.719033 0.337964 34847473971.916649 222
0.349368 0.525509 1751370575594.846680 189
0.512882 0.469380 -366109766178.809753 207
0.447782 0.571962 -518101201657.228638 205
0.349368 0.525509 1751370575594.846680 189
0.422415 0.360024 416495685308.478027 190
0.512882 0.469380 -366109766178.809753 207
0.445745 0.037763 -519363375591.248047 170
0.314527 -0.024174 -11423476498026.589844 157
0.441136 -0.097722 4720477011921.190430 175
0.643082 0.264217 -179424085380.038330 206
0.522968 0.251959 472195306954.697754 191
0.571666 0.141635 717469957637.067261 188
0.794983 0.245918 37340346856.121124 220
0.719033 0.337964 34847473971.916649 222
0.643082 0.264217 -179424085380.038330 206
0.870933 0.153872 17516594086.810490 219
0.794983 0.245918 37340346856.121124 220
0.708183 0.161636 -125516002863.464340 204
0.870933 0.153872 17516594086.810490 219
0.968583 0.248690 -15752394686.945484 230
0.794983 0.245918 37340346856.121124 220
0.577982 0.366799 -94817976461.596252 208
0.422415 0.360024 416495685308.478027 190
0.522968 0.251959 472195306954.697754 191
0.040329 0.180264 -246325974922802.281250 129
0.167922 0.223510 93522803827606.562500 147
0.060580 0.300829 -60508957185851.742188 136
0.794983 0.245918 37340346856.121124 220
0.643082 0.264217 -179424085380.038330 206
0.708183 0.161636 -125516002863.464340 204
0.708183 0.493222 -32554159122.501320 238
0.719033 0.337964 34847473971.916649 222
0.794983 0.411712 -10783758430.489569 236
0.577982 0.366799 -94817976461.596252 208
0.643082 0.264217 -179424085380.038330 206
0.719033 0.337964 34847473971.916649 222
0.915249 0.040903 -2670309117.788046 228
0.773283 0.059054 9069250489.445450 215
0.838383 -0.043527 -30342786102.009514 225
1.000000 -0.000000 20627876153.879307 240
0.915249 0.040903 -2670309117.788046 228
0.838383 -0.043527 -30342786102.009514 225
0.992115 0.125333 -5332317394.293631 233
0.968583 0.248690 -15752394686.945484 230
0.870933 0.153872 17516594086.810490 219
0.794983 0.245918 37340346856.121124 220
0.929776 0.368125 -10740504236.206062 237
0.794983 0.411712 -10783758430.489569 236
0.062791 0.998027 -515841892847.751343 198
0.023973 0.872212 -161578420595.423615 184
0.187381 0.982287 -715435005440.738037 199
0.425779 0.904827 119039976832.402725 216
0.309017 0.951057 -1114654916608.923096 214
0.360982 0.819266 486747820979.311890 203
0.309017 0.951057 -1114654916608.923096 214
0.203275 0.856480 2897832827977.423828 200
0.360982 0.819266 486747820979.311890 203
0.382682 0.674543 1425773485554.455566 202
0.447782 0.737755 -346897308275.726013 218
0.360982 0.819266 486747820979.311890 203
0.512882 0.469380 -366109766178.809753 207
0.621382 0.574733 151900638550.848907 221
0.447782 0.571962 -518101201657.228638 205
0.719033 0.337964 34847473971.916649 222
0.708183 0.493222 -32554159122.501320 238
0.610532 0.481301 55736856657.445213 223
0.809017 0.587785 -35862612831.659393 235
0.728969 0.684547 -49040881057.921135 234
0.621382 0.574733 151900638550.848907 221
0.621382 0.574733 151900638550.848907 221
0.534582 0.656244 -106135457023.436813 217
0.447782 0.571962 -518101201657.228638 205
0.809017 0.587785 -35862612831.659393 235
0.621382 0.574733 151900638550.848907 221
0.708183 0.493222 -32554159122.501320 238
0.631775 0.670396 -2156087644.128403 229
0.534582 0.656244 -106135457023.436813 217
0.621382 0.574733 151900638550.848907 221
0.728969 0.684547 -49040881057.921135 234
0.631775 0.670396 -2156087644.128403 229
0.621382 0.574733 151900638550.848907 221
0.728969 0.684547 -49040881057.921135 234
0.637424 0.770513 15527916513.611343 231
0.631775 0.670396 -2156087644.128403 229
0.447782 0.737755 -346897308275.726013 218
0.425779 0.904827 119039976832.402725 216
0.360982 0.819266 486747820979.311890 203
0.794983 0.245918 37340346856.121124 220
0.794983 0.411712 -10783758430.489569 236
0.719033 0.337964 34847473971.916649 222
0.610532 0.481301 55736856657.445213 223
0.621382 0.574733 151900638550.848907 221
0.512882 0.469380 -366109766178.809753 207
0.577982 0.366799 -94817976461.596252 208
0.610532 0.481301 55736856657.445213 223
0.512882 0.469380 -366109766178.809753 207
0.708183 0.493222 -32554159122.501320 238
0.621382 0.574733 151900638550.848907 221
0.610532 0.481301 55736856657.445213 223
0.637424 0.770513 15527916513.611343 231
0.534582 0.656244 -106135457023.436813 217
0.631775 0.670396 -2156087644.128403 229
0.637424 0.770513 15527916513.611343 231
0.535827 0.844328 124024108847.839188 232
0.534582 0.656244 -106135457023.436813 217
0.235061 0.604864 -3851405758180.911621 186
0.219168 0.730672 -5076805763431.373047 187
0.072414 0.628453 41849287430185.375000 169
0.447782 0.737755 -346897308275.726013 218
0.535827 0.844328 124024108847.839188 232
0.425779 0.904827 119039976832.402725 216
0.534582 0.656244 -106135457023.436813 217
0.447782 0.737755 -346897308275.726013 218
0.382682 0.674543 1425773485554.455566 202
0.534582 0.656244 -106135457023.436813 217
0.535827 0.844328 124024108847.839188 232
0.447782 0.737755 -346897308275.726013 218
-0.135539 0.372907 18317782467193.296875 116
-0.250954 0.479057 -3201246133928439.500000 114
-0.266847 0.353249 5549561035997380.000000 98
0.060580 0.300829 -60508957185851.742188 136
-0.004231 0.392564 -193447610075461.312500 135
-0.042554 0.274619 753314033595911.125000 117
0.040329 0.180264 -246325974922802.281250 129
0.060580 0.300829 -60508957185851.742188 136
-0.042554 0.274619 753314033595911.125000 117
0.163714 0.327039 -15408096627638.261719 153
0.123361 0.435810 44068471790586.640625 154
0.060580 0.300829 -60508957185851.742188 136
-0.080876 0.156675 -404285916184814.250000 110
0.020079 0.059698 1165004306051466.750000 118
0.040329 0.180264 -246325974922802.281250 129
0.266847 0.353249 -4489907226588.844727 172
0.250954 0.479057 -6192704071839.481445 171
0.123361 0.435810 44068471790586.640625 154
-0.108431 0.494783 436814082476268.937500 133
-0.250954 0.479057 -3201246133928439.500000 114
-0.135539 0.372907 18317782467193.296875 116
-0.004231 0.392564 -193447610075461.312500 135
-0.108431 0.494783 436814082476268.937500 133
-0.135539 0.372907 18317782467193.296875 116
0.034091 0.510509 -17053234853806.625000 151
0.072414 0.628453 41849287430185.375000 169
-0.081324 0.616659 -226412228260052.843750 152
0.034091 0.510509 -17053234853806.625000 151
0.123361 0.435810 44068471790586.640625 154
0.134576 0.557687 -11477767983710.277344 168
0.381154 0.273894 100986959313.337341 173
0.266847 0.353249 -4489907226588.844727 172
0.282741 0.227442 6926297810876.502930 155
0.413450 0.155828 -3514431684572.303711 174
0.445745 0.037763 -519363375591.248047 170
0.571666 0.141635 717469957637.067261 188
0.282741 0.227442 6926297810876.502930 155
0.413450 0.155828 -3514431684572.303711 174
0.381154 0.273894 100986959313.337341 173
0.298634 0.101634 14471202709001.970703 156
0.445745 0.037763 -519363375591.248047 170
0.413450 0.155828 -3514431684572.303711 174
0.577982 0.366799 -94817976461.596252 208
0.512882 0.469380 -366109766178.809753 207
0.422415 0.360024 416495685308.478027 190
0.134576 0.557687 -11477767983710.277344 168
0.235061 0.604864 -3851405758180.911621 186
0.072414 0.628453 41849287430185.375000 169
0.034091 0.510509 -17053234853806.625000 151
0.134576 0.557687 -11477767983710.277344 168
0.072414 0.628453 41849287430185.375000 169
0.123361 0.435810 44068471790586.640625 154
0.250954 0.479057 -6192704071839.481445 171
0.134576 0.557687 -11477767983710.277344 168
0.422415 0.360024 416495685308.478027 190
0.349368 0.525509 1751370575594.846680 189
0.266847 0.353249 -4489907226588.844727 172
0.349368 0.525509 1751370575594.846680 189
0.235061 0.604864 -3851405758180.911621 186
0.250954 0.479057 -6192704071839.481445 171
0.266847 0.353249 -4489907226588.844727 172
0.349368 0.525509 1751370575594.846680 189
0.250954 0.479057 -6192704071839.481445 171
0.447782 0.571962 -518101201657.228638 205
0.382682 0.674543 1425773485554.455566 202
0.349368 0.525509 1751370575594.846680 189
0.023973 0.872212 -161578420595.423615 184
0.062791 0.998027 -515841892847.751343 198
-0.062791 0.998027 3160716584521.573242 182
-0.089651 0.864346 -17751568609717.496094 166
0.023973 0.872212 -161578420595.423615 184
-0.062791 0.998027 3160716584521.573242 182
-0.187381 0.982287 16632370205551.933594 165
-0.089651 0.864346 -17751568609717.496094 166
-0.062791 0.998027 3160716584521.573242 182
-0.203275 0.856480 -3427192823369.027344 149
-0.109200 0.735914 64457745058498.093750 150
-0.089651 0.864346 -17751568609717.496094 166
0.000768 0.741156 28118426941776.132812 167
0.110736 0.746398 -12088800133765.960938 183
0.023973 0.872212 -161578420595.423615 184
0.219168 0.730672 -5076805763431.373047 187
0.110736 0.746398 -12088800133765.960938 183
0.072414 0.628453 41849287430185.375000 169
0.203275 0.856480 2897832827977.423828 200
0.187381 0.982287 -715435005440.738037 199
0.023973 0.872212 -161578420595.423615 184
0.187381 0.982287 -715435005440.738037 199
0.203275 0.856480 2897832827977.423828 200
0.309017 0.951057 -1114654916608.923096 214
-0.235061 0.604864 1000925078946408.250000 132
-0.250954 0.479057 -3201246133928439.500000 114
-0.108431 0.494783 436814082476268.937500 133
-0.109200 0.735914 64457745058498.093750 150
-0.203275 0.856480 -3427192823369.027344 149
-0.219168 0.730672 -111851580162217.531250 134
0.072414 0.628453 41849287430185.375000 169
0.000768 0.741156 28118426941776.132812 167
-0.081324 0.616659 -226412228260052.843750 152
0.000768 0.741156 28118426941776.132812 167
0.023973 0.872212 -161578420595.423615 184
-0.089651 0.864346 -17751568609717.496094 166
-0.219168 0.730672 -111851580162217.531250 134
-0.317582 0.777124 121655098950803.562500 131
-0.382682 0.674543 -480863610312334.250000 115
-0.108431 0.494783 436814082476268.937500 133
-0.081324 0.616659 -226412228260052.843750 152
-0.235061 0.604864 1000925078946408.250000 132
-0.203275 0.856480 -3427192823369.027344 149
-0.317582 0.777124 121655098950803.562500 131
-0.219168 0.730672 -111851580162217.531250 134
0.809017 0.587785 -35862612831.659393 235
0.708183 0.493222 -32554159122.501320 238
0.876307 0.481754 23358390182.238472 242
0.469331 -0.217723 -5318034811725.469727 178
0.443723 -0.339315 -10927827678017.015625 177
0.569181 -0.223917 2272710127888.583984 195
0.992115 -0.125333 15936962489.146669 243
0.903483 -0.146108 -41676904152.862991 239
0.968583 -0.248690 -1540382022.000570 241
0.992115 -0.125333 15936962489.146669 243
1.000000 -0.000000 20627876153.879307 240
0.903483 -0.146108 -41676904152.862991 239
-0.616669 -0.529062 -1906008862375106048.000000 25
-0.518255 -0.575515 321201496196085120.000000 36
-0.486789 -0.444362 87783288720546048.000000 38
-0.728969 -0.684547 -541483771965290496.000000 14
-0.658410 -0.623625 -72271700495443136.000000 24
-0.735953 -0.529892 2483220352444321792.000000 15
-0.433694 -0.622226 -39385254473970464.000000 37
-0.409886 -0.779019 14943044890080758.000000 45
-0.349134 -0.668938 13078857479591016.000000 51
-0.637424 -0.770513 116386260909183840.000000 19
-0.534148 -0.701322 -49996877173209056.000000 31
-0.658410 -0.623625 -72271700495443136.000000 24
-0.637424 -0.770513 116386260909183840.000000 19
-0.535827 -0.844328 -5412037938193334.000000 30
-0.534148 -0.701322 -49996877173209056.000000 31
0.664439 -0.453191 -404731064670.682617 197
0.736206 -0.299972 -777580097955.027832 212
0.592925 -0.376490 2314123667265.433105 194
0.736206 -0.299972 -777580097955.027832 212
0.792049 -0.172045 178966737197.493103 224
0.680615 -0.197981 -341538914334.393250 209
0.929776 -0.368125 -91540917595.234528 226
0.847640 -0.274036 80089198294.347366 227
0.791796 -0.401964 212937232119.848907 213
0.929776 -0.368125 -91540917595.234528 226
0.968583 -0.248690 -1540382022.000570 241
0.847640 -0.274036 80089198294.347366 227
0.715365 -0.101593 35328822832.067413 210
0.584401 -0.096754 -112352995834.025146 192
0.680615 -0.197981 -341538914334.393250 209
0.773283 0.059054 9069250489.445450 215
0.715365 -0.101593 35328822832.067413 210
0.838383 -0.043527 -30342786102.009514 225
0.662567 0.006795 53113654339.612976 201
0.708183 0.161636 -125516002863.464340 204
0.571666 0.141635 717469957637.067261 188
-0.592925 -0.376490 1748646074886554624.000000 33
-0.486789 -0.444362 87783288720546048.000000 38
-0.443723 -0.339315 -803555903401753216.000000 48
-0.791796 -0.401964 -20729090598825402368.000000 10
-0.664439 -0.453191 9391234208271720448.000000 20
-0.680489 -0.312940 -19452420790317817856.000000 21
-0.616669 -0.529062 -1906008862375106048.000000 25
-0.486789 -0.444362 87783288720546048.000000 38
-0.592925 -0.376490 1748646074886554624.000000 33
-0.584401 -0.096754 1722169599948002304.000000 35
-0.569181 -0.223917 2267665185035341824.000000 34
-0.469331 -0.217723 -544823143841125184.000000 49
-0.680489 -0.312940 -19452420790317817856.000000 21
-0.847640 -0.274036 97182193303396466688.000000 11
-0.791796 -0.401964 -20729090598825402368.000000 10
-0.035536 -0.096906 233302884454347.500000 104
-0.119199 0.038730 -6006223714837348.000000 100
-0.157522 -0.079215 519860062360199.812500 85
-0.195844 -0.197159 -44476563843216536.000000 84
-0.064278 -0.185365 5956712347610101.000000 103
-0.157522 -0.079215 519860062360199.812500 85
0.196515 -0.037934 50497868016525.070312 140
0.314527 -0.024174 -11423476498026.589844 157
0.298634 0.101634 14471202709001.970703 156
0.125317 0.034143 -254312467859330.531250 128
0.196515 -0.037934 50497868016525.070312 140
0.172130 0.119981 -122617562486967.625000 137
-0.035536 -0.096906 233302884454347.500000 104
0.078503 -0.051694 -117691584967268.500000 122
0.020079 0.059698 1165004306051466.750000 118
-0.035536 -0.096906 233302884454347.500000 104
0.067288 -0.173570 -526193723463179.750000 121
0.078503 -0.051694 -117691584967268.500000 122
0.198854 -0.161776 42777161702606.468750 141
0.330420 -0.149981 -10121244802038.275391 160
0.196515 -0.037934 50497868016525.070312 140
0.078503 -0.051694 -117691584967268.500000 122
0.198854 -0.161776 42777161702606.468750 141
0.196515 -0.037934 50497868016525.070312 140
-0.001975 -0.299378 -2995442973528434.000000 107
0.114121 -0.291515 515285235207357.062500 124
0.067288 -0.173570 -526193723463179.750000 121
-0.065162 -0.389016 -2066537052313257.000000 106
-0.001975 -0.299378 -2995442973528434.000000 107
-0.118071 -0.307241 15633451745644794.000000 89
-0.145550 -0.426758 4369669071143488.000000 87
-0.065162 -0.389016 -2066537052313257.000000 106
-0.118071 -0.307241 15633451745644794.000000 89
-0.012254 -0.470791 272100691828631.125000 105
0.108328 -0.414177 633518147457242.125000 123
-0.065162 -0.389016 -2066537052313257.000000 106
-0.065162 -0.389016 -2066537052313257.000000 106
0.108328 -0.414177 633518147457242.125000 123
-0.001975 -0.299378 -2995442973528434.000000 107
0.441136 -0.097722 4720477011921.190430 175
0.314527 -0.024174 -11423476498026.589844 157
0.330420 -0.149981 -10121244802038.275391 160
-0.035536 -0.096906 233302884454347.500000 104
0.020079 0.059698 1165004306051466.750000 118
-0.119199 0.038730 -6006223714837348.000000 100
0.522968 0.251959 472195306954.697754 191
0.643082 0.264217 -179424085380.038330 206
0.577982 0.366799 -94817976461.596252 208
0.381154 0.273894 100986959313.337341 173
0.522968 0.251959 472195306954.697754 191
0.422415 0.360024 416495685308.478027 190
0.266847 0.353249 -4489907226588.844727 172
0.381154 0.273894 100986959313.337341 173
0.422415 0.360024 416495685308.478027 190
0.282741 0.227442 6926297810876.502930 155
0.298634 0.101634 14471202709001.970703 156
0.413450 0.155828 -3514431684572.303711 174
0.584401 -0.096754 -112352995834.025146 192
0.441136 -0.097722 4720477011921.190430 175
0.469331 -0.217723 -5318034811725.469727 178
0.381154 0.273894 100986959313.337341 173
0.413450 0.155828 -3514431684572.303711 174
0.522968 0.251959 472195306954.697754 191
0.298634 0.101634 14471202709001.970703 156
0.314527 -0.024174 -11423476498026.589844 157
0.445745 0.037763 -519363375591.248047 170
0.571666 0.141635 717469957637.067261 188
0.708183 0.161636 -125516002863.464340 204
0.643082 0.264217 -179424085380.038330 206
0.413450 0.155828 -3514431684572.303711 174
0.571666 0.141635 717469957637.067261 188
0.522968 0.251959 472195306954.697754 191
0.662567 0.006795 53113654339.612976 201
0.715365 -0.101593 35328822832.067413 210
0.773283 0.059054 9069250489.445450 215
0.708183 0.161636 -125516002863.464340 204
0.662567 0.006795 53113654339.612976 201
0.773283 0.059054 9069250489.445450 215
0.543905 0.017440 -1026660302219.831299 185
0.584401 -0.096754 -112352995834.025146 192
0.662567 0.006795 53113654339.612976 201
0.445745 0.037763 -519363375591.248047 170
0.543905 0.017440 -1026660302219.831299 185
0.571666 0.141635 717469957637.067261 188
0.445745 0.037763 -519363375591.248047 170
0.441136 -0.097722 4720477011921.190430 175
0.543905 0.017440 -1026660302219.831299 185
0.794983 0.245918 37340346856.121124 220
0.968583 0.248690 -15752394686.945484 230
0.929776 0.368125 -10740504236.206062 237
0.773283 0.059054 9069250489.445450 215
0.870933 0.153872 17516594086.810490 219
0.708183 0.161636 -125516002863.464340 204
0.773283 0.059054 9069250489.445450 215
0.915249 0.040903 -2670309117.788046 228
0.870933 0.153872 17516594086.810490 219
0.838383 -0.043527 -30342786102.009514 225
0.903483 -0.146108 -41676904152.862991 239
1.000000 -0.000000 20627876153.879307 240
0.584401 -0.096754 -112352995834.025146 192
0.569181 -0.223917 2272710127888.583984 195
0.680615 -0.197981 -341538914334.393250 209
0.662567 0.006795 53113654339.612976 201
0.584401 -0.096754 -112352995834.025146 192
0.715365 -0.101593 35328822832.067413 210
0.543905 0.017440 -1026660302219.831299 185
0.441136 -0.097722 4720477011921.190430 175
0.584401 -0.096754 -112352995834.025146 192
0.662567 0.006795 53113654339.612976 201
0.571666 0.141635 717469957637.067261 188
0.543905 0.017440 -1026660302219.831299 185
0.330420 -0.149981 -10121244802038.275391 160
0.346313 -0.275789 44093114308422.445312 161
0.469331 -0.217723 -5318034811725.469727 178
0.664439 -0.453191 -404731064670.682617 197
0.592925 -0.376490 2314123667265.433105 194
0.616669 -0.529062 672458584369.392700 181
0.735953 -0.529892 -32827876462.012360 196
0.664439 -0.453191 -404731064670.682617 197
0.616669 -0.529062 672458584369.392700 181
0.735953 -0.529892 -32827876462.012360 196
0.791796 -0.401964 212937232119.848907 213
0.664439 -0.453191 -404731064670.682617 197
0.838383 -0.043527 -30342786102.009514 225
0.715365 -0.101593 35328822832.067413 210
0.792049 -0.172045 178966737197.493103 224
0.443723 -0.339315 -10927827678017.015625 177
0.346313 -0.275789 44093114308422.445312 161
0.362206 -0.401597 38106469074338.773438 159
0.584401 -0.096754 -112352995834.025146 192
0.469331 -0.217723 -5318034811725.469727 178
0.569181 -0.223917 2272710127888.583984 195
0.441136 -0.097722 4720477011921.190430 175
0.330420 -0.149981 -10121244802038.275391 160
0.469331 -0.217723 -5318034811725.469727 178
0.915249 0.040903 -2670309117.788046 228
0.992115 0.125333 -5332317394.293631 233
0.870933 0.153872 17516594086.810490 219
0.219168 0.730672 -5076805763431.373047 187
0.360982 0.819266 486747820979.311890 203
0.203275 0.856480 2897832827977.423828 200
0.110736 0.746398 -12088800133765.960938 183
0.219168 0.730672 -5076805763431.373047 187
0.203275 0.856480 2897832827977.423828 200
0.235061 0.604864 -3851405758180.911621 186
0.382682 0.674543 1425773485554.455566 202
0.219168 0.730672 -5076805763431.373047 187
0.123361 0.435810 44068471790586.640625 154
-0.004231 0.392564 -193447610075461.312500 135
0.060580 0.300829 -60508957185851.742188 136
-0.081324 0.616659 -226412228260052.843750 152
-0.108431 0.494783 436814082476268.937500 133
0.034091 0.510509 -17053234853806.625000 151
0.000768 0.741156 28118426941776.132812 167
-0.109200 0.735914 64457745058498.093750 150
-0.081324 0.616659 -226412228260052.843750 152
0.110736 0.746398 -12088800133765.960938 183
0.000768 0.741156 28118426941776.132812 167
0.072414 0.628453 41849287430185.375000 169
0.110736 0.746398 -12088800133765.960938 183
0.203275 0.856480 2897832827977.423828 200
0.023973 0.872212 -161578420595.423615 184
-0.219168 0.730672 -111851580162217.531250 134
-0.235061 0.604864 1000925078946408.250000 132
-0.081324 0.616659 -226412228260052.843750 152
0.123361 0.435810 44068471790586.640625 154
0.163714 0.327039 -15408096627638.261719 153
0.266847 0.353249 -4489907226588.844727 172
0.235061 0.604864 -3851405758180.911621 186
0.134576 0.557687 -11477767983710.277344 168
0.250954 0.479057 -6192704071839.481445 171
0.034091 0.510509 -17053234853806.625000 151
-0.004231 0.392564 -193447610075461.312500 135
0.123361 0.435810 44068471790586.640625 154
0.382682 0.674543 1425773485554.455566 202
0.360982 0.819266 486747820979.311890 203
0.219168 0.730672 -5076805763431.373047 187
0.349368 0.525509 1751370575594.846680 189
0.382682 0.674543 1425773485554.455566 202
0.235061 0.604864 -3851405758180.911621 186
0.447782 0.571962 -518101201657.228638 205
0.534582 0.656244 -106135457023.436813 217
0.382682 0.674543 1425773485554.455566 202
-0.876307 0.481754 -25959109627327408.000000 40
-0.708183 0.493222 112666005021677024.000000 56
-0.809017 0.587785 -28041123384656464.000000 55
-0.389865 0.411315 15304424168206666.000000 95
-0.250954 0.479057 -3201246133928439.500000 114
-0.349368 0.525509 -3080967426575105.000000 113
-0.162647 0.251030 -3496471103664946.500000 99
-0.135539 0.372907 18317782467193.296875 116
-0.266847 0.353249 5549561035997380.000000 98
-0.298634 0.101634 -90303720932907984.000000 73
-0.189755 0.129154 11192198631615754.000000 93
-0.282741 0.227442 3904844625740195.000000 79
-0.042554 0.274619 753314033595911.125000 117
-0.135539 0.372907 18317782467193.296875 116
-0.162647 0.251030 -3496471103664946.500000 99
-0.108431 0.494783 436814082476268.937500 133
-0.004231 0.392564 -193447610075461.312500 135
0.034091 0.510509 -17053234853806.625000 151
-0.282741 0.227442 3904844625740195.000000 79
-0.162647 0.251030 -3496471103664946.500000 99
-0.266847 0.353249 5549561035997380.000000 98
-0.042554 0.274619 753314033595911.125000 117
-0.004231 0.392564 -193447610075461.312500 135
-0.135539 0.372907 18317782467193.296875 116
0.167922 0.223510 93522803827606.562500 147
0.172130 0.119981 -122617562486967.625000 137
0.282741 0.227442 6926297810876.502930 155
0.060580 0.300829 -60508957185851.742188 136
0.167922 0.223510 93522803827606.562500 147
0.163714 0.327039 -15408096627638.261719 153
0.040329 0.180264 -246325974922802.281250 129
0.172130 0.119981 -122617562486967.625000 137
0.167922 0.223510 93522803827606.562500 147
-0.080876 0.156675 -404285916184814.250000 110
0.040329 0.180264 -246325974922802.281250 129
-0.042554 0.274619 753314033595911.125000 117
0.020079 0.059698 1165004306051466.750000 118
0.172130 0.119981 -122617562486967.625000 137
0.040329 0.180264 -246325974922802.281250 129
0.282741 0.227442 6926297810876.502930 155
0.266847 0.353249 -4489907226588.844727 172
0.163714 0.327039 -15408096627638.261719 153
-0.534582 0.656244 2056755293773835.500000 96
-0.535827 0.844328 -103454091233434.734375 111
-0.637424 0.770513 -2761288543679469.000000 94
0.847640 -0.274036 80089198294.347366 227
0.903483 -0.146108 -41676904152.862991 239
0.792049 -0.172045 178966737197.493103 224
0.968583 -0.248690 -1540382022.000570 241
0.903483 -0.146108 -41676904152.862991 239
0.847640 -0.274036 80089198294.347366 227
0.791796 -0.401964 212937232119.848907 213
0.735953 -0.529892 -32827876462.012360 196
0.876307 -0.481754 -53344802553.934860 211
0.929776 -0.368125 -91540917595.234528 226
0.791796 -0.401964 212937232119.848907 213
0.876307 -0.481754 -53344802553.934860 211
0.592925 -0.376490 2314123667265.433105 194
0.569181 -0.223917 2272710127888.583984 195
0.443723 -0.339315 -10927827678017.015625 177
0.616669 -0.529062 672458584369.392700 181
0.592925 -0.376490 2314123667265.433105 194
0.486789 -0.444362 -5139515852788.225586 176
0.736206 -0.299972 -777580097955.027832 212
0.569181 -0.223917 2272710127888.583984 195
0.592925 -0.376490 2314123667265.433105 194
0.847640 -0.274036 80089198294.347366 227
0.736206 -0.299972 -777580097955.027832 212
0.791796 -0.401964 212937232119.848907 213
0.680615 -0.197981 -341538914334.393250 209
0.569181 -0.223917 2272710127888.583984 195
0.736206 -0.299972 -777580097955.027832 212
0.378100 -0.527404 2450168112338.088867 158
0.486789 -0.444362 -5139515852788.225586 176
0.362206 -0.401597 38106469074338.773438 159
0.518255 -0.575515 697373744737.447998 164
0.393993 -0.653212 -1626763650824.657227 146
0.515708 -0.711863 -313175446511.677246 162
0.486789 -0.444362 -5139515852788.225586 176
0.518255 -0.575515 697373744737.447998 164
0.616669 -0.529062 672458584369.392700 181
0.378100 -0.527404 2450168112338.088867 158
0.393993 -0.653212 -1626763650824.657227 146
0.518255 -0.575515 697373744737.447998 164
0.658410 -0.623625 -208372239258.043274 179
0.728969 -0.684547 15921469806.212543 180
0.735953 -0.529892 -32827876462.012360 196
0.196515 -0.037934 50497868016525.070312 140
0.330420 -0.149981 -10121244802038.275391 160
0.314527 -0.024174 -11423476498026.589844 157
-0.195844 -0.197159 -44476563843216536.000000 84
-0.118071 -0.307241 15633451745644794.000000 89
-0.064278 -0.185365 5956712347610101.000000 103
-0.118071 -0.307241 15633451745644794.000000 89
-0.234167 -0.315104 -44930246056843768.000000 70
-0.145550 -0.426758 4369669071143488.000000 87
0.210774 -0.256132 -59959950898715.375000 142
0.346313 -0.275789 44093114308422.445312 161
0.330420 -0.149981 -10121244802038.275391 160
0.210774 -0.256132 -59959950898715.375000 142
0.235267 -0.407887 -175870340142212.531250 143
0.346313 -0.275789 44093114308422.445312 161
0.067288 -0.173570 -526193723463179.750000 121
0.114121 -0.291515 515285235207357.062500 124
0.198854 -0.161776 42777161702606.468750 141
0.108328 -0.414177 633518147457242.125000 123
0.114121 -0.291515 515285235207357.062500 124
-0.001975 -0.299378 -2995442973528434.000000 107
0.247982 -0.508533 -72556139931998.906250 139
0.362206 -0.401597 38106469074338.773438 159
0.235267 -0.407887 -175870340142212.531250 143
0.443723 -0.339315 -10927827678017.015625 177
0.486789 -0.444362 -5139515852788.225586 176
0.592925 -0.376490 2314123667265.433105 194
0.346313 -0.275789 44093114308422.445312 161
0.443723 -0.339315 -10927827678017.015625 177
0.469331 -0.217723 -5318034811725.469727 178
0.362206 -0.401597 38106469074338.773438 159
0.486789 -0.444362 -5139515852788.225586 176
0.443723 -0.339315 -10927827678017.015625 177
0.518255 -0.575515 697373744737.447998 164
0.658410 -0.623625 -208372239258.043274 179
0.616669 -0.529062 672458584369.392700 181
0.735953 -0.529892 -32827876462.012360 196
0.809017 -0.587785 25724257356.894142 193
0.876307 -0.481754 -53344802553.934860 211
0.616669 -0.529062 672458584369.392700 181
0.658410 -0.623625 -208372239258.043274 179
0.735953 -0.529892 -32827876462.012360 196
0.791796 -0.401964 212937232119.848907 213
0.736206 -0.299972 -777580097955.027832 212
0.664439 -0.453191 -404731064670.682617 197
0.486789 -0.444362 -5139515852788.225586 176
0.378100 -0.527404 2450168112338.088867 158
0.518255 -0.575515 697373744737.447998 164
0.728969 -0.684547 15921469806.212543 180
0.809017 -0.587785 25724257356.894142 193
0.735953 -0.529892 -32827876462.012360 196
0.847640 -0.274036 80089198294.347366 227
0.792049 -0.172045 178966737197.493103 224
0.736206 -0.299972 -777580097955.027832 212
0.838383 -0.043527 -30342786102.009514 225
0.792049 -0.172045 178966737197.493103 224
0.903483 -0.146108 -41676904152.862991 239
0.715365 -0.101593 35328822832.067413 210
0.680615 -0.197981 -341538914334.393250 209
0.792049 -0.172045 178966737197.493103 224
1.000000 -0.000000 20627876153.879307 240
0.992115 0.125333 -5332317394.293631 233
0.915249 0.040903 -2670309117.788046 228
0.295977 -0.844070 1893198031125.450439 125
0.177179 -0.862891 12458636138495.345703 109
0.309017 -0.951057 -3487256836572.889160 108
0.425779 -0.904827 -1270843773515.568115 126
0.295977 -0.844070 1893198031125.450439 125
0.309017 -0.951057 -3487256836572.889160 108
0.282937 -0.737084 -21598659315158.371094 127
0.177179 -0.862891 12458636138495.345703 109
0.295977 -0.844070 1893198031125.450439 125
0.062791 -0.998027 -47743768955100.093750 72
0.060826 -0.904827 29273322578915.957031 91
-0.062791 -0.998027 138367380735337.375000 71
-0.272489 -0.433048 4145821045925288.000000 67
-0.234167 -0.315104 -44930246056843768.000000 70
-0.362206 -0.401597 90330722886516480.000000 53
-0.349134 -0.668938 13078857479591016.000000 51
-0.166657 -0.668938 -3357196543642160.000000 68
-0.219573 -0.550993 10019233565329040.000000 69
-0.005837 -0.810471 -155219062059047.062500 101
-0.060826 -0.904827 -117782409246425.593750 82
0.060826 -0.904827 29273322578915.957031 91
0.177179 -0.862891 12458636138495.345703 109
-0.005837 -0.810471 -155219062059047.062500 101
0.060826 -0.904827 29273322578915.957031 91
-0.072500 -0.716116 322407042661883.125000 83
-0.156928 -0.826197 1067324055848379.250000 81
-0.005837 -0.810471 -155219062059047.062500 101
-0.272489 -0.433048 4145821045925288.000000 67
-0.219573 -0.550993 10019233565329040.000000 69
-0.145550 -0.426758 4369669071143488.000000 87
-0.321429 -0.833823 -1767642399888761.500000 46
-0.409886 -0.779019 14943044890080758.000000 45
-0.425779 -0.904827 -3642966324269009.000000 32
-0.232973 -0.888627 1017724371767121.000000 62
-0.321429 -0.833823 -1767642399888761.500000 46
-0.309017 -0.951057 1130185359268230.500000 47
-0.232973 -0.888627 1017724371767121.000000 62
-0.253031 -0.747568 -4463222239703940.000000 61
-0.321429 -0.833823 -1767642399888761.500000 46
-0.166657 -0.668938 -3357196543642160.000000 68
-0.253031 -0.747568 -4463222239703940.000000 61
-0.156928 -0.826197 1067324055848379.250000 81
-0.349134 -0.668938 13078857479591016.000000 51
-0.409886 -0.779019 14943044890080758.000000 45
-0.253031 -0.747568 -4463222239703940.000000 61
0.187381 -0.982287 -6319237592165.593750 90
0.060826 -0.904827 29273322578915.957031 91
0.062791 -0.998027 -47743768955100.093750 72
0.235267 -0.407887 -175870340142212.531250 143
0.362206 -0.401597 38106469074338.773438 159
0.346313 -0.275789 44093114308422.445312 161
0.298781 -0.621760 28777180176772.398438 138
0.378100 -0.527404 2450168112338.088867 158
0.247982 -0.508533 -72556139931998.906250 139
0.518255 -0.575515 697373744737.447998 164
0.515708 -0.711863 -313175446511.677246 162
0.658410 -0.623625 -208372239258.043274 179
0.298781 -0.621760 28777180176772.398438 138
0.393993 -0.653212 -1626763650824.657227 146
0.378100 -0.527404 2450168112338.088867 158
0.141155 -0.577727 -140266568713445.312500 120
0.164458 -0.730094 79939366989153.265625 119
0.298781 -0.621760 28777180176772.398438 138
0.108328 -0.414177 633518147457242.125000 123
0.141155 -0.577727 -140266568713445.312500 120
0.247982 -0.508533 -72556139931998.906250 139
0.034327 -0.646921 -156236816190947.156250 102
0.164458 -0.730094 79939366989153.265625 119
0.141155 -0.577727 -140266568713445.312500 120
0.108328 -0.414177 633518147457242.125000 123
-0.012254 -0.470791 272100691828631.125000 105
0.141155 -0.577727 -140266568713445.312500 120
-0.072500 -0.716116 322407042661883.125000 83
-0.005837 -0.810471 -155219062059047.062500 101
0.034327 -0.646921 -156236816190947.156250 102
0.282937 -0.737084 -21598659315158.371094 127
0.393993 -0.653212 -1626763650824.657227 146
0.298781 -0.621760 28777180176772.398438 138
-0.005837 -0.810471 -155219062059047.062500 101
0.177179 -0.862891 12458636138495.345703 109
0.164458 -0.730094 79939366989153.265625 119
0.187381 -0.982287 -6319237592165.593750 90
0.177179 -0.862891 12458636138495.345703 109
0.060826 -0.904827 29273322578915.957031 91
0.187381 -0.982287 -6319237592165.593750 90
0.309017 -0.951057 -3487256836572.889160 108
0.177179 -0.862891 12458636138495.345703 109
0.409886 -0.779019 3885087387891.872070 144
0.393993 -0.653212 -1626763650824.657227 146
0.282937 -0.737084 -21598659315158.371094 127
0.515708 -0.711863 -313175446511.677246 162
0.637424 -0.770513 355534241772.730042 163
0.658410 -0.623625 -208372239258.043274 179
0.409886 -0.779019 3885087387891.872070 144
0.515708 -0.711863 -313175446511.677246 162
0.393993 -0.653212 -1626763650824.657227 146
0.409886 -0.779019 3885087387891.872070 144
0.535827 -0.844328 -1044326986846.097900 145
0.515708 -0.711863 -313175446511.677246 162
0.425779 -0.904827 -1270843773515.568115 126
0.409886 -0.779019 3885087387891.872070 144
0.295977 -0.844070 1893198031125.450439 125
-0.065162 -0.389016 -2066537052313257.000000 106
-0.145550 -0.426758 4369669071143488.000000 87
-0.115913 -0.510892 -1537749686928612.000000 88
-0.272489 -0.433048 4145821045925288.000000 67
-0.145550 -0.426758 4369669071143488.000000 87
-0.234167 -0.315104 -44930246056843768.000000 70
-0.219573 -0.550993 10019233565329040.000000 69
-0.378100 -0.527404 -67950623331032256.000000 52
-0.349134 -0.668938 13078857479591016.000000 51
-0.072500 -0.716116 322407042661883.125000 83
-0.042377 -0.593453 1028559972457560.750000 86
-0.166657 -0.668938 -3357196543642160.000000 68
-0.272489 -0.433048 4145821045925288.000000 67
-0.378100 -0.527404 -67950623331032256.000000 52
-0.219573 -0.550993 10019233565329040.000000 69
0.535827 -0.844328 -1044326986846.097900 145
0.409886 -0.779019 3885087387891.872070 144
0.425779 -0.904827 -1270843773515.568115 126
0.535827 -0.844328 -1044326986846.097900 145
0.637424 -0.770513 355534241772.730042 163
0.515708 -0.711863 -313175446511.677246 162
0.409886 -0.779019 3885087387891.872070 144
0.282937 -0.737084 -21598659315158.371094 127
0.295977 -0.844070 1893198031125.450439 125
0.637424 -0.770513 355534241772.730042 163
0.728969 -0.684547 15921469806.212543 180
0.658410 -0.623625 -208372239258.043274 179
-0.309017 0.951057 -61876589892134.343750 148
-0.203275 0.856480 -3427192823369.027344 149
-0.187381 0.982287 16632370205551.933594 165
-0.109200 0.735914 64457745058498.093750 150
-0.219168 0.730672 -111851580162217.531250 134
-0.081324 0.616659 -226412228260052.843750 152
-0.187381 0.982287 16632370205551.933594 165
-0.203275 0.856480 -3427192823369.027344 149
-0.089651 0.864346 -17751568609717.496094 166
-0.219168 0.730672 -111851580162217.531250 134
-0.382682 0.674543 -480863610312334.250000 115
-0.235061 0.604864 1000925078946408.250000 132
-0.089651 0.864346 -17751568609717.496094 166
-0.109200 0.735914 64457745058498.093750 150
0.000768 0.741156 28118426941776.132812 167
-0.253031 -0.747568 -4463222239703940.000000 61
-0.166657 -0.668938 -3357196543642160.000000 68
-0.349134 -0.668938 13078857479591016.000000 51
-0.060826 -0.904827 -117782409246425.593750 82
-0.156928 -0.826197 1067324055848379.250000 81
-0.187381 -0.982287 -601874394712384.250000 63
-0.060826 -0.904827 -117782409246425.593750 82
-0.005837 -0.810471 -155219062059047.062500 101
-0.156928 -0.826197 1067324055848379.250000 81
-0.232973 -0.888627 1017724371767121.000000 62
-0.156928 -0.826197 1067324055848379.250000 81
-0.253031 -0.747568 -4463222239703940.000000 61
-0.187381 -0.982287 -601874394712384.250000 63
-0.232973 -0.888627 1017724371767121.000000 62
-0.309017 -0.951057 1130185359268230.500000 47
-0.187381 -0.982287 -601874394712384.250000 63
-0.156928 -0.826197 1067324055848379.250000 81
-0.232973 -0.888627 1017724371767121.000000 62
-0.062791 -0.998027 138367380735337.375000 71
-0.060826 -0.904827 -117782409246425.593750 82
-0.187381 -0.982287 -601874394712384.250000 63
-0.042377 -0.593453 1028559972457560.750000 86
-0.072500 -0.716116 322407042661883.125000 83
0.034327 -0.646921 -156236816190947.156250 102
-0.012254 -0.470791 272100691828631.125000 105
-0.042377 -0.593453 1028559972457560.750000 86
0.034327 -0.646921 -156236816190947.156250 102
-0.115913 -0.510892 -1537749686928612.000000 88
-0.166657 -0.668938 -3357196543642160.000000 68
-0.042377 -0.593453 1028559972457560.750000 86
-0.518255 -0.575515 321201496196085120.000000 36
-0.616669 -0.529062 -1906008862375106048.000000 25
-0.658410 -0.623625 -72271700495443136.000000 24
-0.433694 -0.622226 -39385254473970464.000000 37
-0.518255 -0.575515 321201496196085120.000000 36
-0.534148 -0.701322 -49996877173209056.000000 31
-0.409886 -0.779019 14943044890080758.000000 45
-0.433694 -0.622226 -39385254473970464.000000 37
-0.534148 -0.701322 -49996877173209056.000000 31
-0.349134 -0.668938 13078857479591016.000000 51
-0.378100 -0.527404 -67950623331032256.000000 52
-0.433694 -0.622226 -39385254473970464.000000 37
-0.378100 -0.527404 -67950623331032256.000000 52
-0.486789 -0.444362 87783288720546048.000000 38
-0.518255 -0.575515 321201496196085120.000000 36
0.060826 -0.904827 29273322578915.957031 91
-0.060826 -0.904827 -117782409246425.593750 82
-0.062791 -0.998027 138367380735337.375000 71
-0.534148 -0.701322 -49996877173209056.000000 31
-0.535827 -0.844328 -5412037938193334.000000 30
-0.409886 -0.779019 14943044890080758.000000 45
-0.486789 -0.444362 87783288720546048.000000 38
-0.378100 -0.527404 -67950623331032256.000000 52
-0.362206 -0.401597 90330722886516480.000000 53
-0.728969 -0.684547 -541483771965290496.000000 14
-0.637424 -0.770513 116386260909183840.000000 19
-0.658410 -0.623625 -72271700495443136.000000 24
-0.321429 -0.833823 -1767642399888761.500000 46
-0.253031 -0.747568 -4463222239703940.000000 61
-0.409886 -0.779019 14943044890080758.000000 45
-0.346313 -0.275789 192078044259710912.000000 64
-0.362206 -0.401597 90330722886516480.000000 53
-0.234167 -0.315104 -44930246056843768.000000 70
-0.195844 -0.197159 -44476563843216536.000000 84
-0.346313 -0.275789 192078044259710912.000000 64
-0.234167 -0.315104 -44930246056843768.000000 70
-0.658594 0.038247 6538243843564708864.000000 29
-0.584401 -0.096754 1722169599948002304.000000 35
-0.515073 -0.029496 -1708317931441692416.000000 39
-0.330420 -0.149981 77665595598523248.000000 66
-0.441136 -0.097722 -40567389948485704.000000 50
-0.469331 -0.217723 -544823143841125184.000000 49
-0.330420 -0.149981 77665595598523248.000000 66
-0.314527 -0.024174 -74855488222336816.000000 65
-0.441136 -0.097722 -40567389948485704.000000 50
-0.321429 -0.833823 -1767642399888761.500000 46
-0.425779 -0.904827 -3642966324269009.000000 32
-0.309017 -0.951057 1130185359268230.500000 47
-0.378100 -0.527404 -67950623331032256.000000 52
-0.518255 -0.575515 321201496196085120.000000 36
-0.433694 -0.622226 -39385254473970464.000000 37
-0.535827 -0.844328 -5412037938193334.000000 30
-0.425779 -0.904827 -3642966324269009.000000 32
-0.409886 -0.779019 14943044890080758.000000 45
0.298634 0.101634 14471202709001.970703 156
0.172130 0.119981 -122617562486967.625000 137
0.196515 -0.037934 50497868016525.070312 140
-0.216863 0.007278 33073430375464152.000000 80
-0.157522 -0.079215 519860062360199.812500 85
-0.119199 0.038730 -6006223714837348.000000 100
0.198854 -0.161776 42777161702606.468750 141
0.210774 -0.256132 -59959950898715.375000 142
0.330420 -0.149981 -10121244802038.275391 160
-0.118071 -0.307241 15633451745644794.000000 89
-0.195844 -0.197159 -44476563843216536.000000 84
-0.234167 -0.315104 -44930246056843768.000000 70
0.114121 -0.291515 515285235207357.062500 124
0.235267 -0.407887 -175870340142212.531250 143
0.210774 -0.256132 -59959950898715.375000 142
0.114121 -0.291515 515285235207357.062500 124
0.108328 -0.414177 633518147457242.125000 123
0.235267 -0.407887 -175870340142212.531250 143
0.198854 -0.161776 42777161702606.468750 141
0.114121 -0.291515 515285235207357.062500 124
0.210774 -0.256132 -59959950898715.375000 142
0.067288 -0.173570 -526193723463179.750000 121
-0.064278 -0.185365 5956712347610101.000000 103
-0.001975 -0.299378 -2995442973528434.000000 107
-0.012254 -0.470791 272100691828631.125000 105
0.034327 -0.646921 -156236816190947.156250 102
0.141155 -0.577727 -140266568713445.312500 120
-0.064278 -0.185365 5956712347610101.000000 103
-0.035536 -0.096906 233302884454347.500000 104
-0.157522 -0.079215 519860062360199.812500 85
-0.001975 -0.299378 -2995442973528434.000000 107
-0.064278 -0.185365 5956712347610101.000000 103
-0.118071 -0.307241 15633451745644794.000000 89
0.067288 -0.173570 -526193723463179.750000 121
-0.035536 -0.096906 233302884454347.500000 104
-0.064278 -0.185365 5956712347610101.000000 103
-0.330420 -0.149981 77665595598523248.000000 66
-0.195844 -0.197159 -44476563843216536.000000 84
-0.157522 -0.079215 519860062360199.812500 85
-0.330420 -0.149981 77665595598523248.000000 66
-0.346313 -0.275789 192078044259710912.000000 64
-0.195844 -0.197159 -44476563843216536.000000 84
-0.658594 0.038247 6538243843564708864.000000 29
-0.576964 0.099699 -1034754239208711680.000000 44
-0.708183 0.161636 2368069917804838912.000000 28
-0.838383 -0.043527 108774908657987715072.000000 12
-0.715365 -0.101593 -20166254191508684800.000000 23
-0.773283 0.059054 -16773330847220359168.000000 18
-0.584401 -0.096754 1722169599948002304.000000 35
-0.469331 -0.217723 -544823143841125184.000000 49
-0.441136 -0.097722 -40567389948485704.000000 50
-0.715365 -0.101593 -20166254191508684800.000000 23
-0.584401 -0.096754 1722169599948002304.000000 35
-0.658594 0.038247 6538243843564708864.000000 29
-0.773283 0.059054 -16773330847220359168.000000 18
-0.715365 -0.101593 -20166254191508684800.000000 23
-0.658594 0.038247 6538243843564708864.000000 29
-0.680615 -0.197981 2575078055424416768.000000 22
-0.569181 -0.223917 2267665185035341824.000000 34
-0.584401 -0.096754 1722169599948002304.000000 35
-0.792049 -0.172045 23367328356225048576.000000 13
-0.680615 -0.197981 2575078055424416768.000000 22
-0.715365 -0.101593 -20166254191508684800.000000 23
-0.792049 -0.172045 23367328356225048576.000000 13
-0.847640 -0.274036 97182193303396466688.000000 11
-0.680489 -0.312940 -19452420790317817856.000000 21
-0.715365 -0.101593 -20166254191508684800.000000 23
-0.680615 -0.197981 2575078055424416768.000000 22
-0.584401 -0.096754 1722169599948002304.000000 35
-0.838383 -0.043527 108774908657987715072.000000 12
-0.792049 -0.172045 23367328356225048576.000000 13
-0.715365 -0.101593 -20166254191508684800.000000 23
-0.314527 -0.024174 -74855488222336816.000000 65
-0.298634 0.101634 -90303720932907984.000000 73
-0.445745 0.037763 408778743698984064.000000 54
-0.680489 -0.312940 -19452420790317817856.000000 21
-0.592925 -0.376490 1748646074886554624.000000 33
-0.569181 -0.223917 2267665185035341824.000000 34
-0.569181 -0.223917 2267665185035341824.000000 34
-0.592925 -0.376490 1748646074886554624.000000 33
-0.443723 -0.339315 -803555903401753216.000000 48
-0.658410 -0.623625 -72271700495443136.000000 24
-0.616669 -0.529062 -1906008862375106048.000000 25
-0.735953 -0.529892 2483220352444321792.000000 15
-0.658410 -0.623625 -72271700495443136.000000 24
-0.534148 -0.701322 -49996877173209056.000000 31
-0.518255 -0.575515 321201496196085120.000000 36
-0.443723 -0.339315 -803555903401753216.000000 48
-0.469331 -0.217723 -544823143841125184.000000 49
-0.569181 -0.223917 2267665185035341824.000000 34
-0.362206 -0.401597 90330722886516480.000000 53
-0.443723 -0.339315 -803555903401753216.000000 48
-0.486789 -0.444362 87783288720546048.000000 38
-0.362206 -0.401597 90330722886516480.000000 53
-0.346313 -0.275789 192078044259710912.000000 64
-0.443723 -0.339315 -803555903401753216.000000 48
0.247982 -0.508533 -72556139931998.906250 139
0.141155 -0.577727 -140266568713445.312500 120
0.298781 -0.621760 28777180176772.398438 138
-0.156928 -0.826197 1067324055848379.250000 81
-0.072500 -0.716116 322407042661883.125000 83
-0.166657 -0.668938 -3357196543642160.000000 68
0.164458 -0.730094 79939366989153.265625 119
0.177179 -0.862891 12458636138495.345703 109
0.282937 -0.737084 -21598659315158.371094 127
0.298781 -0.621760 28777180176772.398438 138
0.164458 -0.730094 79939366989153.265625 119
0.282937 -0.737084 -21598659315158.371094 127
0.034327 -0.646921 -156236816190947.156250 102
-0.005837 -0.810471 -155219062059047.062500 101
0.164458 -0.730094 79939366989153.265625 119
0.108328 -0.414177 633518147457242.125000 123
0.247982 -0.508533 -72556139931998.906250 139
0.235267 -0.407887 -175870340142212.531250 143
-0.115913 -0.510892 -1537749686928612.000000 88
-0.012254 -0.470791 272100691828631.125000 105
-0.065162 -0.389016 -2066537052313257.000000 106
-0.219573 -0.550993 10019233565329040.000000 69
-0.115913 -0.510892 -1537749686928612.000000 88
-0.145550 -0.426758 4369669071143488.000000 87
-0.219573 -0.550993 10019233565329040.000000 69
-0.166657 -0.668938 -3357196543642160.000000 68
-0.115913 -0.510892 -1537749686928612.000000 88
-0.115913 -0.510892 -1537749686928612.000000 88
-0.042377 -0.593453 1028559972457560.750000 86
-0.012254 -0.470791 272100691828631.125000 105
0.378100 -0.527404 2450168112338.088867 158
0.362206 -0.401597 38106469074338.773438 159
0.247982 -0.508533 -72556139931998.906250 139
