-0.903483 -0.146108 -3093.078626 5
-0.992115 -0.125333 27432.145302 1
-0.968583 -0.248690 -3143.797603 2
-0.929776 -0.368125 250.248775 3
-0.847640 -0.274036 894.066982 11
-0.968583 -0.248690 -3143.797603 2
-0.838383 -0.043527 1000.783052 12
-1.000000 -0.000000 -2374.443619 4
-0.903483 -0.146108 -3093.078626 5
-0.791796 -0.401964 -190.450160 10
-0.876307 -0.481754 20.192076 6
-0.735953 -0.529892 23.017706 15
-0.664439 -0.453191 86.731659 20
-0.592925 -0.376490 16.590360 33
-0.680489 -0.312940 -178.480111 21
-0.616669 -0.529062 -17.191240 25
-0.664439 -0.453191 86.731659 20
-0.735953 -0.529892 23.017706 15
-0.616669 -0.529062 -17.191240 25
-0.592925 -0.376490 16.590360 33
-0.664439 -0.453191 86.731659 20
-0.847640 -0.274036 894.066982 11
-0.929776 -0.368125 250.248775 3
-0.791796 -0.401964 -190.450160 10
-0.577982 0.366799 1.344944 58
-0.479568 0.320346 0.243532 75
-0.512882 0.469380 0.360548 77
-0.381154 0.273894 0.335346 78
-0.528266 0.210023 2.550137 59
-0.413450 0.155828 1.722342 60
-0.389865 0.411315 0.819593 95
-0.479568 0.320346 0.243532 75
-0.381154 0.273894 0.335346 78
-0.250954 0.479057 0.678082 114
-0.389865 0.411315 0.819593 95
-0.266847 0.353249 0.855051 98
-0.349368 0.525509 0.573444 113
-0.447782 0.571962 0.510909 97
-0.389865 0.411315 0.819593 95
-0.577982 0.366799 1.344944 58
-0.528266 0.210023 2.550137 59
-0.479568 0.320346 0.243532 75
-0.080876 0.156675 0.965193 110
-0.042554 0.274619 0.929702 117
-0.162647 0.251030 0.878370 99
-0.189755 0.129154 1.050256 93
-0.080876 0.156675 0.965193 110
-0.162647 0.251030 0.878370 99
-0.282741 0.227442 0.904244 79
-0.189755 0.129154 1.050256 93
-0.162647 0.251030 0.878370 99
-0.298634 0.101634 0.069895 73
-0.216863 0.007278 1.257120 80
-0.189755 0.129154 1.050256 93
0.198854 -0.161776 0.934679 141
0.078503 -0.051694 0.990083 122
0.067288 -0.173570 0.960506 121
0.125317 0.034143 0.980791 128
0.020079 0.059698 1.006748 118
0.078503 -0.051694 0.990083 122
0.196515 -0.037934 0.960407 140
0.125317 0.034143 0.980791 128
0.078503 -0.051694 0.990083 122
0.172130 0.119981 0.954848 137
0.020079 0.059698 1.006748 118
0.125317 0.034143 0.980791 128
0.282741 0.227442 0.868392 155
0.172130 0.119981 0.954848 137
0.298634 0.101634 0.900622 156
0.282741 0.227442 0.868392 155
0.163714 0.327039 0.866101 153
0.167922 0.223510 0.922706 147
-0.080876 0.156675 0.965193 110
-0.119199 0.038730 0.929048 100
0.020079 0.059698 1.006748 118
-0.838383 -0.043527 1000.783052 12
-0.915249 0.040903 171.692009 9
-1.000000 -0.000000 -2374.443619 4
-0.903483 -0.146108 -3093.078626 5
-1.000000 -0.000000 -2374.443619 4
-0.992115 -0.125333 27432.145302 1
-0.362206 -0.401597 1.538369 53
-0.378100 -0.527404 -0.046110 52
-0.272489 -0.433048 0.776351 67
-0.847640 -0.274036 894.066982 11
-0.903483 -0.146108 -3093.078626 5
-0.968583 -0.248690 -3143.797603 2
-0.847640 -0.274036 894.066982 11
-0.792049 -0.172045 215.270637 13
-0.903483 -0.146108 -3093.078626 5
-0.876307 -0.481754 20.192076 6
-0.791796 -0.401964 -190.450160 10
-0.929776 -0.368125 250.248775 3
-0.664439 -0.453191 86.731659 20
-0.791796 -0.401964 -190.450160 10
-0.735953 -0.529892 23.017706 15
-0.680615 -0.197981 24.182572 22
-0.680489 -0.312940 -178.480111 21
-0.569181 -0.223917 21.483383 34
-0.680615 -0.197981 24.182572 22
-0.792049 -0.172045 215.270637 13
-0.680489 -0.312940 -178.480111 21
-0.515073 -0.029496 -14.978906 39
-0.441136 -0.097722 0.422720 50
-0.445745 0.037763 4.559742 54
-0.330420 -0.149981 1.582679 66
-0.469331 -0.217723 -4.278839 49
-0.346313 -0.275789 2.570699 64
-0.838383 -0.043527 1000.783052 12
-0.903483 -0.146108 -3093.078626 5
-0.792049 -0.172045 215.270637 13
-0.735953 -0.529892 23.017706 15
-0.809017 -0.587785 -15.206425 7
-0.728969 -0.684547 -4.980449 14
-0.346313 -0.275789 2.570699 64
-0.469331 -0.217723 -4.278839 49
-0.443723 -0.339315 -6.702956 48
-0.876307 -0.481754 20.192076 6
-0.809017 -0.587785 -15.206425 7
-0.735953 -0.529892 23.017706 15
-0.309017 0.951057 -0.000569 148
-0.317582 0.777124 0.296339 131
-0.203275 0.856480 0.225091 149
-0.915249 0.040903 171.692009 9
-0.992115 0.125333 232.292774 8
-1.000000 -0.000000 -2374.443619 4
-0.773283 0.059054 -153.878884 18
-0.915249 0.040903 171.692009 9
-0.838383 -0.043527 1000.783052 12
-0.773283 0.059054 -153.878884 18
-0.838383 0.205163 -46.133122 17
-0.915249 0.040903 171.692009 9
-0.317582 0.777124 0.296339 131
-0.309017 0.951057 -0.000569 148
-0.425779 0.904827 0.000824 130
-0.447782 0.737755 0.252218 112
-0.425779 0.904827 0.000824 130
-0.535827 0.844328 -0.000952 111
-0.992115 0.125333 232.292774 8
-0.915249 0.040903 171.692009 9
-0.838383 0.205163 -46.133122 17
-0.382682 0.674543 0.394124 115
-0.447782 0.571962 0.510909 97
-0.349368 0.525509 0.573444 113
-0.425779 0.904827 0.000824 130
-0.447782 0.737755 0.252218 112
-0.317582 0.777124 0.296339 131
-0.382682 0.674543 0.394124 115
-0.349368 0.525509 0.573444 113
-0.235061 0.604864 0.588092 132
-0.816683 0.308437 9.866843 27
-0.968583 0.248690 -30.088165 16
-0.838383 0.205163 -46.133122 17
-0.816683 0.308437 9.866843 27
-0.929776 0.368125 2.952477 26
-0.968583 0.248690 -30.088165 16
-0.708183 0.161636 22.253341 28
-0.816683 0.308437 9.866843 27
-0.838383 0.205163 -46.133122 17
-0.794983 0.411712 -1.528371 41
-0.929776 0.368125 2.952477 26
-0.816683 0.308437 9.866843 27
-0.314527 -0.024174 0.211984 65
-0.330420 -0.149981 1.582679 66
-0.157522 -0.079215 0.973694 85
-0.080876 0.156675 0.965193 110
-0.189755 0.129154 1.050256 93
-0.119199 0.038730 0.929048 100
-0.576964 0.099699 -8.860271 44
-0.528266 0.210023 2.550137 59
-0.643082 0.264217 -1.567639 43
-0.773283 0.059054 -153.878884 18
-0.658594 0.038247 60.702129 29
-0.708183 0.161636 22.253341 28
-0.445745 0.037763 4.559742 54
-0.413450 0.155828 1.722342 60
-0.576964 0.099699 -8.860271 44
-0.216863 0.007278 1.257120 80
-0.298634 0.101634 0.069895 73
-0.314527 -0.024174 0.211984 65
-0.157522 -0.079215 0.973694 85
-0.216863 0.007278 1.257120 80
-0.314527 -0.024174 0.211984 65
-0.119199 0.038730 0.929048 100
-0.189755 0.129154 1.050256 93
-0.216863 0.007278 1.257120 80
-0.576964 0.099699 -8.860271 44
-0.643082 0.264217 -1.567639 43
-0.708183 0.161636 22.253341 28
-0.413450 0.155828 1.722342 60
-0.528266 0.210023 2.550137 59
-0.576964 0.099699 -8.860271 44
-0.298634 0.101634 0.069895 73
-0.413450 0.155828 1.722342 60
-0.445745 0.037763 4.559742 54
-0.298634 0.101634 0.069895 73
-0.282741 0.227442 0.904244 79
-0.413450 0.155828 1.722342 60
-0.381154 0.273894 0.335346 78
-0.266847 0.353249 0.855051 98
-0.389865 0.411315 0.819593 95
-0.381154 0.273894 0.335346 78
-0.282741 0.227442 0.904244 79
-0.266847 0.353249 0.855051 98
-0.528266 0.210023 2.550137 59
-0.381154 0.273894 0.335346 78
-0.479568 0.320346 0.243532 75
-0.413450 0.155828 1.722342 60
-0.282741 0.227442 0.904244 79
-0.381154 0.273894 0.335346 78
-0.577982 0.366799 1.344944 58
-0.643082 0.264217 -1.567639 43
-0.528266 0.210023 2.550137 59
-0.577982 0.366799 1.344944 58
-0.610532 0.481301 1.290616 57
-0.719033 0.337964 -4.302784 42
-0.621382 0.574733 0.117973 76
-0.708183 0.493222 1.291486 56
-0.610532 0.481301 1.290616 57
-0.719033 0.337964 -4.302784 42
-0.816683 0.308437 9.866843 27
-0.708183 0.161636 22.253341 28
-0.577982 0.366799 1.344944 58
-0.719033 0.337964 -4.302784 42
-0.643082 0.264217 -1.567639 43
-0.794983 0.411712 -1.528371 41
-0.816683 0.308437 9.866843 27
-0.719033 0.337964 -4.302784 42
-0.708183 0.493222 1.291486 56
-0.794983 0.411712 -1.528371 41
-0.719033 0.337964 -4.302784 42
-0.610532 0.481301 1.290616 57
-0.708183 0.493222 1.291486 56
-0.719033 0.337964 -4.302784 42
-0.512882 0.469380 0.360548 77
-0.610532 0.481301 1.290616 57
-0.577982 0.366799 1.344944 58
-0.512882 0.469380 0.360548 77
-0.621382 0.574733 0.117973 76
-0.610532 0.481301 1.290616 57
-0.621382 0.574733 0.117973 76
-0.809017 0.587785 -0.257916 55
-0.708183 0.493222 1.291486 56
-0.876307 0.481754 -0.238766 40
-0.929776 0.368125 2.952477 26
-0.794983 0.411712 -1.528371 41
-0.445745 0.037763 4.559742 54
-0.441136 -0.097722 0.422720 50
-0.314527 -0.024174 0.211984 65
-0.838383 0.205163 -46.133122 17
-0.773283 0.059054 -153.878884 18
-0.708183 0.161636 22.253341 28
-0.643082 0.264217 -1.567639 43
-0.719033 0.337964 -4.302784 42
-0.708183 0.161636 22.253341 28
-0.968583 0.248690 -30.088165 16
-0.992115 0.125333 232.292774 8
-0.838383 0.205163 -46.133122 17
-0.515073 -0.029496 -14.978906 39
-0.576964 0.099699 -8.860271 44
-0.658594 0.038247 60.702129 29
-0.441136 -0.097722 0.422720 50
-0.515073 -0.029496 -14.978906 39
-0.584401 -0.096754 16.489253 35
-0.445745 0.037763 4.559742 54
-0.576964 0.099699 -8.860271 44
-0.515073 -0.029496 -14.978906 39
-0.794983 0.411712 -1.528371 41
-0.708183 0.493222 1.291486 56
-0.876307 0.481754 -0.238766 40
-0.447782 0.571962 0.510909 97
-0.534582 0.656244 0.302483 96
-0.621382 0.574733 0.117973 76
-0.389865 0.411315 0.819593 95
-0.447782 0.571962 0.510909 97
-0.512882 0.469380 0.360548 77
-0.479568 0.320346 0.243532 75
-0.389865 0.411315 0.819593 95
-0.512882 0.469380 0.360548 77
-0.250954 0.479057 0.678082 114
-0.235061 0.604864 0.588092 132
-0.349368 0.525509 0.573444 113
-0.382682 0.674543 0.394124 115
-0.534582 0.656244 0.302483 96
-0.447782 0.571962 0.510909 97
-0.728969 0.684547 0.127634 74
-0.809017 0.587785 -0.257916 55
-0.621382 0.574733 0.117973 76
-0.447782 0.737755 0.252218 112
-0.382682 0.674543 0.394124 115
-0.317582 0.777124 0.296339 131
-0.534582 0.656244 0.302483 96
-0.447782 0.737755 0.252218 112
-0.535827 0.844328 -0.000952 111
-0.534582 0.656244 0.302483 96
-0.382682 0.674543 0.394124 115
-0.447782 0.737755 0.252218 112
-0.728969 0.684547 0.127634 74
-0.631775 0.670396 0.161607 92
-0.637424 0.770513 -0.025398 94
-0.621382 0.574733 0.117973 76
-0.512882 0.469380 0.360548 77
-0.447782 0.571962 0.510909 97
-0.631775 0.670396 0.161607 92
-0.534582 0.656244 0.302483 96
-0.637424 0.770513 -0.025398 94
-0.621382 0.574733 0.117973 76
-0.631775 0.670396 0.161607 92
-0.728969 0.684547 0.127634 74
-0.621382 0.574733 0.117973 76
-0.534582 0.656244 0.302483 96
-0.631775 0.670396 0.161607 92
0.794983 0.411712 0.198496 236
0.929776 0.368125 -0.000000 237
0.876307 0.481754 0.000000 242
0.708183 0.493222 0.255209 238
0.794983 0.411712 0.198496 236
0.876307 0.481754 0.000000 242
0.610532 0.481301 0.395600 223
0.577982 0.366799 0.531394 208
0.719033 0.337964 0.368773 222
0.349368 0.525509 0.601798 189
0.512882 0.469380 0.516631 207
0.447782 0.571962 0.472347 205
0.349368 0.525509 0.601798 189
0.422415 0.360024 0.691952 190
0.512882 0.469380 0.516631 207
0.445745 0.037763 0.799880 170
0.314527 -0.024174 0.900383 157
0.441136 -0.097722 0.795893 175
0.643082 0.264217 0.516633 206
0.522968 0.251959 0.663025 191
0.571666 0.141635 0.653144 188
0.794983 0.245918 0.307527 220
0.719033 0.337964 0.368773 222
0.643082 0.264217 0.516633 206
0.870933 0.153872 0.217799 219
0.794983 0.245918 0.307527 220
0.708183 0.161636 0.472350 204
0.870933 0.153872 0.217799 219
0.968583 0.248690 -0.000000 230
0.794983 0.245918 0.307527 220
0.577982 0.366799 0.531394 208
0.422415 0.360024 0.691952 190
0.522968 0.251959 0.663025 191
0.040329 0.180264 0.963613 129
0.167922 0.223510 0.922706 147
0.060580 0.300829 0.905275 136
0.794983 0.245918 0.307527 220
0.643082 0.264217 0.516633 206
0.708183 0.161636 0.472350 204
0.708183 0.493222 0.255209 238
0.719033 0.337964 0.368773 222
0.794983 0.411712 0.198496 236
0.577982 0.366799 0.531394 208
0.643082 0.264217 0.516633 206
0.719033 0.337964 0.368773 222
0.915249 0.040903 0.160647 228
0.773283 0.059054 0.398547 215
0.838383 -0.043527 0.295219 225
1.000000 -0.000000 0.000000 240
0.915249 0.040903 0.160647 228
0.838383 -0.043527 0.295219 225
0.992115 0.125333 -0.000000 233
0.968583 0.248690 -0.000000 230
0.870933 0.153872 0.217799 219
0.794983 0.245918 0.307527 220
0.929776 0.368125 -0.000000 237
0.794983 0.411712 0.198496 236
0.062791 0.998027 -0.000005 198
0.023973 0.872212 0.238669 184
0.187381 0.982287 -0.000007 199
0.425779 0.904827 0.000001 216
0.309017 0.951057 -0.000010 214
0.360982 0.819266 0.198501 203
0.309017 0.951057 -0.000010 214
0.203275 0.856480 0.225149 200
0.360982 0.819266 0.198501 203
0.382682 0.674543 0.398560 202
0.447782 0.737755 0.255206 218
0.360982 0.819266 0.198501 203
0.512882 0.469380 0.516631 207
0.621382 0.574733 0.283567 221
0.447782 0.571962 0.472347 205
0.719033 0.337964 0.368773 222
0.708183 0.493222 0.255209 238
0.610532 0.481301 0.395600 223
0.809017 0.587785 -0.000000 235
0.728969 0.684547 -0.000000 234
0.621382 0.574733 0.283567 221
0.621382 0.574733 0.283567 221
0.534582 0.656244 0.283565 217
0.447782 0.571962 0.472347 205
0.809017 0.587785 -0.000000 235
0.621382 0.574733 0.283567 221
0.708183 0.493222 0.255209 238
0.631775 0.670396 0.151430 229
0.534582 0.656244 0.283565 217
0.621382 0.574733 0.283567 221
0.728969 0.684547 -0.000000 234
0.631775 0.670396 0.151430 229
0.621382 0.574733 0.283567 221
0.728969 0.684547 -0.000000 234
0.637424 0.770513 0.000000 231
0.631775 0.670396 0.151430 229
0.447782 0.737755 0.255206 218
0.425779 0.904827 0.000001 216
0.360982 0.819266 0.198501 203
0.794983 0.245918 0.307527 220
0.794983 0.411712 0.198496 236
0.719033 0.337964 0.368773 222
0.610532 0.481301 0.395600 223
0.621382 0.574733 0.283567 221
0.512882 0.469380 0.516631 207
0.577982 0.366799 0.531394 208
0.610532 0.481301 0.395600 223
0.512882 0.469380 0.516631 207
0.708183 0.493222 0.255209 238
0.621382 0.574733 0.283567 221
0.610532 0.481301 0.395600 223
0.637424 0.770513 0.000000 231
0.534582 0.656244 0.283565 217
0.631775 0.670396 0.151430 229
0.637424 0.770513 0.000000 231
0.535827 0.844328 0.000001 232
0.534582 0.656244 0.283565 217
0.235061 0.604864 0.578850 186
0.219168 0.730672 0.418037 187
0.072414 0.628453 0.600188 169
0.447782 0.737755 0.255206 218
0.535827 0.844328 0.000001 232
0.425779 0.904827 0.000001 216
0.534582 0.656244 0.283565 217
0.447782 0.737755 0.255206 218
0.382682 0.674543 0.398560 202
0.534582 0.656244 0.283565 217
0.535827 0.844328 0.000001 232
0.447782 0.737755 0.255206 218
-0.135539 0.372907 0.842738 116
-0.250954 0.479057 0.678082 114
-0.266847 0.353249 0.855051 98
0.060580 0.300829 0.905275 136
-0.004231 0.392564 0.844096 135
-0.042554 0.274619 0.929702 117
0.040329 0.180264 0.963613 129
0.060580 0.300829 0.905275 136
-0.042554 0.274619 0.929702 117
0.163714 0.327039 0.866101 153
0.123361 0.435810 0.795257 154
0.060580 0.300829 0.905275 136
-0.080876 0.156675 0.965193 110
0.020079 0.059698 1.006748 118
0.040329 0.180264 0.963613 129
0.266847 0.353249 0.803966 172
0.250954 0.479057 0.707470 171
0.123361 0.435810 0.795257 154
-0.108431 0.494783 0.747450 133
-0.250954 0.479057 0.678082 114
-0.135539 0.372907 0.842738 116
-0.004231 0.392564 0.844096 135
-0.108431 0.494783 0.747450 133
-0.135539 0.372907 0.842738 116
0.034091 0.510509 0.738062 151
0.072414 0.628453 0.600188 169
-0.081324 0.616659 0.611036 152
0.034091 0.510509 0.738062 151
0.123361 0.435810 0.795257 154
0.134576 0.557687 0.670769 168
0.381154 0.273894 0.779704 173
0.266847 0.353249 0.803966 172
0.282741 0.227442 0.868392 155
0.413450 0.155828 0.804744 174
0.445745 0.037763 0.799880 170
0.571666 0.141635 0.653144 188
0.282741 0.227442 0.868392 155
0.413450 0.155828 0.804744 174
0.381154 0.273894 0.779704 173
0.298634 0.101634 0.900622 156
0.445745 0.037763 0.799880 170
0.413450 0.155828 0.804744 174
0.577982 0.366799 0.531394 208
0.512882 0.469380 0.516631 207
0.422415 0.360024 0.691952 190
0.134576 0.557687 0.670769 168
0.235061 0.604864 0.578850 186
0.072414 0.628453 0.600188 169
0.034091 0.510509 0.738062 151
0.134576 0.557687 0.670769 168
0.072414 0.628453 0.600188 169
0.123361 0.435810 0.795257 154
0.250954 0.479057 0.707470 171
0.134576 0.557687 0.670769 168
0.422415 0.360024 0.691952 190
0.349368 0.525509 0.601798 189
0.266847 0.353249 0.803966 172
0.349368 0.525509 0.601798 189
0.235061 0.604864 0.578850 186
0.250954 0.479057 0.707470 171
0.266847 0.353249 0.803966 172
0.349368 0.525509 0.601798 189
0.250954 0.479057 0.707470 171
0.447782 0.571962 0.472347 205
0.382682 0.674543 0.398560 202
0.349368 0.525509 0.601798 189
0.023973 0.872212 0.238669 184
0.062791 0.998027 -0.000005 198
-0.062791 0.998027 0.000029 182
-0.089651 0.864346 0.244705 166
0.023973 0.872212 0.238669 184
-0.062791 0.998027 0.000029 182
-0.187381 0.982287 0.000153 165
-0.089651 0.864346 0.244705 166
-0.062791 0.998027 0.000029 182
-0.203275 0.856480 0.225091 149
-0.109200 0.735914 0.447099 150
-0.089651 0.864346 0.244705 166
0.000768 0.741156 0.450946 167
0.110736 0.746398 0.430516 183
0.023973 0.872212 0.238669 184
0.219168 0.730672 0.418037 187
0.110736 0.746398 0.430516 183
0.072414 0.628453 0.600188 169
0.203275 0.856480 0.225149 200
0.187381 0.982287 -0.000007 199
0.023973 0.872212 0.238669 184
0.187381 0.982287 -0.000007 199
0.203275 0.856480 0.225149 200
0.309017 0.951057 -0.000010 214
-0.235061 0.604864 0.588092 132
-0.250954 0.479057 0.678082 114
-0.108431 0.494783 0.747450 133
-0.109200 0.735914 0.447099 150
-0.203275 0.856480 0.225091 149
-0.219168 0.730672 0.417055 134
0.072414 0.628453 0.600188 169
0.000768 0.741156 0.450946 167
-0.081324 0.616659 0.611036 152
0.000768 0.741156 0.450946 167
0.023973 0.872212 0.238669 184
-0.089651 0.864346 0.244705 166
-0.219168 0.730672 0.417055 134
-0.317582 0.777124 0.296339 131
-0.382682 0.674543 0.394124 115
-0.108431 0.494783 0.747450 133
-0.081324 0.616659 0.611036 152
-0.235061 0.604864 0.588092 132
-0.203275 0.856480 0.225091 149
-0.317582 0.777124 0.296339 131
-0.219168 0.730672 0.417055 134
0.809017 0.587785 -0.000000 235
0.708183 0.493222 0.255209 238
0.876307 0.481754 0.000000 242
0.469331 -0.217723 0.732276 178
0.443723 -0.339315 0.687875 177
0.569181 -0.223917 0.625915 195
0.992115 -0.125333 0.000000 243
0.903483 -0.146108 0.162370 239
0.968583 -0.248690 -0.000000 241
0.992115 -0.125333 0.000000 243
1.000000 -0.000000 0.000000 240
0.903483 -0.146108 0.162370 239
-0.616669 -0.529062 -17.191240 25
-0.518255 -0.575515 3.354536 36
-0.486789 -0.444362 1.372991 38
-0.728969 -0.684547 -4.980449 14
-0.658410 -0.623625 -0.487151 24
-0.735953 -0.529892 23.017706 15
-0.433694 -0.622226 0.062487 37
-0.409886 -0.779019 0.362565 45
-0.349134 -0.668938 0.550924 51
-0.637424 -0.770513 1.070495 19
-0.534148 -0.701322 -0.237027 31
-0.658410 -0.623625 -0.487151 24
-0.637424 -0.770513 1.070495 19
-0.535827 -0.844328 -0.049779 30
-0.534148 -0.701322 -0.237027 31
0.664439 -0.453191 0.353136 197
0.736206 -0.299972 0.368011 212
0.592925 -0.376490 0.506717 194
0.736206 -0.299972 0.368011 212
0.792049 -0.172045 0.343061 224
0.680615 -0.197981 0.497564 209
0.929776 -0.368125 -0.000001 226
0.847640 -0.274036 0.206412 227
0.791796 -0.401964 0.211486 213
0.929776 -0.368125 -0.000001 226
0.968583 -0.248690 -0.000000 241
0.847640 -0.274036 0.206412 227
0.715365 -0.101593 0.477932 210
0.584401 -0.096754 0.649113 192
0.680615 -0.197981 0.497564 209
0.773283 0.059054 0.398547 215
0.715365 -0.101593 0.477932 210
0.838383 -0.043527 0.295219 225
0.662567 0.006795 0.560959 201
0.708183 0.161636 0.472350 204
0.571666 0.141635 0.653144 188
-0.592925 -0.376490 16.590360 33
-0.486789 -0.444362 1.372991 38
-0.443723 -0.339315 -6.702956 48
-0.791796 -0.401964 -190.450160 10
-0.664439 -0.453191 86.731659 20
-0.680489 -0.312940 -178.480111 21
-0.616669 -0.529062 -17.191240 25
-0.486789 -0.444362 1.372991 38
-0.592925 -0.376490 16.590360 33
-0.584401 -0.096754 16.489253 35
-0.569181 -0.223917 21.483383 34
-0.469331 -0.217723 -4.278839 49
-0.680489 -0.312940 -178.480111 21
-0.847640 -0.274036 894.066982 11
-0.791796 -0.401964 -190.450160 10
-0.035536 -0.096906 0.991492 104
-0.119199 0.038730 0.929048 100
-0.157522 -0.079215 0.973694 85
-0.195844 -0.197159 0.513688 84
-0.064278 -0.185365 1.016297 103
-0.157522 -0.079215 0.973694 85
0.196515 -0.037934 0.960407 140
0.314527 -0.024174 0.900383 157
0.298634 0.101634 0.900622 156
0.125317 0.034143 0.980791 128
0.196515 -0.037934 0.960407 140
0.172130 0.119981 0.954848 137
-0.035536 -0.096906 0.991492 104
0.078503 -0.051694 0.990083 122
0.020079 0.059698 1.006748 118
-0.035536 -0.096906 0.991492 104
0.067288 -0.173570 0.960506 121
0.078503 -0.051694 0.990083 122
0.198854 -0.161776 0.934679 141
0.330420 -0.149981 0.868235 160
0.196515 -0.037934 0.960407 140
0.078503 -0.051694 0.990083 122
0.198854 -0.161776 0.934679 141
0.196515 -0.037934 0.960407 140
-0.001975 -0.299378 0.882818 107
0.114121 -0.291515 0.906735 124
0.067288 -0.173570 0.960506 121
-0.065162 -0.389016 0.825413 106
-0.001975 -0.299378 0.882818 107
-0.118071 -0.307241 1.035455 89
-0.145550 -0.426758 0.836884 87
-0.065162 -0.389016 0.825413 106
-0.118071 -0.307241 1.035455 89
-0.012254 -0.470791 0.780709 105
0.108328 -0.414177 0.822549 123
-0.065162 -0.389016 0.825413 106
-0.065162 -0.389016 0.825413 106
0.108328 -0.414177 0.822549 123
-0.001975 -0.299378 0.882818 107
0.441136 -0.097722 0.795893 175
0.314527 -0.024174 0.900383 157
0.330420 -0.149981 0.868235 160
-0.035536 -0.096906 0.991492 104
0.020079 0.059698 1.006748 118
-0.119199 0.038730 0.929048 100
0.522968 0.251959 0.663025 191
0.643082 0.264217 0.516633 206
0.577982 0.366799 0.531394 208
0.381154 0.273894 0.779704 173
0.522968 0.251959 0.663025 191
0.422415 0.360024 0.691952 190
0.266847 0.353249 0.803966 172
0.381154 0.273894 0.779704 173
0.422415 0.360024 0.691952 190
0.282741 0.227442 0.868392 155
0.298634 0.101634 0.900622 156
0.413450 0.155828 0.804744 174
0.584401 -0.096754 0.649113 192
0.441136 -0.097722 0.795893 175
0.469331 -0.217723 0.732276 178
0.381154 0.273894 0.779704 173
0.413450 0.155828 0.804744 174
0.522968 0.251959 0.663025 191
0.298634 0.101634 0.900622 156
0.314527 -0.024174 0.900383 157
0.445745 0.037763 0.799880 170
0.571666 0.141635 0.653144 188
0.708183 0.161636 0.472350 204
0.643082 0.264217 0.516633 206
0.413450 0.155828 0.804744 174
0.571666 0.141635 0.653144 188
0.522968 0.251959 0.663025 191
0.662567 0.006795 0.560959 201
0.715365 -0.101593 0.477932 210
0.773283 0.059054 0.398547 215
0.708183 0.161636 0.472350 204
0.662567 0.006795 0.560959 201
0.773283 0.059054 0.398547 215
0.543905 0.017440 0.703854 185
0.584401 -0.096754 0.649113 192
0.662567 0.006795 0.560959 201
0.445745 0.037763 0.799880 170
0.543905 0.017440 0.703854 185
0.571666 0.141635 0.653144 188
0.445745 0.037763 0.799880 170
0.441136 -0.097722 0.795893 175
0.543905 0.017440 0.703854 185
0.794983 0.245918 0.307527 220
0.968583 0.248690 -0.000000 230
0.929776 0.368125 -0.000000 237
0.773283 0.059054 0.398547 215
0.870933 0.153872 0.217799 219
0.708183 0.161636 0.472350 204
0.773283 0.059054 0.398547 215
0.915249 0.040903 0.160647 228
0.870933 0.153872 0.217799 219
0.838383 -0.043527 0.295219 225
0.903483 -0.146108 0.162370 239
1.000000 -0.000000 0.000000 240
0.584401 -0.096754 0.649113 192
0.569181 -0.223917 0.625915 195
0.680615 -0.197981 0.497564 209
0.662567 0.006795 0.560959 201
0.584401 -0.096754 0.649113 192
0.715365 -0.101593 0.477932 210
0.543905 0.017440 0.703854 185
0.441136 -0.097722 0.795893 175
0.584401 -0.096754 0.649113 192
0.662567 0.006795 0.560959 201
0.571666 0.141635 0.653144 188
0.543905 0.017440 0.703854 185
0.330420 -0.149981 0.868235 160
0.346313 -0.275789 0.804413 161
0.469331 -0.217723 0.732276 178
0.664439 -0.453191 0.353136 197
0.592925 -0.376490 0.506717 194
0.616669 -0.529062 0.339819 181
0.735953 -0.529892 0.177588 196
0.664439 -0.453191 0.353136 197
0.616669 -0.529062 0.339819 181
0.735953 -0.529892 0.177588 196
0.791796 -0.401964 0.211486 213
0.664439 -0.453191 0.353136 197
0.838383 -0.043527 0.295219 225
0.715365 -0.101593 0.477932 210
0.792049 -0.172045 0.343061 224
0.443723 -0.339315 0.687875 177
0.346313 -0.275789 0.804413 161
0.362206 -0.401597 0.707877 159
0.584401 -0.096754 0.649113 192
0.469331 -0.217723 0.732276 178
0.569181 -0.223917 0.625915 195
0.441136 -0.097722 0.795893 175
0.330420 -0.149981 0.868235 160
0.469331 -0.217723 0.732276 178
0.915249 0.040903 0.160647 228
0.992115 0.125333 -0.000000 233
0.870933 0.153872 0.217799 219
0.219168 0.730672 0.418037 187
0.360982 0.819266 0.198501 203
0.203275 0.856480 0.225149 200
0.110736 0.746398 0.430516 183
0.219168 0.730672 0.418037 187
0.203275 0.856480 0.225149 200
0.235061 0.604864 0.578850 186
0.382682 0.674543 0.398560 202
0.219168 0.730672 0.418037 187
0.123361 0.435810 0.795257 154
-0.004231 0.392564 0.844096 135
0.060580 0.300829 0.905275 136
-0.081324 0.616659 0.611036 152
-0.108431 0.494783 0.747450 133
0.034091 0.510509 0.738062 151
0.000768 0.741156 0.450946 167
-0.109200 0.735914 0.447099 150
-0.081324 0.616659 0.611036 152
0.110736 0.746398 0.430516 183
0.000768 0.741156 0.450946 167
0.072414 0.628453 0.600188 169
0.110736 0.746398 0.430516 183
0.203275 0.856480 0.225149 200
0.023973 0.872212 0.238669 184
-0.219168 0.730672 0.417055 134
-0.235061 0.604864 0.588092 132
-0.081324 0.616659 0.611036 152
0.123361 0.435810 0.795257 154
0.163714 0.327039 0.866101 153
0.266847 0.353249 0.803966 172
0.235061 0.604864 0.578850 186
0.134576 0.557687 0.670769 168
0.250954 0.479057 0.707470 171
0.034091 0.510509 0.738062 151
-0.004231 0.392564 0.844096 135
0.123361 0.435810 0.795257 154
0.382682 0.674543 0.398560 202
0.360982 0.819266 0.198501 203
0.219168 0.730672 0.418037 187
0.349368 0.525509 0.601798 189
0.382682 0.674543 0.398560 202
0.235061 0.604864 0.578850 186
0.447782 0.571962 0.472347 205
0.534582 0.656244 0.283565 217
0.382682 0.674543 0.398560 202
-0.876307 0.481754 -0.238766 40
-0.708183 0.493222 1.291486 56
-0.809017 0.587785 -0.257916 55
-0.389865 0.411315 0.819593 95
-0.250954 0.479057 0.678082 114
-0.349368 0.525509 0.573444 113
-0.162647 0.251030 0.878370 99
-0.135539 0.372907 0.842738 116
-0.266847 0.353249 0.855051 98
-0.298634 0.101634 0.069895 73
-0.189755 0.129154 1.050256 93
-0.282741 0.227442 0.904244 79
-0.042554 0.274619 0.929702 117
-0.135539 0.372907 0.842738 116
-0.162647 0.251030 0.878370 99
-0.108431 0.494783 0.747450 133
-0.004231 0.392564 0.844096 135
0.034091 0.510509 0.738062 151
-0.282741 0.227442 0.904244 79
-0.162647 0.251030 0.878370 99
-0.266847 0.353249 0.855051 98
-0.042554 0.274619 0.929702 117
-0.004231 0.392564 0.844096 135
-0.135539 0.372907 0.842738 116
0.167922 0.223510 0.922706 147
0.172130 0.119981 0.954848 137
0.282741 0.227442 0.868392 155
0.060580 0.300829 0.905275 136
0.167922 0.223510 0.922706 147
0.163714 0.327039 0.866101 153
0.040329 0.180264 0.963613 129
0.172130 0.119981 0.954848 137
0.167922 0.223510 0.922706 147
-0.080876 0.156675 0.965193 110
0.040329 0.180264 0.963613 129
-0.042554 0.274619 0.929702 117
0.020079 0.059698 1.006748 118
0.172130 0.119981 0.954848 137
0.040329 0.180264 0.963613 129
0.282741 0.227442 0.868392 155
0.266847 0.353249 0.803966 172
0.163714 0.327039 0.866101 153
-0.534582 0.656244 0.302483 96
-0.535827 0.844328 -0.000952 111
-0.637424 0.770513 -0.025398 94
0.847640 -0.274036 0.206412 227
0.903483 -0.146108 0.162370 239
0.792049 -0.172045 0.343061 224
0.968583 -0.248690 -0.000000 241
0.903483 -0.146108 0.162370 239
0.847640 -0.274036 0.206412 227
0.791796 -0.401964 0.211486 213
0.735953 -0.529892 0.177588 196
0.876307 -0.481754 -0.000000 211
0.929776 -0.368125 -0.000001 226
0.791796 -0.401964 0.211486 213
0.876307 -0.481754 -0.000000 211
0.592925 -0.376490 0.506717 194
0.569181 -0.223917 0.625915 195
0.443723 -0.339315 0.687875 177
0.616669 -0.529062 0.339819 181
0.592925 -0.376490 0.506717 194
0.486789 -0.444362 0.565532 176
0.736206 -0.299972 0.368011 212
0.569181 -0.223917 0.625915 195
0.592925 -0.376490 0.506717 194
0.847640 -0.274036 0.206412 227
0.736206 -0.299972 0.368011 212
0.791796 -0.401964 0.211486 213
0.680615 -0.197981 0.497564 209
0.569181 -0.223917 0.625915 195
0.736206 -0.299972 0.368011 212
0.378100 -0.527404 0.578908 158
0.486789 -0.444362 0.565532 176
0.362206 -0.401597 0.707877 159
0.518255 -0.575515 0.400201 164
0.393993 -0.653212 0.418069 146
0.515708 -0.711863 0.227294 162
0.486789 -0.444362 0.565532 176
0.518255 -0.575515 0.400201 164
0.616669 -0.529062 0.339819 181
0.378100 -0.527404 0.578908 158
0.393993 -0.653212 0.418069 146
0.518255 -0.575515 0.400201 164
0.658410 -0.623625 0.177586 179
0.728969 -0.684547 0.000000 180
0.735953 -0.529892 0.177588 196
0.196515 -0.037934 0.960407 140
0.330420 -0.149981 0.868235 160
0.314527 -0.024174 0.900383 157
-0.195844 -0.197159 0.513688 84
-0.118071 -0.307241 1.035455 89
-0.064278 -0.185365 1.016297 103
-0.118071 -0.307241 1.035455 89
-0.234167 -0.315104 0.432617 70
-0.145550 -0.426758 0.836884 87
0.210774 -0.256132 0.889419 142
0.346313 -0.275789 0.804413 161
0.330420 -0.149981 0.868235 160
0.210774 -0.256132 0.889419 142
0.235267 -0.407887 0.776660 143
0.346313 -0.275789 0.804413 161
0.067288 -0.173570 0.960506 121
0.114121 -0.291515 0.906735 124
0.198854 -0.161776 0.934679 141
0.108328 -0.414177 0.822549 123
0.114121 -0.291515 0.906735 124
-0.001975 -0.299378 0.882818 107
0.247982 -0.508533 0.679232 139
0.362206 -0.401597 0.707877 159
0.235267 -0.407887 0.776660 143
0.443723 -0.339315 0.687875 177
0.486789 -0.444362 0.565532 176
0.592925 -0.376490 0.506717 194
0.346313 -0.275789 0.804413 161
0.443723 -0.339315 0.687875 177
0.469331 -0.217723 0.732276 178
0.362206 -0.401597 0.707877 159
0.486789 -0.444362 0.565532 176
0.443723 -0.339315 0.687875 177
0.518255 -0.575515 0.400201 164
0.658410 -0.623625 0.177586 179
0.616669 -0.529062 0.339819 181
0.735953 -0.529892 0.177588 196
0.809017 -0.587785 0.000000 193
0.876307 -0.481754 -0.000000 211
0.616669 -0.529062 0.339819 181
0.658410 -0.623625 0.177586 179
0.735953 -0.529892 0.177588 196
0.791796 -0.401964 0.211486 213
0.736206 -0.299972 0.368011 212
0.664439 -0.453191 0.353136 197
0.486789 -0.444362 0.565532 176
0.378100 -0.527404 0.578908 158
0.518255 -0.575515 0.400201 164
0.728969 -0.684547 0.000000 180
0.809017 -0.587785 0.000000 193
0.735953 -0.529892 0.177588 196
0.847640 -0.274036 0.206412 227
0.792049 -0.172045 0.343061 224
0.736206 -0.299972 0.368011 212
0.838383 -0.043527 0.295219 225
0.792049 -0.172045 0.343061 224
0.903483 -0.146108 0.162370 239
0.715365 -0.101593 0.477932 210
0.680615 -0.197981 0.497564 209
0.792049 -0.172045 0.343061 224
1.000000 -0.000000 0.000000 240
0.992115 0.125333 -0.000000 233
0.915249 0.040903 0.160647 228
0.295977 -0.844070 0.199961 125
0.177179 -0.862891 0.224141 109
0.309017 -0.951057 -0.000032 108
0.425779 -0.904827 -0.000012 126
0.295977 -0.844070 0.199961 125
0.309017 -0.951057 -0.000032 108
0.282937 -0.737084 0.376456 127
0.177179 -0.862891 0.224141 109
0.295977 -0.844070 0.199961 125
0.062791 -0.998027 -0.000439 72
0.060826 -0.904827 0.177857 91
-0.062791 -0.998027 0.001273 71
-0.272489 -0.433048 0.776351 67
-0.234167 -0.315104 0.432617 70
-0.362206 -0.401597 1.538369 53
-0.349134 -0.668938 0.550924 51
-0.166657 -0.668938 0.493869 68
-0.219573 -0.550993 0.740349 69
-0.005837 -0.810471 0.341674 101
-0.060826 -0.904827 0.176505 82
0.060826 -0.904827 0.177857 91
0.177179 -0.862891 0.224141 109
-0.005837 -0.810471 0.341674 101
0.060826 -0.904827 0.177857 91
-0.072500 -0.716116 0.484888 83
-0.156928 -0.826197 0.302589 81
-0.005837 -0.810471 0.341674 101
-0.272489 -0.433048 0.776351 67
-0.219573 -0.550993 0.740349 69
-0.145550 -0.426758 0.836884 87
-0.321429 -0.833823 0.185164 46
-0.409886 -0.779019 0.362565 45
-0.425779 -0.904827 -0.033507 32
-0.232973 -0.888627 0.165427 62
-0.321429 -0.833823 0.185164 46
-0.309017 -0.951057 0.010395 47
-0.232973 -0.888627 0.165427 62
-0.253031 -0.747568 0.336066 61
-0.321429 -0.833823 0.185164 46
-0.166657 -0.668938 0.493869 68
-0.253031 -0.747568 0.336066 61
-0.156928 -0.826197 0.302589 81
-0.349134 -0.668938 0.550924 51
-0.409886 -0.779019 0.362565 45
-0.253031 -0.747568 0.336066 61
0.187381 -0.982287 -0.000058 90
0.060826 -0.904827 0.177857 91
0.062791 -0.998027 -0.000439 72
0.235267 -0.407887 0.776660 143
0.362206 -0.401597 0.707877 159
0.346313 -0.275789 0.804413 161
0.298781 -0.621760 0.524409 138
0.378100 -0.527404 0.578908 158
0.247982 -0.508533 0.679232 139
0.518255 -0.575515 0.400201 164
0.515708 -0.711863 0.227294 162
0.658410 -0.623625 0.177586 179
0.298781 -0.621760 0.524409 138
0.393993 -0.653212 0.418069 146
0.378100 -0.527404 0.578908 158
0.141155 -0.577727 0.645016 120
0.164458 -0.730094 0.440651 119
0.298781 -0.621760 0.524409 138
0.108328 -0.414177 0.822549 123
0.141155 -0.577727 0.645016 120
0.247982 -0.508533 0.679232 139
0.034327 -0.646921 0.578877 102
0.164458 -0.730094 0.440651 119
0.141155 -0.577727 0.645016 120
0.108328 -0.414177 0.822549 123
-0.012254 -0.470791 0.780709 105
0.141155 -0.577727 0.645016 120
-0.072500 -0.716116 0.484888 83
-0.005837 -0.810471 0.341674 101
0.034327 -0.646921 0.578877 102
0.282937 -0.737084 0.376456 127
0.393993 -0.653212 0.418069 146
0.298781 -0.621760 0.524409 138
-0.005837 -0.810471 0.341674 101
0.177179 -0.862891 0.224141 109
0.164458 -0.730094 0.440651 119
0.187381 -0.982287 -0.000058 90
0.177179 -0.862891 0.224141 109
0.060826 -0.904827 0.177857 91
0.187381 -0.982287 -0.000058 90
0.309017 -0.951057 -0.000032 108
0.177179 -0.862891 0.224141 109
0.409886 -0.779019 0.225158 144
0.393993 -0.653212 0.418069 146
0.282937 -0.737084 0.376456 127
0.515708 -0.711863 0.227294 162
0.637424 -0.770513 0.000003 163
0.658410 -0.623625 0.177586 179
0.409886 -0.779019 0.225158 144
0.515708 -0.711863 0.227294 162
0.393993 -0.653212 0.418069 146
0.409886 -0.779019 0.225158 144
0.535827 -0.844328 -0.000010 145
0.515708 -0.711863 0.227294 162
0.425779 -0.904827 -0.000012 126
0.409886 -0.779019 0.225158 144
0.295977 -0.844070 0.199961 125
-0.065162 -0.389016 0.825413 106
-0.145550 -0.426758 0.836884 87
-0.115913 -0.510892 0.711410 88
-0.272489 -0.433048 0.776351 67
-0.145550 -0.426758 0.836884 87
-0.234167 -0.315104 0.432617 70
-0.219573 -0.550993 0.740349 69
-0.378100 -0.527404 -0.046110 52
-0.349134 -0.668938 0.550924 51
-0.072500 -0.716116 0.484888 83
-0.042377 -0.593453 0.655478 86
-0.166657 -0.668938 0.493869 68
-0.272489 -0.433048 0.776351 67
-0.378100 -0.527404 -0.046110 52
-0.219573 -0.550993 0.740349 69
0.535827 -0.844328 -0.000010 145
0.409886 -0.779019 0.225158 144
0.425779 -0.904827 -0.000012 126
0.535827 -0.844328 -0.000010 145
0.637424 -0.770513 0.000003 163
0.515708 -0.711863 0.227294 162
0.409886 -0.779019 0.225158 144
0.282937 -0.737084 0.376456 127
0.295977 -0.844070 0.199961 125
0.637424 -0.770513 0.000003 163
0.728969 -0.684547 0.000000 180
0.658410 -0.623625 0.177586 179
-0.309017 0.951057 -0.000569 148
-0.203275 0.856480 0.225091 149
-0.187381 0.982287 0.000153 165
-0.109200 0.735914 0.447099 150
-0.219168 0.730672 0.417055 134
-0.081324 0.616659 0.611036 152
-0.187381 0.982287 0.000153 165
-0.203275 0.856480 0.225091 149
-0.089651 0.864346 0.244705 166
-0.219168 0.730672 0.417055 134
-0.382682 0.674543 0.394124 115
-0.235061 0.604864 0.588092 132
-0.089651 0.864346 0.244705 166
-0.109200 0.735914 0.447099 150
0.000768 0.741156 0.450946 167
-0.253031 -0.747568 0.336066 61
-0.166657 -0.668938 0.493869 68
-0.349134 -0.668938 0.550924 51
-0.060826 -0.904827 0.176505 82
-0.156928 -0.826197 0.302589 81
-0.187381 -0.982287 -0.005536 63
-0.060826 -0.904827 0.176505 82
-0.005837 -0.810471 0.341674 101
-0.156928 -0.826197 0.302589 81
-0.232973 -0.888627 0.165427 62
-0.156928 -0.826197 0.302589 81
-0.253031 -0.747568 0.336066 61
-0.187381 -0.982287 -0.005536 63
-0.232973 -0.888627 0.165427 62
-0.309017 -0.951057 0.010395 47
-0.187381 -0.982287 -0.005536 63
-0.156928 -0.826197 0.302589 81
-0.232973 -0.888627 0.165427 62
-0.062791 -0.998027 0.001273 71
-0.060826 -0.904827 0.176505 82
-0.187381 -0.982287 -0.005536 63
-0.042377 -0.593453 0.655478 86
-0.072500 -0.716116 0.484888 83
0.034327 -0.646921 0.578877 102
-0.012254 -0.470791 0.780709 105
-0.042377 -0.593453 0.655478 86
0.034327 -0.646921 0.578877 102
-0.115913 -0.510892 0.711410 88
-0.166657 -0.668938 0.493869 68
-0.042377 -0.593453 0.655478 86
-0.518255 -0.575515 3.354536 36
-0.616669 -0.529062 -17.191240 25
-0.658410 -0.623625 -0.487151 24
-0.433694 -0.622226 0.062487 37
-0.518255 -0.575515 3.354536 36
-0.534148 -0.701322 -0.237027 31
-0.409886 -0.779019 0.362565 45
-0.433694 -0.622226 0.062487 37
-0.534148 -0.701322 -0.237027 31
-0.349134 -0.668938 0.550924 51
-0.378100 -0.527404 -0.046110 52
-0.433694 -0.622226 0.062487 37
-0.378100 -0.527404 -0.046110 52
-0.486789 -0.444362 1.372991 38
-0.518255 -0.575515 3.354536 36
0.060826 -0.904827 0.177857 91
-0.060826 -0.904827 0.176505 82
-0.062791 -0.998027 0.001273 71
-0.534148 -0.701322 -0.237027 31
-0.535827 -0.844328 -0.049779 30
-0.409886 -0.779019 0.362565 45
-0.486789 -0.444362 1.372991 38
-0.378100 -0.527404 -0.046110 52
-0.362206 -0.401597 1.538369 53
-0.728969 -0.684547 -4.980449 14
-0.637424 -0.770513 1.070495 19
-0.658410 -0.623625 -0.487151 24
-0.321429 -0.833823 0.185164 46
-0.253031 -0.747568 0.336066 61
-0.409886 -0.779019 0.362565 45
-0.346313 -0.275789 2.570699 64
-0.362206 -0.401597 1.538369 53
-0.234167 -0.315104 0.432617 70
-0.195844 -0.197159 0.513688 84
-0.346313 -0.275789 2.570699 64
-0.234167 -0.315104 0.432617 70
-0.658594 0.038247 60.702129 29
-0.584401 -0.096754 16.489253 35
-0.515073 -0.029496 -14.978906 39
-0.330420 -0.149981 1.582679 66
-0.441136 -0.097722 0.422720 50
-0.469331 -0.217723 -4.278839 49
-0.330420 -0.149981 1.582679 66
-0.314527 -0.024174 0.211984 65
-0.441136 -0.097722 0.422720 50
-0.321429 -0.833823 0.185164 46
-0.425779 -0.904827 -0.033507 32
-0.309017 -0.951057 0.010395 47
-0.378100 -0.527404 -0.046110 52
-0.518255 -0.575515 3.354536 36
-0.433694 -0.622226 0.062487 37
-0.535827 -0.844328 -0.049779 30
-0.425779 -0.904827 -0.033507 32
-0.409886 -0.779019 0.362565 45
0.298634 0.101634 0.900622 156
0.172130 0.119981 0.954848 137
0.196515 -0.037934 0.960407 140
-0.216863 0.007278 1.257120 80
-0.157522 -0.079215 0.973694 85
-0.119199 0.038730 0.929048 100
0.198854 -0.161776 0.934679 141
0.210774 -0.256132 0.889419 142
0.330420 -0.149981 0.868235 160
-0.118071 -0.307241 1.035455 89
-0.195844 -0.197159 0.513688 84
-0.234167 -0.315104 0.432617 70
0.114121 -0.291515 0.906735 124
0.235267 -0.407887 0.776660 143
0.210774 -0.256132 0.889419 142
0.114121 -0.291515 0.906735 124
0.108328 -0.414177 0.822549 123
0.235267 -0.407887 0.776660 143
0.198854 -0.161776 0.934679 141
0.114121 -0.291515 0.906735 124
0.210774 -0.256132 0.889419 142
0.067288 -0.173570 0.960506 121
-0.064278 -0.185365 1.016297 103
-0.001975 -0.299378 0.882818 107
-0.012254 -0.470791 0.780709 105
0.034327 -0.646921 0.578877 102
0.141155 -0.577727 0.645016 120
-0.064278 -0.185365 1.016297 103
-0.035536 -0.096906 0.991492 104
-0.157522 -0.079215 0.973694 85
-0.001975 -0.299378 0.882818 107
-0.064278 -0.185365 1.016297 103
-0.118071 -0.307241 1.035455 89
0.067288 -0.173570 0.960506 121
-0.035536 -0.096906 0.991492 104
-0.064278 -0.185365 1.016297 103
-0.330420 -0.149981 1.582679 66
-0.195844 -0.197159 0.513688 84
-0.157522 -0.079215 0.973694 85
-0.330420 -0.149981 1.582679 66
-0.346313 -0.275789 2.570699 64
-0.195844 -0.197159 0.513688 84
-0.658594 0.038247 60.702129 29
-0.576964 0.099699 -8.860271 44
-0.708183 0.161636 22.253341 28
-0.838383 -0.043527 1000.783052 12
-0.715365 -0.101593 -185.006867 23
-0.773283 0.059054 -153.878884 18
-0.584401 -0.096754 16.489253 35
-0.469331 -0.217723 -4.278839 49
-0.441136 -0.097722 0.422720 50
-0.715365 -0.101593 -185.006867 23
-0.584401 -0.096754 16.489253 35
-0.658594 0.038247 60.702129 29
-0.773283 0.059054 -153.878884 18
-0.715365 -0.101593 -185.006867 23
-0.658594 0.038247 60.702129 29
-0.680615 -0.197981 24.182572 22
-0.569181 -0.223917 21.483383 34
-0.584401 -0.096754 16.489253 35
-0.792049 -0.172045 215.270637 13
-0.680615 -0.197981 24.182572 22
-0.715365 -0.101593 -185.006867 23
-0.792049 -0.172045 215.270637 13
-0.847640 -0.274036 894.066982 11
-0.680489 -0.312940 -178.480111 21
-0.715365 -0.101593 -185.006867 23
-0.680615 -0.197981 24.182572 22
-0.584401 -0.096754 16.489253 35
-0.838383 -0.043527 1000.783052 12
-0.792049 -0.172045 215.270637 13
-0.715365 -0.101593 -185.006867 23
-0.314527 -0.024174 0.211984 65
-0.298634 0.101634 0.069895 73
-0.445745 0.037763 4.559742 54
-0.680489 -0.312940 -178.480111 21
-0.592925 -0.376490 16.590360 33
-0.569181 -0.223917 21.483383 34
-0.569181 -0.223917 21.483383 34
-0.592925 -0.376490 16.590360 33
-0.443723 -0.339315 -6.702956 48
-0.658410 -0.623625 -0.487151 24
-0.616669 -0.529062 -17.191240 25
-0.735953 -0.529892 23.017706 15
-0.658410 -0.623625 -0.487151 24
-0.534148 -0.701322 -0.237027 31
-0.518255 -0.575515 3.354536 36
-0.443723 -0.339315 -6.702956 48
-0.469331 -0.217723 -4.278839 49
-0.569181 -0.223917 21.483383 34
-0.362206 -0.401597 1.538369 53
-0.443723 -0.339315 -6.702956 48
-0.486789 -0.444362 1.372991 38
-0.362206 -0.401597 1.538369 53
-0.346313 -0.275789 2.570699 64
-0.443723 -0.339315 -6.702956 48
0.247982 -0.508533 0.679232 139
0.141155 -0.577727 0.645016 120
0.298781 -0.621760 0.524409 138
-0.156928 -0.826197 0.302589 81
-0.072500 -0.716116 0.484888 83
-0.166657 -0.668938 0.493869 68
0.164458 -0.730094 0.440651 119
0.177179 -0.862891 0.224141 109
0.282937 -0.737084 0.376456 127
0.298781 -0.621760 0.524409 138
0.164458 -0.730094 0.440651 119
0.282937 -0.737084 0.376456 127
0.034327 -0.646921 0.578877 102
-0.005837 -0.810471 0.341674 101
0.164458 -0.730094 0.440651 119
0.108328 -0.414177 0.822549 123
0.247982 -0.508533 0.679232 139
0.235267 -0.407887 0.776660 143
-0.115913 -0.510892 0.711410 88
-0.012254 -0.470791 0.780709 105
-0.065162 -0.389016 0.825413 106
-0.219573 -0.550993 0.740349 69
-0.115913 -0.510892 0.711410 88
-0.145550 -0.426758 0.836884 87
-0.219573 -0.550993 0.740349 69
-0.166657 -0.668938 0.493869 68
-0.115913 -0.510892 0.711410 88
-0.115913 -0.510892 0.711410 88
-0.042377 -0.593453 0.655478 86
-0.012254 -0.470791 0.780709 105
0.378100 -0.527404 0.578908 158
0.362206 -0.401597 0.707877 159
0.247982 -0.508533 0.679232 139
