-0.903483 -0.146108 -12974036059.774273 5
-0.992115 -0.125333 115059137874.467728 1
-0.968583 -0.248690 -13186086536.358015 2
-0.929776 -0.368125 1049622914.921675 3
-0.847640 -0.274036 3749135384.453014 11
-0.968583 -0.248690 -13186086536.358015 2
-0.838383 -0.043527 4196364016.228591 12
-1.000000 -0.000000 -9959171355.949951 4
-0.903483 -0.146108 -12974036059.774273 5
-0.791796 -0.401964 -799695544.883749 10
-0.876307 -0.481754 84691987.442307 6
-0.735953 -0.529892 95798715.701175 15
-0.664439 -0.453191 362298969.692702 20
-0.592925 -0.376490 67460001.675984 33
-0.680489 -0.312940 -750443641.705940 21
-0.616669 -0.529062 -73530808.399080 25
-0.664439 -0.453191 362298969.692702 20
-0.735953 -0.529892 95798715.701175 15
-0.616669 -0.529062 -73530808.399080 25
-0.592925 -0.376490 67460001.675984 33
-0.664439 -0.453191 362298969.692702 20
-0.847640 -0.274036 3749135384.453014 11
-0.929776 -0.368125 1049622914.921675 3
-0.791796 -0.401964 -799695544.883749 10
-0.577982 0.366799 3412283.838651 58
-0.479568 0.320346 -1777806.365090 75
-0.512882 0.469380 -654674.644910 77
-0.381154 0.273894 -1863774.424175 78
-0.528266 0.210023 7857266.161492 59
-0.413450 0.155828 3848560.579169 60
-0.389865 0.411315 590421.168775 95
-0.479568 0.320346 -1777806.365090 75
-0.381154 0.273894 -1863774.424175 78
-0.250954 0.479057 -123498.307534 114
-0.389865 0.411315 590421.168775 95
-0.266847 0.353249 214094.095586 98
-0.349368 0.525509 -118858.250895 113
-0.447782 0.571962 161723.751356 97
-0.389865 0.411315 590421.168775 95
-0.577982 0.366799 3412283.838651 58
-0.528266 0.210023 7857266.161492 59
-0.479568 0.320346 -1777806.365090 75
-0.080876 0.156675 -15595.742607 110
-0.042554 0.274619 29062.587290 117
-0.162647 0.251030 -134887.417148 99
-0.189755 0.129154 431778.276995 93
-0.080876 0.156675 -15595.742607 110
-0.162647 0.251030 -134887.417148 99
-0.282741 0.227442 150643.600898 79
-0.189755 0.129154 431778.276995 93
-0.162647 0.251030 -134887.417148 99
-0.298634 0.101634 -3483773.893745 73
-0.216863 0.007278 1275921.611674 80
-0.189755 0.129154 431778.276995 93
0.198854 -0.161776 1651.209559 141
0.078503 -0.051694 -4539.364127 122
0.067288 -0.173570 -20298.756656 121
0.125317 0.034143 -9809.989842 128
0.020079 0.059698 44945.020428 118
0.078503 -0.051694 -4539.364127 122
0.196515 -0.037934 1949.087860 140
0.125317 0.034143 -9809.989842 128
0.078503 -0.051694 -4539.364127 122
0.172130 0.119981 -4729.435741 137
0.020079 0.059698 44945.020428 118
0.125317 0.034143 -9809.989842 128
0.282741 0.227442 268.073948 155
0.172130 0.119981 -4729.435741 137
0.298634 0.101634 559.176612 156
0.282741 0.227442 268.073948 155
0.163714 0.327039 -593.553766 153
0.167922 0.223510 3608.883769 147
-0.080876 0.156675 -15595.742607 110
-0.119199 0.038730 -231709.631507 100
0.020079 0.059698 44945.020428 118
-0.838383 -0.043527 4196364016.228591 12
-0.915249 0.040903 719457063.248182 9
-1.000000 -0.000000 -9959171355.949951 4
-0.903483 -0.146108 -12974036059.774273 5
-1.000000 -0.000000 -9959171355.949951 4
-0.992115 -0.125333 115059137874.467728 1
-0.362206 -0.401597 3484817.194443 53
-0.378100 -0.527404 -2621427.047436 52
-0.272489 -0.433048 159939.960124 67
-0.847640 -0.274036 3749135384.453014 11
-0.903483 -0.146108 -12974036059.774273 5
-0.968583 -0.248690 -13186086536.358015 2
-0.847640 -0.274036 3749135384.453014 11
-0.792049 -0.172045 901474587.381121 13
-0.903483 -0.146108 -12974036059.774273 5
-0.876307 -0.481754 84691987.442307 6
-0.791796 -0.401964 -799695544.883749 10
-0.929776 -0.368125 1049622914.921675 3
-0.664439 -0.453191 362298969.692702 20
-0.791796 -0.401964 -799695544.883749 10
-0.735953 -0.529892 95798715.701175 15
-0.680615 -0.197981 99342440.986108 22
-0.680489 -0.312940 -750443641.705940 21
-0.569181 -0.223917 87482938.557724 34
-0.680615 -0.197981 99342440.986108 22
-0.792049 -0.172045 901474587.381121 13
-0.680489 -0.312940 -750443641.705940 21
-0.515073 -0.029496 -65904204.415317 39
-0.441136 -0.097722 -1565024.976182 50
-0.445745 0.037763 15770038.501598 54
-0.330420 -0.149981 2996216.766522 66
-0.469331 -0.217723 -21018414.856983 49
-0.346313 -0.275789 7410068.099184 64
-0.838383 -0.043527 4196364016.228591 12
-0.903483 -0.146108 -12974036059.774273 5
-0.792049 -0.172045 901474587.381121 13
-0.735953 -0.529892 95798715.701175 15
-0.809017 -0.587785 -63780581.200372 7
-0.728969 -0.684547 -20889587.901485 14
-0.346313 -0.275789 7410068.099184 64
-0.469331 -0.217723 -21018414.856983 49
-0.443723 -0.339315 -30999915.739703 48
-0.876307 -0.481754 84691987.442307 6
-0.809017 -0.587785 -63780581.200372 7
-0.735953 -0.529892 95798715.701175 15
-0.309017 0.951057 -2387.101019 148
-0.317582 0.777124 4693.556615 131
-0.203275 0.856480 -131.990559 149
-0.915249 0.040903 719457063.248182 9
-0.992115 0.125333 974309737.147557 8
-1.000000 -0.000000 -9959171355.949951 4
-0.773283 0.059054 -647088587.061756 18
-0.915249 0.040903 719457063.248182 9
-0.838383 -0.043527 4196364016.228591 12
-0.773283 0.059054 -647088587.061756 18
-0.838383 0.205163 -194566622.749039 17
-0.915249 0.040903 719457063.248182 9
-0.317582 0.777124 4693.556615 131
-0.309017 0.951057 -2387.101019 148
-0.425779 0.904827 3457.598100 130
-0.447782 0.737755 -12544.207754 112
-0.425779 0.904827 3457.598100 130
-0.535827 0.844328 -3991.095291 111
-0.992115 0.125333 974309737.147557 8
-0.915249 0.040903 719457063.248182 9
-0.838383 0.205163 -194566622.749039 17
-0.382682 0.674543 -18550.559352 115
-0.447782 0.571962 161723.751356 97
-0.349368 0.525509 -118858.250895 113
-0.425779 0.904827 3457.598100 130
-0.447782 0.737755 -12544.207754 112
-0.317582 0.777124 4693.556615 131
-0.382682 0.674543 -18550.559352 115
-0.349368 0.525509 -118858.250895 113
-0.235061 0.604864 38614.686089 132
-0.816683 0.308437 40386867.110818 27
-0.968583 0.248690 -126199328.486745 16
-0.838383 0.205163 -194566622.749039 17
-0.816683 0.308437 40386867.110818 27
-0.929776 0.368125 12383626.942453 26
-0.968583 0.248690 -126199328.486745 16
-0.708183 0.161636 91356394.266581 28
-0.816683 0.308437 40386867.110818 27
-0.838383 0.205163 -194566622.749039 17
-0.794983 0.411712 -7243028.395520 41
-0.929776 0.368125 12383626.942453 26
-0.816683 0.308437 40386867.110818 27
-0.314527 -0.024174 -2887805.497575 65
-0.330420 -0.149981 2996216.766522 66
-0.157522 -0.079215 20056.348281 85
-0.080876 0.156675 -15595.742607 110
-0.189755 0.129154 431778.276995 93
-0.119199 0.038730 -231709.631507 100
-0.576964 0.099699 -39919182.069083 44
-0.528266 0.210023 7857266.161492 59
-0.643082 0.264217 -8742102.567693 43
-0.773283 0.059054 -647088587.061756 18
-0.658594 0.038247 252235111.869737 29
-0.708183 0.161636 91356394.266581 28
-0.445745 0.037763 15770038.501598 54
-0.413450 0.155828 3848560.579169 60
-0.576964 0.099699 -39919182.069083 44
-0.216863 0.007278 1275921.611674 80
-0.298634 0.101634 -3483773.893745 73
-0.314527 -0.024174 -2887805.497575 65
-0.157522 -0.079215 20056.348281 85
-0.216863 0.007278 1275921.611674 80
-0.314527 -0.024174 -2887805.497575 65
-0.119199 0.038730 -231709.631507 100
-0.189755 0.129154 431778.276995 93
-0.216863 0.007278 1275921.611674 80
-0.576964 0.099699 -39919182.069083 44
-0.643082 0.264217 -8742102.567693 43
-0.708183 0.161636 91356394.266581 28
-0.413450 0.155828 3848560.579169 60
-0.528266 0.210023 7857266.161492 59
-0.576964 0.099699 -39919182.069083 44
-0.298634 0.101634 -3483773.893745 73
-0.413450 0.155828 3848560.579169 60
-0.445745 0.037763 15770038.501598 54
-0.298634 0.101634 -3483773.893745 73
-0.282741 0.227442 150643.600898 79
-0.413450 0.155828 3848560.579169 60
-0.381154 0.273894 -1863774.424175 78
-0.266847 0.353249 214094.095586 98
-0.389865 0.411315 590421.168775 95
-0.381154 0.273894 -1863774.424175 78
-0.282741 0.227442 150643.600898 79
-0.266847 0.353249 214094.095586 98
-0.528266 0.210023 7857266.161492 59
-0.381154 0.273894 -1863774.424175 78
-0.479568 0.320346 -1777806.365090 75
-0.413450 0.155828 3848560.579169 60
-0.282741 0.227442 150643.600898 79
-0.381154 0.273894 -1863774.424175 78
-0.577982 0.366799 3412283.838651 58
-0.643082 0.264217 -8742102.567693 43
-0.528266 0.210023 7857266.161492 59
-0.577982 0.366799 3412283.838651 58
-0.610532 0.481301 3753984.704390 57
-0.719033 0.337964 -19593989.828727 42
-0.621382 0.574733 -694549.942503 76
-0.708183 0.493222 4346476.617497 56
-0.610532 0.481301 3753984.704390 57
-0.719033 0.337964 -19593989.828727 42
-0.816683 0.308437 40386867.110818 27
-0.708183 0.161636 91356394.266581 28
-0.577982 0.366799 3412283.838651 58
-0.719033 0.337964 -19593989.828727 42
-0.643082 0.264217 -8742102.567693 43
-0.794983 0.411712 -7243028.395520 41
-0.816683 0.308437 40386867.110818 27
-0.719033 0.337964 -19593989.828727 42
-0.708183 0.493222 4346476.617497 56
-0.794983 0.411712 -7243028.395520 41
-0.719033 0.337964 -19593989.828727 42
-0.610532 0.481301 3753984.704390 57
-0.708183 0.493222 4346476.617497 56
-0.719033 0.337964 -19593989.828727 42
-0.512882 0.469380 -654674.644910 77
-0.610532 0.481301 3753984.704390 57
-0.577982 0.366799 3412283.838651 58
-0.512882 0.469380 -654674.644910 77
-0.621382 0.574733 -694549.942503 76
-0.610532 0.481301 3753984.704390 57
-0.621382 0.574733 -694549.942503 76
-0.809017 0.587785 -1081782.210525 55
-0.708183 0.493222 4346476.617497 56
-0.876307 0.481754 -1001461.411182 40
-0.929776 0.368125 12383626.942453 26
-0.794983 0.411712 -7243028.395520 41
-0.445745 0.037763 15770038.501598 54
-0.441136 -0.097722 -1565024.976182 50
-0.314527 -0.024174 -2887805.497575 65
-0.838383 0.205163 -194566622.749039 17
-0.773283 0.059054 -647088587.061756 18
-0.708183 0.161636 91356394.266581 28
-0.643082 0.264217 -8742102.567693 43
-0.719033 0.337964 -19593989.828727 42
-0.708183 0.161636 91356394.266581 28
-0.968583 0.248690 -126199328.486745 16
-0.992115 0.125333 974309737.147557 8
-0.838383 0.205163 -194566622.749039 17
-0.515073 -0.029496 -65904204.415317 39
-0.576964 0.099699 -39919182.069083 44
-0.658594 0.038247 252235111.869737 29
-0.441136 -0.097722 -1565024.976182 50
-0.515073 -0.029496 -65904204.415317 39
-0.584401 -0.096754 66438581.271406 35
-0.445745 0.037763 15770038.501598 54
-0.576964 0.099699 -39919182.069083 44
-0.515073 -0.029496 -65904204.415317 39
-0.794983 0.411712 -7243028.395520 41
-0.708183 0.493222 4346476.617497 56
-0.876307 0.481754 -1001461.411182 40
-0.447782 0.571962 161723.751356 97
-0.534582 0.656244 79346.651316 96
-0.621382 0.574733 -694549.942503 76
-0.389865 0.411315 590421.168775 95
-0.447782 0.571962 161723.751356 97
-0.512882 0.469380 -654674.644910 77
-0.479568 0.320346 -1777806.365090 75
-0.389865 0.411315 590421.168775 95
-0.512882 0.469380 -654674.644910 77
-0.250954 0.479057 -123498.307534 114
-0.235061 0.604864 38614.686089 132
-0.349368 0.525509 -118858.250895 113
-0.382682 0.674543 -18550.559352 115
-0.534582 0.656244 79346.651316 96
-0.447782 0.571962 161723.751356 97
-0.728969 0.684547 535335.942983 74
-0.809017 0.587785 -1081782.210525 55
-0.621382 0.574733 -694549.942503 76
-0.447782 0.737755 -12544.207754 112
-0.382682 0.674543 -18550.559352 115
-0.317582 0.777124 4693.556615 131
-0.534582 0.656244 79346.651316 96
-0.447782 0.737755 -12544.207754 112
-0.535827 0.844328 -3991.095291 111
-0.534582 0.656244 79346.651316 96
-0.382682 0.674543 -18550.559352 115
-0.447782 0.737755 -12544.207754 112
-0.728969 0.684547 535335.942983 74
-0.631775 0.670396 42687.927484 92
-0.637424 0.770513 -106526.146749 94
-0.621382 0.574733 -694549.942503 76
-0.512882 0.469380 -654674.644910 77
-0.447782 0.571962 161723.751356 97
-0.631775 0.670396 42687.927484 92
-0.534582 0.656244 79346.651316 96
-0.637424 0.770513 -106526.146749 94
-0.621382 0.574733 -694549.942503 76
-0.631775 0.670396 42687.927484 92
-0.728969 0.684547 535335.942983 74
-0.621382 0.574733 -694549.942503 76
-0.534582 0.656244 79346.651316 96
-0.631775 0.670396 42687.927484 92
0.794983 0.411712 -0.217524 236
0.929776 0.368125 -0.414352 237
0.876307 0.481754 0.901130 242
0.708183 0.493222 -1.000679 238
0.794983 0.411712 -0.217524 236
0.876307 0.481754 0.901130 242
0.610532 0.481301 2.545839 223
0.577982 0.366799 -3.126532 208
0.719033 0.337964 1.713133 222
0.349368 0.525509 68.166890 189
0.512882 0.469380 -13.607302 207
0.447782 0.571962 -19.515174 205
0.349368 0.525509 68.166890 189
0.422415 0.360024 16.759694 190
0.512882 0.469380 -13.607302 207
0.445745 0.037763 -19.236333 170
0.314527 -0.024174 -439.799176 157
0.441136 -0.097722 182.904390 175
0.643082 0.264217 -6.405263 206
0.522968 0.251959 18.879569 191
0.571666 0.141635 28.331994 188
0.794983 0.245918 1.748058 220
0.719033 0.337964 1.713133 222
0.643082 0.264217 -6.405263 206
0.870933 0.153872 0.893562 219
0.794983 0.245918 1.748058 220
0.708183 0.161636 -4.369858 204
0.870933 0.153872 0.893562 219
0.968583 0.248690 -0.607702 230
0.794983 0.245918 1.748058 220
0.577982 0.366799 -3.126532 208
0.422415 0.360024 16.759694 190
0.522968 0.251959 18.879569 191
0.040329 0.180264 -9501.900822 129
0.167922 0.223510 3608.883769 147
0.060580 0.300829 -2333.434079 136
0.794983 0.245918 1.748058 220
0.643082 0.264217 -6.405263 206
0.708183 0.161636 -4.369858 204
0.708183 0.493222 -1.000679 238
0.719033 0.337964 1.713133 222
0.794983 0.411712 -0.217524 236
0.577982 0.366799 -3.126532 208
0.643082 0.264217 -6.405263 206
0.719033 0.337964 1.713133 222
0.915249 0.040903 0.057630 228
0.773283 0.059054 0.748424 215
0.838383 -0.043527 -0.875357 225
1.000000 -0.000000 0.795791 240
0.915249 0.040903 0.057630 228
0.838383 -0.043527 -0.875357 225
0.992115 0.125333 -0.205712 233
0.968583 0.248690 -0.607702 230
0.870933 0.153872 0.893562 219
0.794983 0.245918 1.748058 220
0.929776 0.368125 -0.414352 237
0.794983 0.411712 -0.217524 236
0.062791 0.998027 -19.900365 198
0.023973 0.872212 -5.994769 184
0.187381 0.982287 -27.600351 199
0.425779 0.904827 4.592374 216
0.309017 0.951057 -43.001625 214
0.360982 0.819266 18.976457 203
0.309017 0.951057 -43.001625 214
0.203275 0.856480 112.018931 200
0.360982 0.819266 18.976457 203
0.382682 0.674543 55.402634 202
0.447782 0.737755 -13.127541 218
0.360982 0.819266 18.976457 203
0.512882 0.469380 -13.607302 207
0.621382 0.574733 6.143652 221
0.447782 0.571962 -19.515174 205
0.719033 0.337964 1.713133 222
0.708183 0.493222 -1.000679 238
0.610532 0.481301 2.545839 223
0.809017 0.587785 -1.383523 235
0.728969 0.684547 -1.891920 234
0.621382 0.574733 6.143652 221
0.621382 0.574733 6.143652 221
0.534582 0.656244 -3.810972 217
0.447782 0.571962 -19.515174 205
0.809017 0.587785 -1.383523 235
0.621382 0.574733 6.143652 221
0.708183 0.493222 -1.000679 238
0.631775 0.670396 0.068251 229
0.534582 0.656244 -3.810972 217
0.621382 0.574733 6.143652 221
0.728969 0.684547 -1.891920 234
0.631775 0.670396 0.068251 229
0.621382 0.574733 6.143652 221
0.728969 0.684547 -1.891920 234
0.637424 0.770513 0.599042 231
0.631775 0.670396 0.068251 229
0.447782 0.737755 -13.127541 218
0.425779 0.904827 4.592374 216
0.360982 0.819266 18.976457 203
0.794983 0.245918 1.748058 220
0.794983 0.411712 -0.217524 236
0.719033 0.337964 1.713133 222
0.610532 0.481301 2.545839 223
0.621382 0.574733 6.143652 221
0.512882 0.469380 -13.607302 207
0.577982 0.366799 -3.126532 208
0.610532 0.481301 2.545839 223
0.512882 0.469380 -13.607302 207
0.708183 0.493222 -1.000679 238
0.621382 0.574733 6.143652 221
0.610532 0.481301 2.545839 223
0.637424 0.770513 0.599042 231
0.534582 0.656244 -3.810972 217
0.631775 0.670396 0.068251 229
0.637424 0.770513 0.599042 231
0.535827 0.844328 4.784654 232
0.534582 0.656244 -3.810972 217
0.235061 0.604864 -148.002260 186
0.219168 0.730672 -195.437057 187
0.072414 0.628453 1615.079153 169
0.447782 0.737755 -13.127541 218
0.535827 0.844328 4.784654 232
0.425779 0.904827 4.592374 216
0.534582 0.656244 -3.810972 217
0.447782 0.737755 -13.127541 218
0.382682 0.674543 55.402634 202
0.534582 0.656244 -3.810972 217
0.535827 0.844328 4.784654 232
0.447782 0.737755 -13.127541 218
-0.135539 0.372907 707.513659 116
-0.250954 0.479057 -123498.307534 114
-0.266847 0.353249 214094.095586 98
0.060580 0.300829 -2333.434079 136
-0.004231 0.392564 -7462.057104 135
-0.042554 0.274619 29062.587290 117
0.040329 0.180264 -9501.900822 129
0.060580 0.300829 -2333.434079 136
-0.042554 0.274619 29062.587290 117
0.163714 0.327039 -593.553766 153
0.123361 0.435810 1700.886826 154
0.060580 0.300829 -2333.434079 136
-0.080876 0.156675 -15595.742607 110
0.020079 0.059698 44945.020428 118
0.040329 0.180264 -9501.900822 129
0.266847 0.353249 -172.409515 172
0.250954 0.479057 -238.197207 171
0.123361 0.435810 1700.886826 154
-0.108431 0.494783 16852.340184 133
-0.250954 0.479057 -123498.307534 114
-0.135539 0.372907 707.513659 116
-0.004231 0.392564 -7462.057104 135
-0.108431 0.494783 16852.340184 133
-0.135539 0.372907 707.513659 116
0.034091 0.510509 -657.148623 151
0.072414 0.628453 1615.079153 169
-0.081324 0.616659 -8734.012717 152
0.034091 0.510509 -657.148623 151
0.123361 0.435810 1700.886826 154
0.134576 0.557687 -442.123269 168
0.381154 0.273894 4.675621 173
0.266847 0.353249 -172.409515 172
0.282741 0.227442 268.073948 155
0.413450 0.155828 -134.776442 174
0.445745 0.037763 -19.236333 170
0.571666 0.141635 28.331994 188
0.282741 0.227442 268.073948 155
0.413450 0.155828 -134.776442 174
0.381154 0.273894 4.675621 173
0.298634 0.101634 559.176612 156
0.445745 0.037763 -19.236333 170
0.413450 0.155828 -134.776442 174
0.577982 0.366799 -3.126532 208
0.512882 0.469380 -13.607302 207
0.422415 0.360024 16.759694 190
0.134576 0.557687 -442.123269 168
0.235061 0.604864 -148.002260 186
0.072414 0.628453 1615.079153 169
0.034091 0.510509 -657.148623 151
0.134576 0.557687 -442.123269 168
0.072414 0.628453 1615.079153 169
0.123361 0.435810 1700.886826 154
0.250954 0.479057 -238.197207 171
0.134576 0.557687 -442.123269 168
0.422415 0.360024 16.759694 190
0.349368 0.525509 68.166890 189
0.266847 0.353249 -172.409515 172
0.349368 0.525509 68.166890 189
0.235061 0.604864 -148.002260 186
0.250954 0.479057 -238.197207 171
0.266847 0.353249 -172.409515 172
0.349368 0.525509 68.166890 189
0.250954 0.479057 -238.197207 171
0.447782 0.571962 -19.515174 205
0.382682 0.674543 55.402634 202
0.349368 0.525509 68.166890 189
0.023973 0.872212 -5.994769 184
0.062791 0.998027 -19.900365 198
-0.062791 0.998027 121.935449 182
-0.089651 0.864346 -684.582585 166
0.023973 0.872212 -5.994769 184
-0.062791 0.998027 121.935449 182
-0.187381 0.982287 641.650549 165
-0.089651 0.864346 -684.582585 166
-0.062791 0.998027 121.935449 182
-0.203275 0.856480 -131.990559 149
-0.109200 0.735914 2487.124410 150
-0.089651 0.864346 -684.582585 166
0.000768 0.741156 1085.215147 167
0.110736 0.746398 -465.936171 183
0.023973 0.872212 -5.994769 184
0.219168 0.730672 -195.437057 187
0.110736 0.746398 -465.936171 183
0.072414 0.628453 1615.079153 169
0.203275 0.856480 112.018931 200
0.187381 0.982287 -27.600351 199
0.023973 0.872212 -5.994769 184
0.187381 0.982287 -27.600351 199
0.203275 0.856480 112.018931 200
0.309017 0.951057 -43.001625 214
-0.235061 0.604864 38614.686089 132
-0.250954 0.479057 -123498.307534 114
-0.108431 0.494783 16852.340184 133
-0.109200 0.735914 2487.124410 150
-0.203275 0.856480 -131.990559 149
-0.219168 0.730672 -4314.639055 134
0.072414 0.628453 1615.079153 169
0.000768 0.741156 1085.215147 167
-0.081324 0.616659 -8734.012717 152
0.000768 0.741156 1085.215147 167
0.023973 0.872212 -5.994769 184
-0.089651 0.864346 -684.582585 166
-0.219168 0.730672 -4314.639055 134
-0.317582 0.777124 4693.556615 131
-0.382682 0.674543 -18550.559352 115
-0.108431 0.494783 16852.340184 133
-0.081324 0.616659 -8734.012717 152
-0.235061 0.604864 38614.686089 132
-0.203275 0.856480 -131.990559 149
-0.317582 0.777124 4693.556615 131
-0.219168 0.730672 -4314.639055 134
0.809017 0.587785 -1.383523 235
0.708183 0.493222 -1.000679 238
0.876307 0.481754 0.901130 242
0.469331 -0.217723 -204.429051 178
0.443723 -0.339315 -420.890341 177
0.569181 -0.223917 88.303458 195
0.992115 -0.125333 0.614823 243
0.903483 -0.146108 -1.445458 239
0.968583 -0.248690 -0.059426 241
0.992115 -0.125333 0.614823 243
1.000000 -0.000000 0.795791 240
0.903483 -0.146108 -1.445458 239
-0.616669 -0.529062 -73530808.399080 25
-0.518255 -0.575515 12391446.342377 36
-0.486789 -0.444362 3386541.069561 38
-0.728969 -0.684547 -20889587.901485 14
-0.658410 -0.623625 -2788127.774631 24
-0.735953 -0.529892 95798715.701175 15
-0.433694 -0.622226 -1519420.429496 37
-0.409886 -0.779019 576479.273819 45
-0.349134 -0.668938 504562.076084 51
-0.637424 -0.770513 4489997.953149 19
-0.534148 -0.701322 -1928800.259440 31
-0.658410 -0.623625 -2788127.774631 24
-0.637424 -0.770513 4489997.953149 19
-0.535827 -0.844328 -208787.867872 30
-0.534148 -0.701322 -1928800.259440 31
0.664439 -0.453191 -15.260745 197
0.736206 -0.299972 -29.629793 212
0.592925 -0.376490 89.781928 194
0.736206 -0.299972 -29.629793 212
0.792049 -0.172045 7.247313 224
0.680615 -0.197981 -12.678465 209
0.929776 -0.368125 -3.531504 226
0.847640 -0.274036 3.296126 227
0.791796 -0.401964 8.426265 213
0.929776 -0.368125 -3.531504 226
0.968583 -0.248690 -0.059426 241
0.847640 -0.274036 3.296126 227
0.715365 -0.101593 1.840861 210
0.584401 -0.096754 -3.685287 192
0.680615 -0.197981 -12.678465 209
0.773283 0.059054 0.748424 215
0.715365 -0.101593 1.840861 210
0.838383 -0.043527 -0.875357 225
0.662567 0.006795 2.610000 201
0.708183 0.161636 -4.369858 204
0.571666 0.141635 28.331994 188
-0.592925 -0.376490 67460001.675984 33
-0.486789 -0.444362 3386541.069561 38
-0.443723 -0.339315 -30999915.739703 48
-0.791796 -0.401964 -799695544.883749 10
-0.664439 -0.453191 362298969.692702 20
-0.680489 -0.312940 -750443641.705940 21
-0.616669 -0.529062 -73530808.399080 25
-0.486789 -0.444362 3386541.069561 38
-0.592925 -0.376490 67460001.675984 33
-0.584401 -0.096754 66438581.271406 35
-0.569181 -0.223917 87482938.557724 34
-0.469331 -0.217723 -21018414.856983 49
-0.680489 -0.312940 -750443641.705940 21
-0.847640 -0.274036 3749135384.453014 11
-0.791796 -0.401964 -799695544.883749 10
-0.035536 -0.096906 9001.445805 104
-0.119199 0.038730 -231709.631507 100
-0.157522 -0.079215 20056.348281 85
-0.195844 -0.197159 -1715834.598182 84
-0.064278 -0.185365 229801.507031 103
-0.157522 -0.079215 20056.348281 85
0.196515 -0.037934 1949.087860 140
0.314527 -0.024174 -439.799176 157
0.298634 0.101634 559.176612 156
0.125317 0.034143 -9809.989842 128
0.196515 -0.037934 1949.087860 140
0.172130 0.119981 -4729.435741 137
-0.035536 -0.096906 9001.445805 104
0.078503 -0.051694 -4539.364127 122
0.020079 0.059698 44945.020428 118
-0.035536 -0.096906 9001.445805 104
0.067288 -0.173570 -20298.756656 121
0.078503 -0.051694 -4539.364127 122
0.198854 -0.161776 1651.209559 141
0.330420 -0.149981 -389.593296 160
0.196515 -0.037934 1949.087860 140
0.078503 -0.051694 -4539.364127 122
0.198854 -0.161776 1651.209559 141
0.196515 -0.037934 1949.087860 140
-0.001975 -0.299378 -115558.544113 107
0.114121 -0.291515 19879.791765 124
0.067288 -0.173570 -20298.756656 121
-0.065162 -0.389016 -79722.888110 106
-0.001975 -0.299378 -115558.544113 107
-0.118071 -0.307241 603114.745396 89
-0.145550 -0.426758 168575.721534 87
-0.065162 -0.389016 -79722.888110 106
-0.118071 -0.307241 603114.745396 89
-0.012254 -0.470791 10497.992738 105
0.108328 -0.414177 24440.945335 123
-0.065162 -0.389016 -79722.888110 106
-0.065162 -0.389016 -79722.888110 106
0.108328 -0.414177 24440.945335 123
-0.001975 -0.299378 -115558.544113 107
0.441136 -0.097722 182.904390 175
0.314527 -0.024174 -439.799176 157
0.330420 -0.149981 -389.593296 160
-0.035536 -0.096906 9001.445805 104
0.020079 0.059698 44945.020428 118
-0.119199 0.038730 -231709.631507 100
0.522968 0.251959 18.879569 191
0.643082 0.264217 -6.405263 206
0.577982 0.366799 -3.126532 208
0.381154 0.273894 4.675621 173
0.522968 0.251959 18.879569 191
0.422415 0.360024 16.759694 190
0.266847 0.353249 -172.409515 172
0.381154 0.273894 4.675621 173
0.422415 0.360024 16.759694 190
0.282741 0.227442 268.073948 155
0.298634 0.101634 559.176612 156
0.413450 0.155828 -134.776442 174
0.584401 -0.096754 -3.685287 192
0.441136 -0.097722 182.904390 175
0.469331 -0.217723 -204.429051 178
0.381154 0.273894 4.675621 173
0.413450 0.155828 -134.776442 174
0.522968 0.251959 18.879569 191
0.298634 0.101634 559.176612 156
0.314527 -0.024174 -439.799176 157
0.445745 0.037763 -19.236333 170
0.571666 0.141635 28.331994 188
0.708183 0.161636 -4.369858 204
0.643082 0.264217 -6.405263 206
0.413450 0.155828 -134.776442 174
0.571666 0.141635 28.331994 188
0.522968 0.251959 18.879569 191
0.662567 0.006795 2.610000 201
0.715365 -0.101593 1.840861 210
0.773283 0.059054 0.748424 215
0.708183 0.161636 -4.369858 204
0.662567 0.006795 2.610000 201
0.773283 0.059054 0.748424 215
0.543905 0.017440 -38.903068 185
0.584401 -0.096754 -3.685287 192
0.662567 0.006795 2.610000 201
0.445745 0.037763 -19.236333 170
0.543905 0.017440 -38.903068 185
0.571666 0.141635 28.331994 188
0.445745 0.037763 -19.236333 170
0.441136 -0.097722 182.904390 175
0.543905 0.017440 -38.903068 185
0.794983 0.245918 1.748058 220
0.968583 0.248690 -0.607702 230
0.929776 0.368125 -0.414352 237
0.773283 0.059054 0.748424 215
0.870933 0.153872 0.893562 219
0.708183 0.161636 -4.369858 204
0.773283 0.059054 0.748424 215
0.915249 0.040903 0.057630 228
0.870933 0.153872 0.893562 219
0.838383 -0.043527 -0.875357 225
0.903483 -0.146108 -1.445458 239
1.000000 -0.000000 0.795791 240
0.584401 -0.096754 -3.685287 192
0.569181 -0.223917 88.303458 195
0.680615 -0.197981 -12.678465 209
0.662567 0.006795 2.610000 201
0.584401 -0.096754 -3.685287 192
0.715365 -0.101593 1.840861 210
0.543905 0.017440 -38.903068 185
0.441136 -0.097722 182.904390 175
0.584401 -0.096754 -3.685287 192
0.662567 0.006795 2.610000 201
0.571666 0.141635 28.331994 188
0.543905 0.017440 -38.903068 185
0.330420 -0.149981 -389.593296 160
0.346313 -0.275789 1701.846652 161
0.469331 -0.217723 -204.429051 178
0.664439 -0.453191 -15.260745 197
0.592925 -0.376490 89.781928 194
0.616669 -0.529062 26.282202 181
0.735953 -0.529892 -1.088859 196
0.664439 -0.453191 -15.260745 197
0.616669 -0.529062 26.282202 181
0.735953 -0.529892 -1.088859 196
0.791796 -0.401964 8.426265 213
0.664439 -0.453191 -15.260745 197
0.838383 -0.043527 -0.875357 225
0.715365 -0.101593 1.840861 210
0.792049 -0.172045 7.247313 224
0.443723 -0.339315 -420.890341 177
0.346313 -0.275789 1701.846652 161
0.362206 -0.401597 1470.794862 159
0.584401 -0.096754 -3.685287 192
0.469331 -0.217723 -204.429051 178
0.569181 -0.223917 88.303458 195
0.441136 -0.097722 182.904390 175
0.330420 -0.149981 -389.593296 160
0.469331 -0.217723 -204.429051 178
0.915249 0.040903 0.057630 228
0.992115 0.125333 -0.205712 233
0.870933 0.153872 0.893562 219
0.219168 0.730672 -195.437057 187
0.360982 0.819266 18.976457 203
0.203275 0.856480 112.018931 200
0.110736 0.746398 -465.936171 183
0.219168 0.730672 -195.437057 187
0.203275 0.856480 112.018931 200
0.235061 0.604864 -148.002260 186
0.382682 0.674543 55.402634 202
0.219168 0.730672 -195.437057 187
0.123361 0.435810 1700.886826 154
-0.004231 0.392564 -7462.057104 135
0.060580 0.300829 -2333.434079 136
-0.081324 0.616659 -8734.012717 152
-0.108431 0.494783 16852.340184 133
0.034091 0.510509 -657.148623 151
0.000768 0.741156 1085.215147 167
-0.109200 0.735914 2487.124410 150
-0.081324 0.616659 -8734.012717 152
0.110736 0.746398 -465.936171 183
0.000768 0.741156 1085.215147 167
0.072414 0.628453 1615.079153 169
0.110736 0.746398 -465.936171 183
0.203275 0.856480 112.018931 200
0.023973 0.872212 -5.994769 184
-0.219168 0.730672 -4314.639055 134
-0.235061 0.604864 38614.686089 132
-0.081324 0.616659 -8734.012717 152
0.123361 0.435810 1700.886826 154
0.163714 0.327039 -593.553766 153
0.266847 0.353249 -172.409515 172
0.235061 0.604864 -148.002260 186
0.134576 0.557687 -442.123269 168
0.250954 0.479057 -238.197207 171
0.034091 0.510509 -657.148623 151
-0.004231 0.392564 -7462.057104 135
0.123361 0.435810 1700.886826 154
0.382682 0.674543 55.402634 202
0.360982 0.819266 18.976457 203
0.219168 0.730672 -195.437057 187
0.349368 0.525509 68.166890 189
0.382682 0.674543 55.402634 202
0.235061 0.604864 -148.002260 186
0.447782 0.571962 -19.515174 205
0.534582 0.656244 -3.810972 217
0.382682 0.674543 55.402634 202
-0.876307 0.481754 -1001461.411182 40
-0.708183 0.493222 4346476.617497 56
-0.809017 0.587785 -1081782.210525 55
-0.389865 0.411315 590421.168775 95
-0.250954 0.479057 -123498.307534 114
-0.349368 0.525509 -118858.250895 113
-0.162647 0.251030 -134887.417148 99
-0.135539 0.372907 707.513659 116
-0.266847 0.353249 214094.095586 98
-0.298634 0.101634 -3483773.893745 73
-0.189755 0.129154 431778.276995 93
-0.282741 0.227442 150643.600898 79
-0.042554 0.274619 29062.587290 117
-0.135539 0.372907 707.513659 116
-0.162647 0.251030 -134887.417148 99
-0.108431 0.494783 16852.340184 133
-0.004231 0.392564 -7462.057104 135
0.034091 0.510509 -657.148623 151
-0.282741 0.227442 150643.600898 79
-0.162647 0.251030 -134887.417148 99
-0.266847 0.353249 214094.095586 98
-0.042554 0.274619 29062.587290 117
-0.004231 0.392564 -7462.057104 135
-0.135539 0.372907 707.513659 116
0.167922 0.223510 3608.883769 147
0.172130 0.119981 -4729.435741 137
0.282741 0.227442 268.073948 155
0.060580 0.300829 -2333.434079 136
0.167922 0.223510 3608.883769 147
0.163714 0.327039 -593.553766 153
0.040329 0.180264 -9501.900822 129
0.172130 0.119981 -4729.435741 137
0.167922 0.223510 3608.883769 147
-0.080876 0.156675 -15595.742607 110
0.040329 0.180264 -9501.900822 129
-0.042554 0.274619 29062.587290 117
0.020079 0.059698 44945.020428 118
0.172130 0.119981 -4729.435741 137
0.040329 0.180264 -9501.900822 129
0.282741 0.227442 268.073948 155
0.266847 0.353249 -172.409515 172
0.163714 0.327039 -593.553766 153
-0.534582 0.656244 79346.651316 96
-0.535827 0.844328 -3991.095291 111
-0.637424 0.770513 -106526.146749 94
0.847640 -0.274036 3.296126 227
0.903483 -0.146108 -1.445458 239
0.792049 -0.172045 7.247313 224
0.968583 -0.248690 -0.059426 241
0.903483 -0.146108 -1.445458 239
0.847640 -0.274036 3.296126 227
0.791796 -0.401964 8.426265 213
0.735953 -0.529892 -1.088859 196
0.876307 -0.481754 -2.057958 211
0.929776 -0.368125 -3.531504 226
0.791796 -0.401964 8.426265 213
0.876307 -0.481754 -2.057958 211
0.592925 -0.376490 89.781928 194
0.569181 -0.223917 88.303458 195
0.443723 -0.339315 -420.890341 177
0.616669 -0.529062 26.282202 181
0.592925 -0.376490 89.781928 194
0.486789 -0.444362 -197.708817 176
0.736206 -0.299972 -29.629793 212
0.569181 -0.223917 88.303458 195
0.592925 -0.376490 89.781928 194
0.847640 -0.274036 3.296126 227
0.736206 -0.299972 -29.629793 212
0.791796 -0.401964 8.426265 213
0.680615 -0.197981 -12.678465 209
0.569181 -0.223917 88.303458 195
0.736206 -0.299972 -29.629793 212
0.378100 -0.527404 95.102498 158
0.486789 -0.444362 -197.708817 176
0.362206 -0.401597 1470.794862 159
0.518255 -0.575515 27.303771 164
0.393993 -0.653212 -62.339886 146
0.515708 -0.711863 -11.854517 162
0.486789 -0.444362 -197.708817 176
0.518255 -0.575515 27.303771 164
0.616669 -0.529062 26.282202 181
0.378100 -0.527404 95.102498 158
0.393993 -0.653212 -62.339886 146
0.518255 -0.575515 27.303771 164
0.658410 -0.623625 -7.861083 179
0.728969 -0.684547 0.614225 180
0.735953 -0.529892 -1.088859 196
0.196515 -0.037934 1949.087860 140
0.330420 -0.149981 -389.593296 160
0.314527 -0.024174 -439.799176 157
-0.195844 -0.197159 -1715834.598182 84
-0.118071 -0.307241 603114.745396 89
-0.064278 -0.185365 229801.507031 103
-0.118071 -0.307241 603114.745396 89
-0.234167 -0.315104 -1733337.017664 70
-0.145550 -0.426758 168575.721534 87
0.210774 -0.256132 -2312.270145 142
0.346313 -0.275789 1701.846652 161
0.330420 -0.149981 -389.593296 160
0.210774 -0.256132 -2312.270145 142
0.235267 -0.407887 -6784.021415 143
0.346313 -0.275789 1701.846652 161
0.067288 -0.173570 -20298.756656 121
0.114121 -0.291515 19879.791765 124
0.198854 -0.161776 1651.209559 141
0.108328 -0.414177 24440.945335 123
0.114121 -0.291515 19879.791765 124
-0.001975 -0.299378 -115558.544113 107
0.247982 -0.508533 -2798.421277 139
0.362206 -0.401597 1470.794862 159
0.235267 -0.407887 -6784.021415 143
0.443723 -0.339315 -420.890341 177
0.486789 -0.444362 -197.708817 176
0.592925 -0.376490 89.781928 194
0.346313 -0.275789 1701.846652 161
0.443723 -0.339315 -420.890341 177
0.469331 -0.217723 -204.429051 178
0.362206 -0.401597 1470.794862 159
0.486789 -0.444362 -197.708817 176
0.443723 -0.339315 -420.890341 177
0.518255 -0.575515 27.303771 164
0.658410 -0.623625 -7.861083 179
0.616669 -0.529062 26.282202 181
0.735953 -0.529892 -1.088859 196
0.809017 -0.587785 0.992401 193
0.876307 -0.481754 -2.057958 211
0.616669 -0.529062 26.282202 181
0.658410 -0.623625 -7.861083 179
0.735953 -0.529892 -1.088859 196
0.791796 -0.401964 8.426265 213
0.736206 -0.299972 -29.629793 212
0.664439 -0.453191 -15.260745 197
0.486789 -0.444362 -197.708817 176
0.378100 -0.527404 95.102498 158
0.518255 -0.575515 27.303771 164
0.728969 -0.684547 0.614225 180
0.809017 -0.587785 0.992401 193
0.735953 -0.529892 -1.088859 196
0.847640 -0.274036 3.296126 227
0.792049 -0.172045 7.247313 224
0.736206 -0.299972 -29.629793 212
0.838383 -0.043527 -0.875357 225
0.792049 -0.172045 7.247313 224
0.903483 -0.146108 -1.445458 239
0.715365 -0.101593 1.840861 210
0.680615 -0.197981 -12.678465 209
0.792049 -0.172045 7.247313 224
1.000000 -0.000000 0.795791 240
0.992115 0.125333 -0.205712 233
0.915249 0.040903 0.057630 228
0.295977 -0.844070 73.236530 125
0.177179 -0.862891 480.858513 109
0.309017 -0.951057 -134.532856 108
0.425779 -0.904827 -49.027144 126
0.295977 -0.844070 73.236530 125
0.309017 -0.951057 -134.532856 108
0.282937 -0.737084 -832.865477 127
0.177179 -0.862891 480.858513 109
0.295977 -0.844070 73.236530 125
0.062791 -0.998027 -1841.879129 72
0.060826 -0.904827 1129.496096 91
-0.062791 -0.998027 5337.994807 71
-0.272489 -0.433048 159939.960124 67
-0.234167 -0.315104 -1733337.017664 70
-0.362206 -0.401597 3484817.194443 53
-0.349134 -0.668938 504562.076084 51
-0.166657 -0.668938 -129514.810581 68
-0.219573 -0.550993 386526.839937 69
-0.005837 -0.810471 -5987.762929 101
-0.060826 -0.904827 -4543.681561 82
0.060826 -0.904827 1129.496096 91
0.177179 -0.862891 480.858513 109
-0.005837 -0.810471 -5987.762929 101
0.060826 -0.904827 1129.496096 91
-0.072500 -0.716116 12438.435941 83
-0.156928 -0.826197 41175.967535 81
-0.005837 -0.810471 -5987.762929 101
-0.272489 -0.433048 159939.960124 67
-0.219573 -0.550993 386526.839937 69
-0.145550 -0.426758 168575.721534 87
-0.321429 -0.833823 -68192.647935 46
-0.409886 -0.779019 576479.273819 45
-0.425779 -0.904827 -140539.881697 32
-0.232973 -0.888627 39262.353428 62
-0.321429 -0.833823 -68192.647935 46
-0.309017 -0.951057 43600.764473 47
-0.232973 -0.888627 39262.353428 62
-0.253031 -0.747568 -172183.681070 61
-0.321429 -0.833823 -68192.647935 46
-0.166657 -0.668938 -129514.810581 68
-0.253031 -0.747568 -172183.681070 61
-0.156928 -0.826197 41175.967535 81
-0.349134 -0.668938 504562.076084 51
-0.409886 -0.779019 576479.273819 45
-0.253031 -0.747568 -172183.681070 61
0.187381 -0.982287 -243.786196 90
0.060826 -0.904827 1129.496096 91
0.062791 -0.998027 -1841.879129 72
0.235267 -0.407887 -6784.021415 143
0.362206 -0.401597 1470.794862 159
0.346313 -0.275789 1701.846652 161
0.298781 -0.621760 1110.702262 138
0.378100 -0.527404 95.102498 158
0.247982 -0.508533 -2798.421277 139
0.518255 -0.575515 27.303771 164
0.515708 -0.711863 -11.854517 162
0.658410 -0.623625 -7.861083 179
0.298781 -0.621760 1110.702262 138
0.393993 -0.653212 -62.339886 146
0.378100 -0.527404 95.102498 158
0.141155 -0.577727 -5410.616170 120
0.164458 -0.730094 3084.374320 119
0.298781 -0.621760 1110.702262 138
0.108328 -0.414177 24440.945335 123
0.141155 -0.577727 -5410.616170 120
0.247982 -0.508533 -2798.421277 139
0.034327 -0.646921 -6026.789063 102
0.164458 -0.730094 3084.374320 119
0.141155 -0.577727 -5410.616170 120
0.108328 -0.414177 24440.945335 123
-0.012254 -0.470791 10497.992738 105
0.141155 -0.577727 -5410.616170 120
-0.072500 -0.716116 12438.435941 83
-0.005837 -0.810471 -5987.762929 101
0.034327 -0.646921 -6026.789063 102
0.282937 -0.737084 -832.865477 127
0.393993 -0.653212 -62.339886 146
0.298781 -0.621760 1110.702262 138
-0.005837 -0.810471 -5987.762929 101
0.177179 -0.862891 480.858513 109
0.164458 -0.730094 3084.374320 119
0.187381 -0.982287 -243.786196 90
0.177179 -0.862891 480.858513 109
0.060826 -0.904827 1129.496096 91
0.187381 -0.982287 -243.786196 90
0.309017 -0.951057 -134.532856 108
0.177179 -0.862891 480.858513 109
0.409886 -0.779019 150.105652 144
0.393993 -0.653212 -62.339886 146
0.282937 -0.737084 -832.865477 127
0.515708 -0.711863 -11.854517 162
0.637424 -0.770513 13.715949 163
0.658410 -0.623625 -7.861083 179
0.409886 -0.779019 150.105652 144
0.515708 -0.711863 -11.854517 162
0.393993 -0.653212 -62.339886 146
0.409886 -0.779019 150.105652 144
0.535827 -0.844328 -40.288484 145
0.515708 -0.711863 -11.854517 162
0.425779 -0.904827 -49.027144 126
0.409886 -0.779019 150.105652 144
0.295977 -0.844070 73.236530 125
-0.065162 -0.389016 -79722.888110 106
-0.145550 -0.426758 168575.721534 87
-0.115913 -0.510892 -59323.226370 88
-0.272489 -0.433048 159939.960124 67
-0.145550 -0.426758 168575.721534 87
-0.234167 -0.315104 -1733337.017664 70
-0.219573 -0.550993 386526.839937 69
-0.378100 -0.527404 -2621427.047436 52
-0.349134 -0.668938 504562.076084 51
-0.072500 -0.716116 12438.435941 83
-0.042377 -0.593453 39680.863725 86
-0.166657 -0.668938 -129514.810581 68
-0.272489 -0.433048 159939.960124 67
-0.378100 -0.527404 -2621427.047436 52
-0.219573 -0.550993 386526.839937 69
0.535827 -0.844328 -40.288484 145
0.409886 -0.779019 150.105652 144
0.425779 -0.904827 -49.027144 126
0.535827 -0.844328 -40.288484 145
0.637424 -0.770513 13.715949 163
0.515708 -0.711863 -11.854517 162
0.409886 -0.779019 150.105652 144
0.282937 -0.737084 -832.865477 127
0.295977 -0.844070 73.236530 125
0.637424 -0.770513 13.715949 163
0.728969 -0.684547 0.614225 180
0.658410 -0.623625 -7.861083 179
-0.309017 0.951057 -2387.101019 148
-0.203275 0.856480 -131.990559 149
-0.187381 0.982287 641.650549 165
-0.109200 0.735914 2487.124410 150
-0.219168 0.730672 -4314.639055 134
-0.081324 0.616659 -8734.012717 152
-0.187381 0.982287 641.650549 165
-0.203275 0.856480 -131.990559 149
-0.089651 0.864346 -684.582585 166
-0.219168 0.730672 -4314.639055 134
-0.382682 0.674543 -18550.559352 115
-0.235061 0.604864 38614.686089 132
-0.089651 0.864346 -684.582585 166
-0.109200 0.735914 2487.124410 150
0.000768 0.741156 1085.215147 167
-0.253031 -0.747568 -172183.681070 61
-0.166657 -0.668938 -129514.810581 68
-0.349134 -0.668938 504562.076084 51
-0.060826 -0.904827 -4543.681561 82
-0.156928 -0.826197 41175.967535 81
-0.187381 -0.982287 -23219.362657 63
-0.060826 -0.904827 -4543.681561 82
-0.005837 -0.810471 -5987.762929 101
-0.156928 -0.826197 41175.967535 81
-0.232973 -0.888627 39262.353428 62
-0.156928 -0.826197 41175.967535 81
-0.253031 -0.747568 -172183.681070 61
-0.187381 -0.982287 -23219.362657 63
-0.232973 -0.888627 39262.353428 62
-0.309017 -0.951057 43600.764473 47
-0.187381 -0.982287 -23219.362657 63
-0.156928 -0.826197 41175.967535 81
-0.232973 -0.888627 39262.353428 62
-0.062791 -0.998027 5337.994807 71
-0.060826 -0.904827 -4543.681561 82
-0.187381 -0.982287 -23219.362657 63
-0.042377 -0.593453 39680.863725 86
-0.072500 -0.716116 12438.435941 83
0.034327 -0.646921 -6026.789063 102
-0.012254 -0.470791 10497.992738 105
-0.042377 -0.593453 39680.863725 86
0.034327 -0.646921 -6026.789063 102
-0.115913 -0.510892 -59323.226370 88
-0.166657 -0.668938 -129514.810581 68
-0.042377 -0.593453 39680.863725 86
-0.518255 -0.575515 12391446.342377 36
-0.616669 -0.529062 -73530808.399080 25
-0.658410 -0.623625 -2788127.774631 24
-0.433694 -0.622226 -1519420.429496 37
-0.518255 -0.575515 12391446.342377 36
-0.534148 -0.701322 -1928800.259440 31
-0.409886 -0.779019 576479.273819 45
-0.433694 -0.622226 -1519420.429496 37
-0.534148 -0.701322 -1928800.259440 31
-0.349134 -0.668938 504562.076084 51
-0.378100 -0.527404 -2621427.047436 52
-0.433694 -0.622226 -1519420.429496 37
-0.378100 -0.527404 -2621427.047436 52
-0.486789 -0.444362 3386541.069561 38
-0.518255 -0.575515 12391446.342377 36
0.060826 -0.904827 1129.496096 91
-0.060826 -0.904827 -4543.681561 82
-0.062791 -0.998027 5337.994807 71
-0.534148 -0.701322 -1928800.259440 31
-0.535827 -0.844328 -208787.867872 30
-0.409886 -0.779019 576479.273819 45
-0.486789 -0.444362 3386541.069561 38
-0.378100 -0.527404 -2621427.047436 52
-0.362206 -0.401597 3484817.194443 53
-0.728969 -0.684547 -20889587.901485 14
-0.637424 -0.770513 4489997.953149 19
-0.658410 -0.623625 -2788127.774631 24
-0.321429 -0.833823 -68192.647935 46
-0.253031 -0.747568 -172183.681070 61
-0.409886 -0.779019 576479.273819 45
-0.346313 -0.275789 7410068.099184 64
-0.362206 -0.401597 3484817.194443 53
-0.234167 -0.315104 -1733337.017664 70
-0.195844 -0.197159 -1715834.598182 84
-0.346313 -0.275789 7410068.099184 64
-0.234167 -0.315104 -1733337.017664 70
-0.658594 0.038247 252235111.869737 29
-0.584401 -0.096754 66438581.271406 35
-0.515073 -0.029496 -65904204.415317 39
-0.330420 -0.149981 2996216.766522 66
-0.441136 -0.097722 -1565024.976182 50
-0.469331 -0.217723 -21018414.856983 49
-0.330420 -0.149981 2996216.766522 66
-0.314527 -0.024174 -2887805.497575 65
-0.441136 -0.097722 -1565024.976182 50
-0.321429 -0.833823 -68192.647935 46
-0.425779 -0.904827 -140539.881697 32
-0.309017 -0.951057 43600.764473 47
-0.378100 -0.527404 -2621427.047436 52
-0.518255 -0.575515 12391446.342377 36
-0.433694 -0.622226 -1519420.429496 37
-0.535827 -0.844328 -208787.867872 30
-0.425779 -0.904827 -140539.881697 32
-0.409886 -0.779019 576479.273819 45
0.298634 0.101634 559.176612 156
0.172130 0.119981 -4729.435741 137
0.196515 -0.037934 1949.087860 140
-0.216863 0.007278 1275921.611674 80
-0.157522 -0.079215 20056.348281 85
-0.119199 0.038730 -231709.631507 100
0.198854 -0.161776 1651.209559 141
0.210774 -0.256132 -2312.270145 142
0.330420 -0.149981 -389.593296 160
-0.118071 -0.307241 603114.745396 89
-0.195844 -0.197159 -1715834.598182 84
-0.234167 -0.315104 -1733337.017664 70
0.114121 -0.291515 19879.791765 124
0.235267 -0.407887 -6784.021415 143
0.210774 -0.256132 -2312.270145 142
0.114121 -0.291515 19879.791765 124
0.108328 -0.414177 24440.945335 123
0.235267 -0.407887 -6784.021415 143
0.198854 -0.161776 1651.209559 141
0.114121 -0.291515 19879.791765 124
0.210774 -0.256132 -2312.270145 142
0.067288 -0.173570 -20298.756656 121
-0.064278 -0.185365 229801.507031 103
-0.001975 -0.299378 -115558.544113 107
-0.012254 -0.470791 10497.992738 105
0.034327 -0.646921 -6026.789063 102
0.141155 -0.577727 -5410.616170 120
-0.064278 -0.185365 229801.507031 103
-0.035536 -0.096906 9001.445805 104
-0.157522 -0.079215 20056.348281 85
-0.001975 -0.299378 -115558.544113 107
-0.064278 -0.185365 229801.507031 103
-0.118071 -0.307241 603114.745396 89
0.067288 -0.173570 -20298.756656 121
-0.035536 -0.096906 9001.445805 104
-0.064278 -0.185365 229801.507031 103
-0.330420 -0.149981 2996216.766522 66
-0.195844 -0.197159 -1715834.598182 84
-0.157522 -0.079215 20056.348281 85
-0.330420 -0.149981 2996216.766522 66
-0.346313 -0.275789 7410068.099184 64
-0.195844 -0.197159 -1715834.598182 84
-0.658594 0.038247 252235111.869737 29
-0.576964 0.099699 -39919182.069083 44
-0.708183 0.161636 91356394.266581 28
-0.838383 -0.043527 4196364016.228591 12
-0.715365 -0.101593 -777982205.799916 23
-0.773283 0.059054 -647088587.061756 18
-0.584401 -0.096754 66438581.271406 35
-0.469331 -0.217723 -21018414.856983 49
-0.441136 -0.097722 -1565024.976182 50
-0.715365 -0.101593 -777982205.799916 23
-0.584401 -0.096754 66438581.271406 35
-0.658594 0.038247 252235111.869737 29
-0.773283 0.059054 -647088587.061756 18
-0.715365 -0.101593 -777982205.799916 23
-0.658594 0.038247 252235111.869737 29
-0.680615 -0.197981 99342440.986108 22
-0.569181 -0.223917 87482938.557724 34
-0.584401 -0.096754 66438581.271406 35
-0.792049 -0.172045 901474587.381121 13
-0.680615 -0.197981 99342440.986108 22
-0.715365 -0.101593 -777982205.799916 23
-0.792049 -0.172045 901474587.381121 13
-0.847640 -0.274036 3749135384.453014 11
-0.680489 -0.312940 -750443641.705940 21
-0.715365 -0.101593 -777982205.799916 23
-0.680615 -0.197981 99342440.986108 22
-0.584401 -0.096754 66438581.271406 35
-0.838383 -0.043527 4196364016.228591 12
-0.792049 -0.172045 901474587.381121 13
-0.715365 -0.101593 -777982205.799916 23
-0.314527 -0.024174 -2887805.497575 65
-0.298634 0.101634 -3483773.893745 73
-0.445745 0.037763 15770038.501598 54
-0.680489 -0.312940 -750443641.705940 21
-0.592925 -0.376490 67460001.675984 33
-0.569181 -0.223917 87482938.557724 34
-0.569181 -0.223917 87482938.557724 34
-0.592925 -0.376490 67460001.675984 33
-0.443723 -0.339315 -30999915.739703 48
-0.658410 -0.623625 -2788127.774631 24
-0.616669 -0.529062 -73530808.399080 25
-0.735953 -0.529892 95798715.701175 15
-0.658410 -0.623625 -2788127.774631 24
-0.534148 -0.701322 -1928800.259440 31
-0.518255 -0.575515 12391446.342377 36
-0.443723 -0.339315 -30999915.739703 48
-0.469331 -0.217723 -21018414.856983 49
-0.569181 -0.223917 87482938.557724 34
-0.362206 -0.401597 3484817.194443 53
-0.443723 -0.339315 -30999915.739703 48
-0.486789 -0.444362 3386541.069561 38
-0.362206 -0.401597 3484817.194443 53
-0.346313 -0.275789 7410068.099184 64
-0.443723 -0.339315 -30999915.739703 48
0.247982 -0.508533 -2798.421277 139
0.141155 -0.577727 -5410.616170 120
0.298781 -0.621760 1110.702262 138
-0.156928 -0.826197 41175.967535 81
-0.072500 -0.716116 12438.435941 83
-0.166657 -0.668938 -129514.810581 68
0.164458 -0.730094 3084.374320 119
0.177179 -0.862891 480.858513 109
0.282937 -0.737084 -832.865477 127
0.298781 -0.621760 1110.702262 138
0.164458 -0.730094 3084.374320 119
0.282937 -0.737084 -832.865477 127
0.034327 -0.646921 -6026.789063 102
-0.005837 -0.810471 -5987.762929 101
0.164458 -0.730094 3084.374320 119
0.108328 -0.414177 24440.945335 123
0.247982 -0.508533 -2798.421277 139
0.235267 -0.407887 -6784.021415 143
-0.115913 -0.510892 -59323.226370 88
-0.012254 -0.470791 10497.992738 105
-0.065162 -0.389016 -79722.888110 106
-0.219573 -0.550993 386526.839937 69
-0.115913 -0.510892 -59323.226370 88
-0.145550 -0.426758 168575.721534 87
-0.219573 -0.550993 386526.839937 69
-0.166657 -0.668938 -129514.810581 68
-0.115913 -0.510892 -59323.226370 88
-0.115913 -0.510892 -59323.226370 88
-0.042377 -0.593453 39680.863725 86
-0.012254 -0.470791 10497.992738 105
0.378100 -0.527404 95.102498 158
0.362206 -0.401597 1470.794862 159
0.247982 -0.508533 -2798.421277 139
